727226939	ACC	-0.4331009	3.14716	9.260822
727226948	ACC	-0.41874397	3.0705895	9.423533
727226958	ACC	-0.4426722	2.9940193	9.54796
727226967	ACC	-0.43788654	2.9413772	9.696316
727226977	ACC	-0.4235296	2.9318058	9.782457
727226986	ACC	-0.44745782	2.9222345	9.739387
727226996	ACC	-0.44745782	2.9413772	9.638887
727227005	ACC	-0.42831525	2.9940193	9.514461
727227015	ACC	-0.50488555	3.0753753	9.375677
727227024	ACC	-0.54317075	3.1519456	9.184252
727227034	ACC	-0.5288138	3.1902308	9.02154
727227043	ACC	-0.46660042	3.1998022	8.9210415
727227053	ACC	-0.42831525	3.214159	8.935398
727227062	ACC	-0.4235296	3.2093735	9.035896
727227072	ACC	-0.45224348	3.1710882	9.169894
727227081	ACC	-0.50488555	3.0753753	9.313464
727227091	ACC	-0.47138608	3.0514472	9.428319
727227100	ACC	-0.45702913	3.0323045	9.433105
727227110	ACC	-0.43788654	3.03709	9.452248
727227119	ACC	-0.4426722	3.0275187	9.447462
727227129	ACC	-0.46660042	3.065804	9.409177
727227138	ACC	-0.4953143	3.0705895	9.370892
727227148	ACC	-0.4953143	3.094518	9.3613205
727227157	ACC	-0.50488555	3.0993035	9.303893
727227167	ACC	-0.48095736	3.1088748	9.236894
727227176	ACC	-0.4953143	3.0993035	9.241679
727227186	ACC	-0.54317075	3.1280174	9.227323
727227195	ACC	-0.5766702	3.1136606	9.165109
727227205	ACC	-0.58624154	3.118446	9.160323
727227214	ACC	-0.5479564	3.1375887	9.203394
727227224	ACC	-0.5240282	3.1232316	9.222537
727227233	ACC	-0.50009996	3.1136606	9.2177515
727227243	ACC	-0.4953143	3.0993035	9.265608
727227252	ACC	-0.47138608	3.0753753	9.327821
727227262	ACC	-0.4953143	3.0610185	9.39482
727227271	ACC	-0.5383851	3.0562327	9.413962
727227281	ACC	-0.5192425	3.0610185	9.380463
727227290	ACC	-0.5096712	3.0849466	9.308679
727227300	ACC	-0.552742	3.1280174	9.2177515
727227309	ACC	-0.57188463	3.1758738	9.165109
727227319	ACC	-0.5623133	3.161517	9.179466
727227328	ACC	-0.58624154	3.1567314	9.17468
727227338	ACC	-0.6053841	3.1663027	9.136395
727227347	ACC	-0.6053841	3.1950164	9.160323
727227357	ACC	-0.55752766	3.1567314	9.198608
727227366	ACC	-0.50009996	3.118446	9.342177
727227376	ACC	-0.5623133	3.0993035	9.423533
727227385	ACC	-0.61016977	3.094518	9.385248
727227395	ACC	-0.6053841	3.1136606	9.294321
727227404	ACC	-0.60059845	3.1423743	9.212965
727227414	ACC	-0.5766702	3.1519456	9.184252
727227423	ACC	-0.5479564	3.1136606	9.198608
727227433	ACC	-0.54317075	3.1040893	9.236894
727227442	ACC	-0.5479564	3.1088748	9.275179
727227452	ACC	-0.5814559	3.1136606	9.275179
727227461	ACC	-0.58624154	3.1136606	9.25125
727227471	ACC	-0.567099	3.118446	9.28475
727227480	ACC	-0.5623133	3.1136606	9.303893
727227490	ACC	-0.567099	3.1088748	9.294321
727227499	ACC	-0.5623133	3.094518	9.303893
727227509	ACC	-0.5814559	3.1088748	9.256036
727227518	ACC	-0.53359944	3.1232316	9.246465
727227528	ACC	-0.552742	3.1040893	9.2177515
727227537	ACC	-0.54317075	3.1136606	9.203394
727227547	ACC	-0.5288138	3.1136606	9.193823
727227556	ACC	-0.5192425	3.0753753	9.265608
727227566	ACC	-0.5383851	3.065804	9.323035
727227575	ACC	-0.5096712	3.0753753	9.366106
727227585	ACC	-0.50488555	3.0753753	9.413962
727227594	ACC	-0.5288138	3.0849466	9.409177
727227604	ACC	-0.57188463	3.0849466	9.366106
727227613	ACC	-0.60059845	3.118446	9.303893
727227623	ACC	-0.5910272	3.1423743	9.25125
727227632	ACC	-0.55752766	3.1375887	9.227323
727227642	ACC	-0.5479564	3.1280174	9.212965
727227651	ACC	-0.55752766	3.1088748	9.198608
727227661	ACC	-0.55752766	3.118446	9.227323
727227670	ACC	-0.5479564	3.1136606	9.256036
727227680	ACC	-0.53359944	3.1088748	9.303893
727227689	ACC	-0.53359944	3.0753753	9.346964
727227699	ACC	-0.5623133	3.0849466	9.3613205
727227708	ACC	-0.567099	3.1088748	9.337392
727227718	ACC	-0.5766702	3.094518	9.31825
727227727	ACC	-0.552742	3.0897322	9.279964
727227737	ACC	-0.5766702	3.0801609	9.212965
727227746	ACC	-0.5766702	3.1088748	9.184252
727227756	ACC	-0.54317075	3.118446	9.165109
727227765	ACC	-0.552742	3.0993035	9.212965
727227775	ACC	-0.5479564	3.1040893	9.241679
727227784	ACC	-0.54317075	3.065804	9.303893
727227794	ACC	-0.5383851	3.0993035	9.351749
727227803	ACC	-0.54317075	3.0849466	9.370892
727227813	ACC	-0.5623133	3.0849466	9.337392
727227822	ACC	-0.58624154	3.094518	9.28475
727227832	ACC	-0.55752766	3.1088748	9.256036
727227841	ACC	-0.552742	3.0993035	9.28475
727227851	ACC	-0.552742	3.094518	9.2895355
727227860	ACC	-0.55752766	3.094518	9.313464
727227870	ACC	-0.5814559	3.0897322	9.299107
727227879	ACC	-0.57188463	3.0801609	9.270393
727227889	ACC	-0.59581286	3.118446	9.270393
727227898	ACC	-0.59581286	3.1280174	9.303893
727227908	ACC	-0.62931234	3.132803	9.337392
727227917	ACC	-0.62931234	3.1088748	9.313464
727227927	ACC	-0.5910272	3.1136606	9.208179
727227936	ACC	-0.5814559	3.1375887	9.169894
727227946	ACC	-0.5479564	3.118446	9.155538
727227955	ACC	-0.552742	3.0753753	9.17468
727227965	ACC	-0.55752766	3.065804	9.236894
727227974	ACC	-0.55752766	3.0897322	9.275179
727227984	ACC	-0.5240282	3.0849466	9.275179
727227993	ACC	-0.5192425	3.0849466	9.31825
727228003	ACC	-0.54317075	3.0801609	9.385248
727228012	ACC	-0.58624154	3.0801609	9.437891
727228022	ACC	-0.61016977	3.0897322	9.418748
727228031	ACC	-0.57188463	3.0897322	9.366106
727228041	ACC	-0.567099	3.0849466	9.342177
727228050	ACC	-0.55752766	3.1040893	9.275179
727228060	ACC	-0.5623133	3.118446	9.227323
727228069	ACC	-0.58624154	3.132803	9.246465
727228079	ACC	-0.5766702	3.1136606	9.2177515
727228088	ACC	-0.5623133	3.1088748	9.193823
727228098	ACC	-0.54317075	3.0993035	9.193823
727228107	ACC	-0.567099	3.0993035	9.208179
727228117	ACC	-0.5814559	3.0993035	9.265608
727228126	ACC	-0.5814559	3.0705895	9.346964
727228136	ACC	-0.5479564	3.0705895	9.332606
727228145	ACC	-0.567099	3.0849466	9.294321
727228155	ACC	-0.567099	3.0801609	9.260822
727228164	ACC	-0.567099	3.1088748	9.25125
727228173	ACC	-0.57188463	3.1280174	9.260822
727228183	ACC	-0.61016977	3.1375887	9.260822
727228192	ACC	-0.6149554	3.132803	9.256036
727228202	ACC	-0.58624154	3.1375887	9.265608
727228211	ACC	-0.567099	3.1232316	9.232108
727228221	ACC	-0.60059845	3.1232316	9.256036
727228230	ACC	-0.63888365	3.1567314	9.256036
727228240	ACC	-0.62452674	3.1280174	9.279964
727228249	ACC	-0.5814559	3.118446	9.28475
727228259	ACC	-0.55752766	3.094518	9.265608
727228268	ACC	-0.5814559	3.0753753	9.303893
727228278	ACC	-0.5814559	3.0705895	9.299107
727228287	ACC	-0.5766702	3.0610185	9.279964
727228297	ACC	-0.60059845	3.094518	9.256036
727228306	ACC	-0.61016977	3.1040893	9.275179
727228316	ACC	-0.5623133	3.0753753	9.313464
727228325	ACC	-0.5623133	3.0610185	9.308679
727228335	ACC	-0.58624154	3.0897322	9.275179
727228344	ACC	-0.57188463	3.118446	9.275179
727228354	ACC	-0.57188463	3.1136606	9.275179
727228363	ACC	-0.552742	3.1088748	9.265608
727228373	ACC	-0.54317075	3.1136606	9.222537
727228382	ACC	-0.5910272	3.1232316	9.189037
727228392	ACC	-0.60059845	3.1375887	9.184252
727228401	ACC	-0.567099	3.1136606	9.232108
727228411	ACC	-0.5623133	3.0801609	9.299107
727228420	ACC	-0.57188463	3.0753753	9.342177
727228430	ACC	-0.57188463	3.0705895	9.342177
727228439	ACC	-0.55752766	3.0610185	9.346964
727228449	ACC	-0.58624154	3.065804	9.342177
727228458	ACC	-0.567099	3.065804	9.299107
727228468	ACC	-0.59581286	3.0993035	9.260822
727228477	ACC	-0.59581286	3.1136606	9.275179
727228487	ACC	-0.5623133	3.1040893	9.279964
727228496	ACC	-0.57188463	3.1280174	9.275179
727228506	ACC	-0.54317075	3.1280174	9.232108
727228515	ACC	-0.5383851	3.1232316	9.227323
727228525	ACC	-0.5623133	3.1232316	9.25125
727228534	ACC	-0.5766702	3.132803	9.246465
727228544	ACC	-0.5814559	3.118446	9.236894
727228553	ACC	-0.57188463	3.094518	9.294321
727228563	ACC	-0.5479564	3.0610185	9.313464
727228572	ACC	-0.5623133	3.0418758	9.337392
727228582	ACC	-0.5910272	3.1136606	9.342177
727228591	ACC	-0.58624154	3.094518	9.342177
727228601	ACC	-0.55752766	3.0514472	9.346964
727228610	ACC	-0.54317075	3.013162	9.323035
727228620	ACC	-0.55752766	3.0466614	9.303893
727228629	ACC	-0.5479564	3.0562327	9.270393
727228639	ACC	-0.55752766	3.0753753	9.227323
727228648	ACC	-0.5240282	3.0801609	9.2177515
727228658	ACC	-0.5240282	3.0610185	9.241679
727228667	ACC	-0.5240282	3.0753753	9.25125
727228677	ACC	-0.54317075	3.0897322	9.260822
727228686	ACC	-0.5288138	3.1040893	9.2895355
727228696	ACC	-0.5240282	3.0849466	9.28475
727228705	ACC	-0.51445687	3.0705895	9.323035
727228715	ACC	-0.54317075	3.0849466	9.366106
727228724	ACC	-0.552742	3.0562327	9.356535
727228734	ACC	-0.5288138	3.03709	9.356535
727228743	ACC	-0.50488555	3.0705895	9.375677
727228753	ACC	-0.5623133	3.0753753	9.265608
727228762	ACC	-0.5814559	3.0897322	9.227323
727228772	ACC	-0.60059845	3.094518	9.232108
727228781	ACC	-0.5814559	3.0801609	9.241679
727228791	ACC	-0.5814559	3.0801609	9.246465
727228800	ACC	-0.60059845	3.0993035	9.25125
727228810	ACC	-0.567099	3.118446	9.265608
727228819	ACC	-0.54317075	3.1040893	9.28475
727228829	ACC	-0.53359944	3.0993035	9.260822
727228838	ACC	-0.5383851	3.0705895	9.260822
727228848	ACC	-0.5192425	3.0466614	9.303893
727228857	ACC	-0.53359944	3.0418758	9.313464
727228867	ACC	-0.50009996	3.0562327	9.323035
727228876	ACC	-0.4761717	3.0562327	9.327821
727228886	ACC	-0.46660042	3.065804	9.3613205
727228895	ACC	-0.50009996	3.03709	9.366106
727228905	ACC	-0.5383851	3.0562327	9.390035
727228914	ACC	-0.5240282	3.0753753	9.375677
727228924	ACC	-0.5240282	3.0562327	9.370892
727228933	ACC	-0.5192425	3.0562327	9.332606
727228943	ACC	-0.53359944	3.094518	9.275179
727228952	ACC	-0.5192425	3.0897322	9.236894
727228962	ACC	-0.5192425	3.065804	9.232108
727228971	ACC	-0.51445687	3.065804	9.212965
727228981	ACC	-0.53359944	3.0753753	9.2177515
727228990	ACC	-0.5096712	3.0610185	9.203394
727229000	ACC	-0.5096712	3.0562327	9.275179
727229009	ACC	-0.4953143	3.0275187	9.294321
727229019	ACC	-0.5192425	3.0275187	9.303893
727229028	ACC	-0.5096712	3.0466614	9.28475
727229038	ACC	-0.48095736	3.065804	9.28475
727229047	ACC	-0.49052864	3.0514472	9.28475
727229057	ACC	-0.5288138	3.0610185	9.265608
727229066	ACC	-0.5192425	3.0705895	9.270393
727229076	ACC	-0.5240282	3.0610185	9.303893
727229085	ACC	-0.5096712	3.0610185	9.31825
727229095	ACC	-0.50009996	3.0705895	9.332606
727229104	ACC	-0.51445687	3.0610185	9.342177
727229114	ACC	-0.5240282	3.0562327	9.327821
727229123	ACC	-0.5192425	3.0610185	9.31825
727229133	ACC	-0.50488555	3.0705895	9.332606
727229142	ACC	-0.54317075	3.0562327	9.299107
727229152	ACC	-0.5096712	3.0466614	9.270393
727229161	ACC	-0.4953143	3.03709	9.25125
727229171	ACC	-0.4953143	3.0323045	9.279964
727229180	ACC	-0.5288138	3.0514472	9.275179
727229190	ACC	-0.5192425	3.0418758	9.28475
727229199	ACC	-0.53359944	3.0323045	9.275179
727229209	ACC	-0.5240282	3.0275187	9.299107
727229218	ACC	-0.50488555	3.0514472	9.28475
727229228	ACC	-0.485743	3.0562327	9.275179
727229237	ACC	-0.47138608	3.0179477	9.270393
727229247	ACC	-0.47138608	3.0562327	9.313464
727229256	ACC	-0.46660042	3.0275187	9.327821
727229266	ACC	-0.46181476	3.0275187	9.303893
727229275	ACC	-0.47138608	3.0275187	9.31825
727229285	ACC	-0.47138608	3.0418758	9.323035
727229294	ACC	-0.5096712	3.0514472	9.31825
727229304	ACC	-0.5192425	3.0562327	9.299107
727229313	ACC	-0.50009996	3.0323045	9.256036
727229323	ACC	-0.50009996	3.03709	9.275179
727229332	ACC	-0.49052864	3.0323045	9.275179
727229342	ACC	-0.48095736	3.0275187	9.303893
727229351	ACC	-0.485743	2.998805	9.346964
727229361	ACC	-0.48095736	2.998805	9.342177
727229370	ACC	-0.48095736	3.0083764	9.366106
727229380	ACC	-0.4761717	3.0275187	9.3613205
727229389	ACC	-0.47138608	3.0227332	9.346964
727229399	ACC	-0.46181476	3.03709	9.327821
727229408	ACC	-0.485743	3.0562327	9.323035
727229418	ACC	-0.4953143	3.0418758	9.308679
727229427	ACC	-0.5096712	3.03709	9.2895355
727229437	ACC	-0.50488555	3.0466614	9.294321
727229446	ACC	-0.5192425	3.0562327	9.299107
727229456	ACC	-0.51445687	3.0275187	9.279964
727229465	ACC	-0.47138608	3.0179477	9.28475
727229475	ACC	-0.49052864	3.0179477	9.28475
727229484	ACC	-0.47138608	3.0466614	9.270393
727229494	ACC	-0.47138608	3.03709	9.275179
727229503	ACC	-0.46181476	3.0227332	9.2895355
727229513	ACC	-0.4761717	3.0035906	9.308679
727229522	ACC	-0.45224348	3.0179477	9.327821
727229532	ACC	-0.45224348	3.0083764	9.327821
727229541	ACC	-0.46181476	3.0323045	9.303893
727229551	ACC	-0.4426722	3.0275187	9.31825
727229560	ACC	-0.43788654	3.0179477	9.332606
727229570	ACC	-0.46181476	3.0227332	9.342177
727229579	ACC	-0.45224348	3.03709	9.313464
727229589	ACC	-0.45224348	3.0227332	9.313464
727229598	ACC	-0.45702913	3.0179477	9.299107
727229608	ACC	-0.46660042	3.0035906	9.270393
727229617	ACC	-0.485743	3.0083764	9.327821
727229627	ACC	-0.4953143	2.998805	9.342177
727229636	ACC	-0.485743	2.9892337	9.356535
727229646	ACC	-0.46660042	3.013162	9.370892
727229655	ACC	-0.45702913	2.9940193	9.356535
727229665	ACC	-0.4761717	3.0179477	9.313464
727229674	ACC	-0.49052864	3.03709	9.2895355
727229684	ACC	-0.485743	3.03709	9.270393
727229693	ACC	-0.5096712	3.0323045	9.270393
727229703	ACC	-0.4953143	3.0227332	9.260822
727229712	ACC	-0.485743	3.0035906	9.25125
727229722	ACC	-0.4426722	2.970091	9.279964
727229731	ACC	-0.4331009	2.9796624	9.303893
727229741	ACC	-0.42831525	3.0083764	9.303893
727229750	ACC	-0.40438703	2.9940193	9.370892
727229760	ACC	-0.4426722	2.9748766	9.437891
727229769	ACC	-0.41874397	2.9748766	9.447462
727229779	ACC	-0.43788654	2.9748766	9.433105
727229788	ACC	-0.42831525	3.0035906	9.428319
727229798	ACC	-0.4426722	2.9892337	9.413962
727229807	ACC	-0.46660042	2.9892337	9.375677
727229817	ACC	-0.48095736	2.9748766	9.308679
727229826	ACC	-0.4761717	3.013162	9.25125
727229836	ACC	-0.45702913	2.9940193	9.212965
727229845	ACC	-0.44745782	3.0083764	9.189037
727229855	ACC	-0.47138608	3.0035906	9.212965
727229864	ACC	-0.485743	2.9940193	9.227323
727229874	ACC	-0.4761717	2.9940193	9.232108
727229883	ACC	-0.47138608	2.984448	9.270393
727229893	ACC	-0.4331009	3.0035906	9.303893
727229902	ACC	-0.40917268	2.9892337	9.3613205
727229912	ACC	-0.42831525	2.9748766	9.366106
727229921	ACC	-0.41874397	2.9892337	9.380463
727229931	ACC	-0.4426722	2.984448	9.404391
727229940	ACC	-0.45702913	3.013162	9.375677
727229950	ACC	-0.50488555	3.0323045	9.337392
727229959	ACC	-0.5096712	3.0466614	9.31825
727229969	ACC	-0.47138608	3.0514472	9.275179
727229978	ACC	-0.46181476	3.0179477	9.246465
727229988	ACC	-0.45702913	3.0323045	9.265608
727229997	ACC	-0.46181476	3.0227332	9.28475
727230007	ACC	-0.45702913	3.0227332	9.275179
727230016	ACC	-0.44745782	3.0083764	9.294321
727230026	ACC	-0.43788654	3.0035906	9.308679
727230035	ACC	-0.45224348	2.984448	9.31825
727230045	ACC	-0.46181476	2.9892337	9.337392
727230054	ACC	-0.4761717	2.9748766	9.356535
727230064	ACC	-0.47138608	2.9605198	9.375677
727230073	ACC	-0.44745782	2.9892337	9.3613205
727230083	ACC	-0.43788654	2.9748766	9.342177
727230092	ACC	-0.45702913	2.9940193	9.327821
727230102	ACC	-0.45702913	3.0083764	9.294321
727230111	ACC	-0.4235296	3.0035906	9.275179
727230121	ACC	-0.4426722	3.0323045	9.260822
727230130	ACC	-0.4331009	3.013162	9.256036
727230140	ACC	-0.44745782	2.9940193	9.313464
727230149	ACC	-0.4426722	2.9892337	9.346964
727230159	ACC	-0.46181476	2.9892337	9.380463
727230168	ACC	-0.44745782	3.0035906	9.356535
727230178	ACC	-0.4331009	2.9940193	9.3613205
727230187	ACC	-0.45224348	2.9796624	9.342177
727230197	ACC	-0.45702913	2.998805	9.31825
727230206	ACC	-0.47138608	3.0227332	9.28475
727230216	ACC	-0.45702913	3.03709	9.279964
727230225	ACC	-0.46181476	3.0275187	9.294321
727230235	ACC	-0.45702913	3.0035906	9.327821
727230244	ACC	-0.4761717	2.9940193	9.327821
727230254	ACC	-0.485743	3.0179477	9.356535
727230263	ACC	-0.4953143	3.0179477	9.356535
727230273	ACC	-0.47138608	3.0035906	9.375677
727230282	ACC	-0.46660042	2.984448	9.390035
727230292	ACC	-0.47138608	2.9796624	9.332606
727230301	ACC	-0.41874397	2.9940193	9.270393
727230311	ACC	-0.43788654	2.9940193	9.25125
727230320	ACC	-0.4331009	2.998805	9.241679
727230330	ACC	-0.46181476	3.013162	9.222537
727230339	ACC	-0.46660042	2.998805	9.232108
727230349	ACC	-0.46181476	3.0035906	9.256036
727230358	ACC	-0.45224348	2.998805	9.308679
727230368	ACC	-0.45224348	2.998805	9.337392
727230377	ACC	-0.44745782	2.984448	9.370892
727230387	ACC	-0.45224348	2.984448	9.380463
727230396	ACC	-0.45224348	2.998805	9.39482
727230406	ACC	-0.46660042	3.0227332	9.380463
727230415	ACC	-0.44745782	3.013162	9.370892
727230425	ACC	-0.47138608	3.0083764	9.332606
727230434	ACC	-0.4761717	3.0227332	9.279964
727230444	ACC	-0.49052864	3.013162	9.279964
727230453	ACC	-0.51445687	3.0323045	9.337392
727230463	ACC	-0.5288138	3.0179477	9.3613205
727230472	ACC	-0.51445687	3.0323045	9.332606
727230482	ACC	-0.48095736	3.03709	9.294321
727230491	ACC	-0.485743	3.0418758	9.246465
727230501	ACC	-0.48095736	3.0514472	9.25125
727230510	ACC	-0.50009996	3.0610185	9.241679
727230520	ACC	-0.49052864	3.0514472	9.212965
727230529	ACC	-0.46181476	3.013162	9.227323
727230539	ACC	-0.4426722	2.9748766	9.265608
727230548	ACC	-0.4426722	2.9892337	9.308679
727230558	ACC	-0.42831525	3.0083764	9.351749
727230567	ACC	-0.42831525	3.0035906	9.390035
727230577	ACC	-0.42831525	3.013162	9.418748
727230586	ACC	-0.45224348	3.013162	9.409177
727230596	ACC	-0.49052864	3.0179477	9.375677
727230605	ACC	-0.5240282	3.0514472	9.342177
727230615	ACC	-0.5096712	3.065804	9.303893
727230624	ACC	-0.4953143	3.0514472	9.299107
727230634	ACC	-0.49052864	3.0323045	9.308679
727230643	ACC	-0.4953143	3.0035906	9.308679
727230653	ACC	-0.485743	3.0323045	9.275179
727230662	ACC	-0.47138608	3.0323045	9.265608
727230672	ACC	-0.47138608	3.0466614	9.279964
727230681	ACC	-0.48095736	3.0323045	9.279964
727230691	ACC	-0.46181476	3.013162	9.279964
727230700	ACC	-0.46660042	3.0035906	9.2895355
727230710	ACC	-0.4761717	3.0179477	9.279964
727230719	ACC	-0.48095736	3.0275187	9.28475
727230729	ACC	-0.47138608	3.0179477	9.308679
727230738	ACC	-0.45224348	3.0179477	9.2895355
727230748	ACC	-0.50009996	3.03709	9.275179
727230757	ACC	-0.50009996	3.0514472	9.303893
727230767	ACC	-0.5192425	3.0418758	9.31825
727230776	ACC	-0.5383851	3.0514472	9.294321
727230786	ACC	-0.5288138	3.0610185	9.294321
727230795	ACC	-0.5240282	3.0466614	9.279964
727230805	ACC	-0.5192425	3.0705895	9.275179
727230814	ACC	-0.4953143	3.0323045	9.303893
727230824	ACC	-0.4761717	3.0227332	9.299107
727230833	ACC	-0.4761717	3.0323045	9.279964
727230843	ACC	-0.4761717	3.0227332	9.323035
727230852	ACC	-0.51445687	3.013162	9.346964
727230862	ACC	-0.5096712	3.0227332	9.346964
727230871	ACC	-0.50488555	3.0227332	9.366106
727230881	ACC	-0.4761717	3.013162	9.332606
727230890	ACC	-0.49052864	2.998805	9.31825
727230900	ACC	-0.4953143	3.0275187	9.303893
727230909	ACC	-0.49052864	3.0227332	9.275179
727230919	ACC	-0.47138608	3.0323045	9.270393
727230928	ACC	-0.46660042	3.0466614	9.260822
727230938	ACC	-0.47138608	3.0514472	9.275179
727230947	ACC	-0.485743	3.0418758	9.28475
727230957	ACC	-0.49052864	3.0275187	9.31825
727230966	ACC	-0.49052864	3.013162	9.342177
727230976	ACC	-0.49052864	3.0179477	9.342177
727230985	ACC	-0.46660042	3.013162	9.351749
727230995	ACC	-0.485743	2.998805	9.342177
727231004	ACC	-0.50009996	3.0179477	9.323035
727231014	ACC	-0.49052864	3.03709	9.303893
727231023	ACC	-0.50009996	3.0179477	9.279964
727231033	ACC	-0.4953143	3.0514472	9.270393
727231042	ACC	-0.50488555	3.03709	9.294321
727231052	ACC	-0.5240282	3.03709	9.299107
727231061	ACC	-0.5288138	3.0610185	9.2895355
727231071	ACC	-0.5288138	3.0514472	9.342177
727231080	ACC	-0.5192425	3.0514472	9.342177
727231090	ACC	-0.485743	3.0514472	9.303893
727231099	ACC	-0.46181476	3.0275187	9.299107
727231109	ACC	-0.47138608	3.0323045	9.332606
727231118	ACC	-0.5192425	3.0418758	9.327821
727231128	ACC	-0.5096712	3.0275187	9.299107
727231137	ACC	-0.4953143	3.0227332	9.294321
727231147	ACC	-0.4761717	3.0179477	9.246465
727231156	ACC	-0.46660042	3.013162	9.241679
727231166	ACC	-0.485743	3.0323045	9.25125
727231175	ACC	-0.50009996	3.0323045	9.299107
727231185	ACC	-0.4953143	3.0083764	9.337392
727231194	ACC	-0.485743	3.0227332	9.356535
727231204	ACC	-0.4953143	3.0227332	9.346964
727231213	ACC	-0.48095736	3.0418758	9.31825
727231223	ACC	-0.5096712	3.0418758	9.308679
727231232	ACC	-0.54317075	3.0275187	9.332606
727231242	ACC	-0.552742	3.0323045	9.31825
727231251	ACC	-0.54317075	3.0323045	9.327821
727231261	ACC	-0.5479564	3.0179477	9.327821
727231270	ACC	-0.5383851	3.013162	9.323035
727231279	ACC	-0.5240282	3.0275187	9.31825
727231289	ACC	-0.552742	3.0418758	9.299107
727231298	ACC	-0.5288138	3.0418758	9.294321
727231308	ACC	-0.4953143	3.0514472	9.275179
727231317	ACC	-0.50488555	3.0610185	9.246465
727231327	ACC	-0.485743	3.0227332	9.203394
727231336	ACC	-0.48095736	3.0179477	9.203394
727231346	ACC	-0.48095736	3.03709	9.212965
727231355	ACC	-0.46181476	3.0323045	9.275179
727231365	ACC	-0.48095736	3.0275187	9.375677
727231374	ACC	-0.49052864	3.03709	9.409177
727231384	ACC	-0.485743	3.03709	9.423533
727231393	ACC	-0.50009996	3.0514472	9.428319
727231403	ACC	-0.5096712	3.0514472	9.39482
727231412	ACC	-0.50488555	3.0562327	9.346964
727231422	ACC	-0.5240282	3.0562327	9.323035
727231431	ACC	-0.5240282	3.0466614	9.303893
727231441	ACC	-0.552742	3.03709	9.299107
727231450	ACC	-0.53359944	3.0514472	9.279964
727231460	ACC	-0.51445687	3.0418758	9.260822
727231469	ACC	-0.4953143	3.0562327	9.256036
727231479	ACC	-0.4953143	3.0275187	9.265608
727231488	ACC	-0.50488555	3.03709	9.270393
727231498	ACC	-0.50488555	3.0514472	9.275179
727231507	ACC	-0.51445687	3.0275187	9.303893
727231517	ACC	-0.50488555	3.0514472	9.299107
727231526	ACC	-0.5192425	3.0514472	9.270393
727231536	ACC	-0.5192425	3.0562327	9.260822
727231545	ACC	-0.5096712	3.0562327	9.260822
727231555	ACC	-0.5240282	3.0514472	9.294321
727231564	ACC	-0.5288138	3.0705895	9.313464
727231574	ACC	-0.53359944	3.0610185	9.303893
727231583	ACC	-0.5479564	3.0753753	9.28475
727231593	ACC	-0.5623133	3.065804	9.260822
727231602	ACC	-0.5479564	3.065804	9.256036
727231612	ACC	-0.5479564	3.0466614	9.25125
727231621	ACC	-0.5288138	3.0753753	9.265608
727231631	ACC	-0.5192425	3.0418758	9.299107
727231640	ACC	-0.5288138	3.0323045	9.294321
727231650	ACC	-0.5096712	3.0227332	9.313464
727231659	ACC	-0.5096712	3.0514472	9.346964
727231669	ACC	-0.51445687	3.0275187	9.3613205
727231678	ACC	-0.53359944	3.0418758	9.346964
727231688	ACC	-0.5240282	3.0466614	9.313464
727231697	ACC	-0.5288138	3.03709	9.270393
727231707	ACC	-0.53359944	3.0610185	9.241679
727231716	ACC	-0.5479564	3.0562327	9.256036
727231726	ACC	-0.5288138	3.0466614	9.28475
727231735	ACC	-0.5096712	3.0562327	9.294321
727231745	ACC	-0.51445687	3.0418758	9.294321
727231754	ACC	-0.4953143	3.0562327	9.31825
727231764	ACC	-0.5288138	3.0466614	9.332606
727231773	ACC	-0.54317075	3.03709	9.303893
727231783	ACC	-0.5383851	3.0418758	9.275179
727231792	ACC	-0.5288138	3.0514472	9.260822
727231802	ACC	-0.51445687	3.03709	9.2895355
727231811	ACC	-0.5192425	3.03709	9.327821
727231821	ACC	-0.5383851	3.0514472	9.327821
727231830	ACC	-0.5383851	3.0610185	9.31825
727231840	ACC	-0.53359944	3.0562327	9.332606
727231849	ACC	-0.5479564	3.0610185	9.313464
727231859	ACC	-0.53359944	3.0753753	9.303893
727231868	ACC	-0.5623133	3.0753753	9.294321
727231878	ACC	-0.552742	3.0753753	9.299107
727231887	ACC	-0.5192425	3.0753753	9.323035
727231897	ACC	-0.50009996	3.0466614	9.31825
727231906	ACC	-0.53359944	3.0323045	9.303893
727231916	ACC	-0.53359944	3.03709	9.260822
727231925	ACC	-0.5192425	3.0418758	9.260822
727231935	ACC	-0.54317075	3.0514472	9.275179
727231944	ACC	-0.5288138	3.03709	9.265608
727231954	ACC	-0.5192425	3.0227332	9.299107
727231963	ACC	-0.4953143	3.0227332	9.299107
727231973	ACC	-0.4953143	3.03709	9.323035
727231982	ACC	-0.50488555	3.0514472	9.313464
727231992	ACC	-0.5288138	3.065804	9.299107
727232001	ACC	-0.5383851	3.0753753	9.279964
727232011	ACC	-0.5288138	3.0753753	9.256036
727232020	ACC	-0.5288138	3.0514472	9.279964
727232030	ACC	-0.5623133	3.0514472	9.2895355
727232039	ACC	-0.55752766	3.0466614	9.323035
727232049	ACC	-0.5623133	3.0418758	9.332606
727232058	ACC	-0.5814559	3.0418758	9.356535
727232068	ACC	-0.6053841	3.0610185	9.356535
727232077	ACC	-0.5814559	3.0610185	9.332606
727232087	ACC	-0.5814559	3.0562327	9.308679
727232096	ACC	-0.55752766	3.0705895	9.28475
727232106	ACC	-0.552742	3.0993035	9.265608
727232115	ACC	-0.5240282	3.0753753	9.212965
727232125	ACC	-0.49052864	3.0753753	9.203394
727232134	ACC	-0.485743	3.0466614	9.212965
727232144	ACC	-0.50009996	3.0227332	9.241679
727232153	ACC	-0.50009996	3.0323045	9.260822
727232163	ACC	-0.50009996	3.0466614	9.313464
727232172	ACC	-0.51445687	3.0466614	9.375677
727232182	ACC	-0.53359944	3.0514472	9.418748
727232191	ACC	-0.54317075	3.0466614	9.452248
727232201	ACC	-0.54317075	3.0418758	9.447462
727232210	ACC	-0.552742	3.0562327	9.404391
727232220	ACC	-0.567099	3.065804	9.323035
727232229	ACC	-0.5623133	3.065804	9.256036
727232239	ACC	-0.55752766	3.0705895	9.222537
727232248	ACC	-0.552742	3.0705895	9.212965
727232258	ACC	-0.5192425	3.0753753	9.203394
727232267	ACC	-0.51445687	3.0610185	9.232108
727232277	ACC	-0.5288138	3.0514472	9.256036
727232286	ACC	-0.53359944	3.0418758	9.275179
727232296	ACC	-0.53359944	3.0514472	9.25125
727232305	ACC	-0.5240282	3.0610185	9.265608
727232315	ACC	-0.5240282	3.065804	9.308679
727232324	ACC	-0.5288138	3.0562327	9.303893
727232334	ACC	-0.5240282	3.0418758	9.294321
727232343	ACC	-0.5240282	3.03709	9.294321
727232353	ACC	-0.5383851	3.0562327	9.308679
727232362	ACC	-0.552742	3.0753753	9.31825
727232372	ACC	-0.55752766	3.0849466	9.294321
727232381	ACC	-0.567099	3.0849466	9.279964
727232391	ACC	-0.54317075	3.0753753	9.2895355
727232400	ACC	-0.55752766	3.094518	9.260822
727232410	ACC	-0.54317075	3.0849466	9.260822
727232419	ACC	-0.54317075	3.0753753	9.236894
727232429	ACC	-0.55752766	3.0705895	9.256036
727232438	ACC	-0.5623133	3.0849466	9.260822
727232448	ACC	-0.55752766	3.0514472	9.299107
727232457	ACC	-0.567099	3.0466614	9.337392
727232467	ACC	-0.55752766	3.0466614	9.327821
727232476	ACC	-0.54317075	3.0466614	9.351749
727232486	ACC	-0.54317075	3.0227332	9.313464
727232495	ACC	-0.5623133	3.0514472	9.31825
727232505	ACC	-0.5479564	3.0705895	9.308679
727232514	ACC	-0.552742	3.0610185	9.265608
727232524	ACC	-0.5192425	3.0753753	9.265608
727232533	ACC	-0.5479564	3.0753753	9.270393
727232543	ACC	-0.5288138	3.0705895	9.279964
727232552	ACC	-0.50488555	3.0610185	9.28475
727232562	ACC	-0.53359944	3.0610185	9.28475
727232571	ACC	-0.55752766	3.0275187	9.303893
727232581	ACC	-0.55752766	3.0418758	9.313464
727232590	ACC	-0.54317075	3.065804	9.313464
727232600	ACC	-0.53359944	3.065804	9.308679
727232609	ACC	-0.51445687	3.0514472	9.308679
727232619	ACC	-0.5383851	3.0514472	9.294321
727232628	ACC	-0.5814559	3.0418758	9.275179
727232638	ACC	-0.5814559	3.0801609	9.256036
727232647	ACC	-0.567099	3.0897322	9.25125
727232657	ACC	-0.5479564	3.0753753	9.2895355
727232666	ACC	-0.552742	3.0753753	9.308679
727232676	ACC	-0.54317075	3.065804	9.346964
727232685	ACC	-0.5479564	3.0753753	9.342177
727232695	ACC	-0.552742	3.0466614	9.323035
727232704	ACC	-0.55752766	3.0514472	9.303893
727232714	ACC	-0.54317075	3.0610185	9.2895355
727232723	ACC	-0.5288138	3.0514472	9.279964
727232733	ACC	-0.5383851	3.0610185	9.275179
727232742	ACC	-0.5383851	3.0323045	9.256036
727232752	ACC	-0.51445687	3.0562327	9.275179
727232761	ACC	-0.5288138	3.0610185	9.294321
727232771	ACC	-0.5383851	3.0610185	9.279964
727232780	ACC	-0.53359944	3.0418758	9.2895355
727232790	ACC	-0.50488555	3.0514472	9.308679
727232799	ACC	-0.5240282	3.0418758	9.294321
727232809	ACC	-0.5192425	3.0610185	9.308679
727232818	ACC	-0.54317075	3.0514472	9.308679
727232828	ACC	-0.55752766	3.0562327	9.299107
727232837	ACC	-0.5623133	3.0418758	9.313464
727232847	ACC	-0.57188463	3.0466614	9.308679
727232856	ACC	-0.5623133	3.0418758	9.332606
727232866	ACC	-0.58624154	3.0418758	9.342177
727232875	ACC	-0.59581286	3.0562327	9.351749
727232885	ACC	-0.58624154	3.0610185	9.337392
727232894	ACC	-0.57188463	3.065804	9.337392
727232904	ACC	-0.57188463	3.065804	9.303893
727232913	ACC	-0.5623133	3.0753753	9.256036
727232923	ACC	-0.5623133	3.0849466	9.236894
727232932	ACC	-0.567099	3.0801609	9.222537
727232942	ACC	-0.5288138	3.0610185	9.208179
727232951	ACC	-0.53359944	3.0466614	9.2177515
727232961	ACC	-0.5383851	3.0514472	9.232108
727232970	ACC	-0.5240282	3.0705895	9.28475
727232980	ACC	-0.5096712	3.0466614	9.308679
727232989	ACC	-0.5240282	3.03709	9.342177
727232999	ACC	-0.5383851	3.0466614	9.399606
727233008	ACC	-0.5766702	3.0466614	9.447462
727233018	ACC	-0.58624154	3.03709	9.442677
727233027	ACC	-0.5623133	3.0514472	9.399606
727233037	ACC	-0.552742	3.0562327	9.332606
727233046	ACC	-0.5623133	3.0849466	9.28475
727233055	ACC	-0.5623133	3.0610185	9.232108
727233065	ACC	-0.567099	3.0897322	9.198608
727233074	ACC	-0.5383851	3.0801609	9.179466
727233084	ACC	-0.54317075	3.0753753	9.193823
727233093	ACC	-0.54317075	3.0801609	9.2177515
727233103	ACC	-0.53359944	3.0514472	9.270393
727233112	ACC	-0.54317075	3.0418758	9.303893
727233122	ACC	-0.552742	3.065804	9.337392
727233131	ACC	-0.55752766	3.0514472	9.346964
727233141	ACC	-0.54317075	3.0562327	9.337392
727233150	ACC	-0.5479564	3.0610185	9.308679
727233160	ACC	-0.5479564	3.065804	9.2895355
727233169	ACC	-0.55752766	3.0801609	9.232108
727233179	ACC	-0.5623133	3.094518	9.246465
727233188	ACC	-0.5910272	3.0897322	9.246465
727233198	ACC	-0.5910272	3.094518	9.236894
727233207	ACC	-0.5814559	3.0897322	9.246465
727233217	ACC	-0.5766702	3.1136606	9.270393
727233226	ACC	-0.57188463	3.0897322	9.303893
727233236	ACC	-0.567099	3.0753753	9.323035
727233245	ACC	-0.55752766	3.065804	9.327821
727233255	ACC	-0.55752766	3.065804	9.327821
727233264	ACC	-0.5288138	3.0562327	9.313464
727233274	ACC	-0.552742	3.065804	9.323035
727233283	ACC	-0.552742	3.0514472	9.327821
727233293	ACC	-0.567099	3.0323045	9.323035
727233302	ACC	-0.57188463	3.0418758	9.308679
727233312	ACC	-0.5623133	3.0610185	9.275179
727233321	ACC	-0.552742	3.0610185	9.241679
727233331	ACC	-0.567099	3.0753753	9.246465
727233340	ACC	-0.5814559	3.0753753	9.236894
727233350	ACC	-0.5479564	3.0897322	9.265608
727233359	ACC	-0.5240282	3.0753753	9.275179
727233369	ACC	-0.54317075	3.0562327	9.28475
727233378	ACC	-0.5479564	3.0514472	9.327821
727233388	ACC	-0.53359944	3.0227332	9.337392
727233397	ACC	-0.5479564	3.0418758	9.313464
727233407	ACC	-0.552742	3.0466614	9.299107
727233416	ACC	-0.567099	3.0514472	9.31825
727233426	ACC	-0.567099	3.0610185	9.31825
727233435	ACC	-0.55752766	3.0705895	9.294321
727233445	ACC	-0.567099	3.0753753	9.236894
727233454	ACC	-0.5383851	3.0705895	9.232108
727233464	ACC	-0.5623133	3.065804	9.246465
727233473	ACC	-0.567099	3.0753753	9.279964
727233483	ACC	-0.5766702	3.094518	9.2895355
727233492	ACC	-0.5766702	3.0897322	9.323035
727233502	ACC	-0.5623133	3.0753753	9.337392
727233511	ACC	-0.5383851	3.0849466	9.332606
727233521	ACC	-0.54317075	3.0705895	9.308679
727233530	ACC	-0.5479564	3.0562327	9.332606
727233540	ACC	-0.5814559	3.0610185	9.323035
727233549	ACC	-0.5623133	3.065804	9.294321
727233559	ACC	-0.5479564	3.0466614	9.265608
727233568	ACC	-0.552742	3.0514472	9.241679
727233578	ACC	-0.55752766	3.0562327	9.25125
727233587	ACC	-0.5623133	3.0514472	9.275179
727233597	ACC	-0.5383851	3.0610185	9.2895355
727233606	ACC	-0.53359944	3.0514472	9.2895355
727233616	ACC	-0.53359944	3.0801609	9.313464
727233625	ACC	-0.5288138	3.0562327	9.313464
727233635	ACC	-0.54317075	3.0514472	9.323035
727233644	ACC	-0.5623133	3.0705895	9.303893
727233654	ACC	-0.567099	3.065804	9.275179
727233663	ACC	-0.5383851	3.065804	9.260822
727233673	ACC	-0.54317075	3.065804	9.260822
727233682	ACC	-0.552742	3.0610185	9.2895355
727233692	ACC	-0.552742	3.0705895	9.323035
727233701	ACC	-0.5910272	3.065804	9.342177
727233711	ACC	-0.60059845	3.0514472	9.342177
727233720	ACC	-0.61016977	3.0466614	9.366106
727233730	ACC	-0.58624154	3.0849466	9.351749
727233739	ACC	-0.5910272	3.065804	9.327821
727233749	ACC	-0.60059845	3.0849466	9.279964
727233758	ACC	-0.58624154	3.094518	9.236894
727233768	ACC	-0.5814559	3.1040893	9.160323
727233777	ACC	-0.54317075	3.0993035	9.169894
727233787	ACC	-0.5383851	3.0753753	9.189037
727233796	ACC	-0.5479564	3.0466614	9.227323
727233806	ACC	-0.53359944	3.0514472	9.265608
727233815	ACC	-0.485743	3.0514472	9.299107
727233825	ACC	-0.50488555	3.03709	9.3613205
727233834	ACC	-0.5383851	3.0562327	9.409177
727233844	ACC	-0.5623133	3.0466614	9.418748
727233853	ACC	-0.59581286	3.03709	9.428319
727233863	ACC	-0.5814559	3.065804	9.385248
727233872	ACC	-0.55752766	3.0610185	9.332606
727233882	ACC	-0.55752766	3.065804	9.256036
727233891	ACC	-0.567099	3.0897322	9.222537
727233901	ACC	-0.55752766	3.094518	9.212965
727233910	ACC	-0.5623133	3.0849466	9.25125
727233920	ACC	-0.5623133	3.0849466	9.25125
727233929	ACC	-0.5288138	3.0753753	9.270393
727233939	ACC	-0.54317075	3.065804	9.260822
727233948	ACC	-0.552742	3.0562327	9.28475
727233958	ACC	-0.5623133	3.065804	9.279964
727233967	ACC	-0.5814559	3.0705895	9.308679
727233977	ACC	-0.552742	3.0610185	9.31825
727233986	ACC	-0.5623133	3.0610185	9.275179
727233996	ACC	-0.51445687	3.0705895	9.227323
727234005	ACC	-0.552742	3.0801609	9.236894
727234015	ACC	-0.55752766	3.0897322	9.227323
727234024	ACC	-0.5910272	3.1040893	9.256036
727234034	ACC	-0.5910272	3.0897322	9.265608
727234043	ACC	-0.5910272	3.0993035	9.28475
727234053	ACC	-0.5814559	3.0993035	9.2895355
727234062	ACC	-0.567099	3.0897322	9.28475
727234072	ACC	-0.552742	3.0849466	9.294321
727234081	ACC	-0.567099	3.1040893	9.303893
727234091	ACC	-0.58624154	3.094518	9.327821
727234100	ACC	-0.5766702	3.0610185	9.31825
727234110	ACC	-0.55752766	3.0418758	9.31825
727234119	ACC	-0.5479564	3.0466614	9.313464
727234129	ACC	-0.5623133	3.0514472	9.31825
727234138	ACC	-0.57188463	3.0562327	9.294321
727234148	ACC	-0.552742	3.065804	9.256036
727234157	ACC	-0.5383851	3.0753753	9.260822
727234167	ACC	-0.5383851	3.0610185	9.256036
727234176	ACC	-0.5240282	3.0466614	9.265608
727234186	ACC	-0.54317075	3.0753753	9.279964
727234195	ACC	-0.5479564	3.0897322	9.256036
727234205	ACC	-0.552742	3.065804	9.241679
727234214	ACC	-0.552742	3.0562327	9.270393
727234224	ACC	-0.55752766	3.0801609	9.28475
727234233	ACC	-0.5766702	3.0753753	9.28475
727234243	ACC	-0.5623133	3.0801609	9.303893
727234252	ACC	-0.552742	3.065804	9.332606
727234262	ACC	-0.5623133	3.065804	9.332606
727234271	ACC	-0.567099	3.0801609	9.313464
727234281	ACC	-0.5623133	3.0753753	9.294321
727234290	ACC	-0.5383851	3.065804	9.294321
727234300	ACC	-0.552742	3.0705895	9.28475
727234309	ACC	-0.5288138	3.0801609	9.2895355
727234319	ACC	-0.5479564	3.0849466	9.256036
727234328	ACC	-0.51445687	3.0849466	9.265608
727234338	ACC	-0.54317075	3.0753753	9.299107
727234347	ACC	-0.567099	3.0849466	9.313464
727234357	ACC	-0.5814559	3.0993035	9.299107
727234366	ACC	-0.5623133	3.094518	9.313464
727234376	ACC	-0.5288138	3.0514472	9.31825
727234385	ACC	-0.5240282	3.0418758	9.337392
727234395	ACC	-0.5288138	3.0418758	9.308679
727234404	ACC	-0.51445687	3.03709	9.28475
727234414	ACC	-0.51445687	3.0418758	9.256036
727234423	ACC	-0.5288138	3.0179477	9.2895355
727234433	ACC	-0.54317075	3.0418758	9.265608
727234442	ACC	-0.5383851	3.0514472	9.275179
727234452	ACC	-0.5288138	3.0275187	9.308679
727234461	ACC	-0.5240282	3.0275187	9.356535
727234471	ACC	-0.5192425	3.0323045	9.337392
727234480	ACC	-0.51445687	3.0275187	9.313464
727234490	ACC	-0.50488555	3.0418758	9.308679
727234499	ACC	-0.54317075	3.0514472	9.327821
727234509	ACC	-0.53359944	3.0466614	9.303893
727234518	ACC	-0.5288138	3.065804	9.279964
727234528	ACC	-0.5288138	3.065804	9.279964
727234537	ACC	-0.5192425	3.0466614	9.2895355
727234547	ACC	-0.5192425	3.0466614	9.2895355
727234556	ACC	-0.50488555	3.0418758	9.2895355
727234566	ACC	-0.53359944	3.03709	9.31825
727234575	ACC	-0.57188463	3.0418758	9.327821
727234585	ACC	-0.57188463	3.0275187	9.370892
727234594	ACC	-0.5288138	3.0179477	9.3613205
727234604	ACC	-0.5192425	3.013162	9.327821
727234613	ACC	-0.5288138	3.0418758	9.28475
727234623	ACC	-0.5383851	3.0610185	9.241679
727234632	ACC	-0.54317075	3.0705895	9.203394
727234642	ACC	-0.552742	3.0849466	9.212965
727234651	ACC	-0.55752766	3.03709	9.222537
727234661	ACC	-0.53359944	3.0323045	9.241679
727234670	ACC	-0.4953143	3.0323045	9.2895355
727234680	ACC	-0.485743	3.0323045	9.303893
727234689	ACC	-0.47138608	3.0227332	9.366106
727234699	ACC	-0.49052864	3.0179477	9.413962
727234708	ACC	-0.50488555	3.013162	9.428319
727234718	ACC	-0.5288138	3.03709	9.423533
727234727	ACC	-0.51445687	3.0275187	9.390035
727234737	ACC	-0.5096712	3.0418758	9.380463
727234746	ACC	-0.50488555	3.0227332	9.327821
727234756	ACC	-0.53359944	3.0275187	9.313464
727234765	ACC	-0.5096712	3.0323045	9.28475
727234775	ACC	-0.51445687	3.0418758	9.241679
727234784	ACC	-0.51445687	3.0275187	9.222537
727234794	ACC	-0.50488555	3.0323045	9.2177515
727234803	ACC	-0.5096712	3.0179477	9.25125
727234813	ACC	-0.5240282	2.998805	9.256036
727234822	ACC	-0.50488555	3.0227332	9.260822
727234832	ACC	-0.4953143	3.03709	9.2895355
727234841	ACC	-0.485743	3.0179477	9.303893
727234851	ACC	-0.49052864	3.0179477	9.323035
727234860	ACC	-0.49052864	2.998805	9.308679
727234870	ACC	-0.485743	3.0227332	9.303893
727234879	ACC	-0.50009996	3.0466614	9.308679
727234889	ACC	-0.5240282	3.0514472	9.31825
727234898	ACC	-0.5479564	3.0610185	9.323035
727234908	ACC	-0.5240282	3.0514472	9.299107
727234917	ACC	-0.50009996	3.065804	9.303893
727234927	ACC	-0.50488555	3.0562327	9.294321
727234936	ACC	-0.5192425	3.0466614	9.323035
727234946	ACC	-0.5192425	3.0753753	9.303893
727234955	ACC	-0.51445687	3.0466614	9.294321
727234965	ACC	-0.5240282	3.0083764	9.294321
727234974	ACC	-0.5288138	3.0083764	9.294321
727234984	ACC	-0.53359944	2.998805	9.308679
727234993	ACC	-0.50488555	3.0275187	9.308679
727235003	ACC	-0.4953143	3.0227332	9.294321
727235012	ACC	-0.49052864	3.0083764	9.299107
727235022	ACC	-0.50488555	2.9940193	9.31825
727235031	ACC	-0.5096712	3.0179477	9.313464
727235041	ACC	-0.50009996	3.0179477	9.294321
727235050	ACC	-0.48095736	3.0227332	9.279964
727235060	ACC	-0.485743	3.0275187	9.28475
727235069	ACC	-0.49052864	3.0035906	9.303893
727235079	ACC	-0.4761717	3.013162	9.31825
727235088	ACC	-0.48095736	3.013162	9.337392
727235098	ACC	-0.4953143	3.0275187	9.375677
727235107	ACC	-0.54317075	3.013162	9.375677
727235117	ACC	-0.4953143	2.9796624	9.346964
727235126	ACC	-0.50488555	2.9940193	9.31825
727235136	ACC	-0.485743	2.998805	9.327821
727235145	ACC	-0.49052864	3.0083764	9.303893
727235155	ACC	-0.51445687	3.0275187	9.279964
727235164	ACC	-0.5096712	3.0035906	9.28475
727235174	ACC	-0.48095736	3.0083764	9.279964
727235183	ACC	-0.48095736	3.0275187	9.279964
727235193	ACC	-0.485743	3.0275187	9.327821
727235202	ACC	-0.50009996	3.0035906	9.346964
727235212	ACC	-0.49052864	3.0083764	9.356535
727235221	ACC	-0.5096712	3.0179477	9.351749
727235231	ACC	-0.50488555	3.013162	9.346964
727235240	ACC	-0.485743	3.0035906	9.356535
727235249	ACC	-0.4953143	2.9892337	9.351749
727235259	ACC	-0.4953143	2.984448	9.342177
727235268	ACC	-0.48095736	2.9892337	9.327821
727235278	ACC	-0.48095736	2.9940193	9.2895355
727235287	ACC	-0.485743	3.0083764	9.275179
727235297	ACC	-0.4953143	3.0083764	9.256036
727235306	ACC	-0.51445687	3.013162	9.256036
727235316	ACC	-0.4761717	3.0227332	9.279964
727235325	ACC	-0.4953143	3.0083764	9.294321
727235335	ACC	-0.4761717	2.998805	9.28475
727235344	ACC	-0.46181476	3.0083764	9.313464
727235354	ACC	-0.46181476	2.9940193	9.366106
727235363	ACC	-0.49052864	2.9940193	9.375677
727235373	ACC	-0.50009996	2.998805	9.375677
727235382	ACC	-0.5096712	2.998805	9.356535
727235392	ACC	-0.5096712	3.0179477	9.31825
727235401	ACC	-0.4761717	2.998805	9.313464
727235411	ACC	-0.45702913	2.9796624	9.303893
727235420	ACC	-0.49052864	2.998805	9.299107
727235430	ACC	-0.5192425	3.0035906	9.303893
727235439	ACC	-0.5096712	2.9940193	9.327821
727235449	ACC	-0.4953143	2.9940193	9.337392
727235458	ACC	-0.5096712	2.998805	9.327821
727235468	ACC	-0.54317075	3.0323045	9.279964
727235477	ACC	-0.54317075	3.0610185	9.246465
727235487	ACC	-0.53359944	3.0466614	9.198608
727235496	ACC	-0.53359944	3.0418758	9.212965
727235506	ACC	-0.5192425	3.0227332	9.246465
727235515	ACC	-0.48095736	2.9940193	9.270393
727235525	ACC	-0.4426722	2.9653056	9.270393
727235534	ACC	-0.42831525	2.9940193	9.356535
727235544	ACC	-0.4331009	3.0035906	9.39482
727235553	ACC	-0.46660042	2.946163	9.428319
727235563	ACC	-0.47138608	2.9557343	9.437891
727235572	ACC	-0.50009996	2.970091	9.457033
727235582	ACC	-0.50488555	3.013162	9.428319
727235591	ACC	-0.51445687	3.0035906	9.385248
727235601	ACC	-0.4953143	3.0275187	9.31825
727235610	ACC	-0.50009996	3.0227332	9.279964
727235620	ACC	-0.5192425	3.0466614	9.236894
727235629	ACC	-0.5479564	3.0610185	9.189037
727235639	ACC	-0.54317075	3.0562327	9.179466
727235648	ACC	-0.5240282	3.0323045	9.179466
727235658	ACC	-0.47138608	3.0275187	9.2177515
727235667	ACC	-0.485743	3.0227332	9.256036
727235677	ACC	-0.46181476	3.0179477	9.308679
727235686	ACC	-0.47138608	3.013162	9.356535
727235696	ACC	-0.4761717	3.0275187	9.3613205
727235705	ACC	-0.47138608	3.0275187	9.351749
727235715	ACC	-0.485743	3.0418758	9.332606
727235724	ACC	-0.50488555	3.0753753	9.308679
727235734	ACC	-0.51445687	3.0753753	9.337392
727235743	ACC	-0.5240282	3.0801609	9.303893
727235753	ACC	-0.54317075	3.0753753	9.2895355
727235762	ACC	-0.5288138	3.0705895	9.308679
727235772	ACC	-0.5288138	3.0562327	9.275179
727235781	ACC	-0.5288138	3.0801609	9.265608
727235791	ACC	-0.50488555	3.0610185	9.260822
727235800	ACC	-0.5192425	3.03709	9.2895355
727235810	ACC	-0.5240282	3.03709	9.299107
727235819	ACC	-0.4953143	3.03709	9.279964
727235829	ACC	-0.4953143	3.0466614	9.294321
727235838	ACC	-0.5096712	3.013162	9.313464
727235848	ACC	-0.50009996	3.0035906	9.31825
727235857	ACC	-0.5096712	3.0179477	9.342177
727235867	ACC	-0.5240282	3.0514472	9.31825
727235876	ACC	-0.5383851	3.0562327	9.265608
727235886	ACC	-0.5240282	3.0801609	9.227323
727235895	ACC	-0.51445687	3.094518	9.222537
727235905	ACC	-0.50009996	3.1040893	9.2177515
727235914	ACC	-0.5240282	3.094518	9.246465
727235924	ACC	-0.5192425	3.0753753	9.275179
727235933	ACC	-0.5096712	3.065804	9.299107
727235943	ACC	-0.4761717	3.0610185	9.313464
727235952	ACC	-0.46181476	3.03709	9.332606
727235962	ACC	-0.47138608	3.0466614	9.351749
727235971	ACC	-0.4761717	3.0514472	9.337392
727235981	ACC	-0.51445687	3.0801609	9.31825
727235990	ACC	-0.5192425	3.0610185	9.299107
727236000	ACC	-0.5096712	3.0753753	9.270393
727236009	ACC	-0.5240282	3.0897322	9.270393
727236019	ACC	-0.5240282	3.0801609	9.25125
727236028	ACC	-0.5096712	3.0849466	9.256036
727236038	ACC	-0.49052864	3.0562327	9.313464
727236047	ACC	-0.5192425	3.0705895	9.337392
727236057	ACC	-0.5288138	3.0849466	9.327821
727236066	ACC	-0.5383851	3.1136606	9.265608
727236076	ACC	-0.50488555	3.0849466	9.265608
727236085	ACC	-0.50488555	3.0705895	9.265608
727236095	ACC	-0.4953143	3.0897322	9.270393
727236104	ACC	-0.5096712	3.0801609	9.2895355
727236114	ACC	-0.47138608	3.0610185	9.31825
727236123	ACC	-0.485743	3.0418758	9.351749
727236133	ACC	-0.4953143	3.065804	9.356535
727236142	ACC	-0.50009996	3.0705895	9.342177
727236152	ACC	-0.5192425	3.0801609	9.323035
727236161	ACC	-0.5096712	3.0753753	9.28475
727236171	ACC	-0.50488555	3.094518	9.275179
727236180	ACC	-0.4761717	3.094518	9.260822
727236190	ACC	-0.485743	3.0993035	9.232108
727236199	ACC	-0.50488555	3.1088748	9.246465
727236209	ACC	-0.5096712	3.094518	9.28475
727236218	ACC	-0.4953143	3.0705895	9.323035
727236228	ACC	-0.5096712	3.0849466	9.303893
727236237	ACC	-0.5240282	3.1040893	9.279964
727236247	ACC	-0.5288138	3.1232316	9.25125
727236256	ACC	-0.5096712	3.1232316	9.28475
727236266	ACC	-0.552742	3.1040893	9.313464
727236275	ACC	-0.5814559	3.1088748	9.313464
727236285	ACC	-0.55752766	3.1040893	9.246465
727236294	ACC	-0.5192425	3.1232316	9.212965
727236304	ACC	-0.5096712	3.1232316	9.189037
727236313	ACC	-0.50488555	3.132803	9.189037
727236323	ACC	-0.5192425	3.0849466	9.222537
727236332	ACC	-0.50488555	3.0801609	9.232108
727236342	ACC	-0.48095736	3.0849466	9.232108
727236351	ACC	-0.4331009	3.0753753	9.227323
727236361	ACC	-0.41874397	3.0849466	9.232108
727236370	ACC	-0.3900301	3.0753753	9.299107
727236380	ACC	-0.4331009	3.0849466	9.351749
727236389	ACC	-0.46181476	3.1136606	9.390035
727236399	ACC	-0.4761717	3.1280174	9.385248
727236408	ACC	-0.4426722	3.1088748	9.313464
727236418	ACC	-0.42831525	3.0610185	9.294321
727236427	ACC	-0.44745782	3.1232316	9.279964
727236437	ACC	-0.4761717	3.1136606	9.275179
727236446	ACC	-0.46660042	3.1280174	9.236894
727236456	ACC	-0.50009996	3.3672996	9.28475
727236465	ACC	-0.4426722	3.1519456	9.342177
727236475	ACC	-0.35174492	2.85045	9.160323
727236484	ACC	-0.27517462	2.9413772	9.25125
727236494	ACC	-0.30867413	3.094518	9.260822
727236503	ACC	-0.42831525	3.1423743	9.227323
727236513	ACC	-0.44745782	3.118446	9.308679
727236522	ACC	-0.40438703	3.094518	9.31825
727236532	ACC	-0.37088752	3.1088748	9.270393
727236541	ACC	-0.37088752	3.1040893	9.17468
727236551	ACC	-0.36610186	3.0610185	9.208179
727236560	ACC	-0.37567315	3.0179477	9.299107
727236570	ACC	-0.4139583	3.0466614	9.433105
727236579	ACC	-0.36610186	3.2476585	9.189037
727236589	ACC	-0.35174492	3.14716	9.342177
727236598	ACC	-0.4235296	3.2380872	9.294321
727236608	ACC	-0.42831525	3.161517	9.299107
727236617	ACC	-0.51445687	3.132803	9.279964
727236627	ACC	-0.50009996	3.1806595	9.17468
727236636	ACC	-0.48095736	3.2045877	9.117252
727236646	ACC	-0.46660042	3.14716	9.184252
727236655	ACC	-0.45224348	3.094518	9.236894
727236665	ACC	-0.44745782	3.065804	9.236894
727236674	ACC	-0.38524446	3.0562327	9.208179
