727270215	ACC	-0.4953143	2.7116663	9.480962
727270224	ACC	-0.51445687	2.7355945	9.480962
727270234	ACC	-0.5288138	2.7068806	9.452248
727270243	ACC	-0.5096712	2.7212377	9.385248
727270253	ACC	-0.46181476	2.7595227	9.327821
727270262	ACC	-0.4139583	2.7547371	9.337392
727270272	ACC	-0.37567315	2.7834508	9.342177
727270281	ACC	-0.37088752	2.8073792	9.375677
727270291	ACC	-0.40438703	2.836093	9.39482
727270300	ACC	-0.46660042	2.85045	9.423533
727270310	ACC	-0.50488555	2.8408787	9.3613205
727270319	ACC	-0.552742	2.85045	9.323035
727270329	ACC	-0.5766702	2.8600214	9.337392
727270338	ACC	-0.5814559	2.8408787	9.327821
727270348	ACC	-0.55752766	2.85045	9.337392
727270357	ACC	-0.53359944	2.8313074	9.332606
727270367	ACC	-0.50488555	2.8265216	9.366106
727270376	ACC	-0.45702913	2.797808	9.399606
727270385	ACC	-0.45224348	2.7834508	9.437891
727270395	ACC	-0.45224348	2.797808	9.442677
727270404	ACC	-0.45224348	2.797808	9.433105
727270414	ACC	-0.42831525	2.7882366	9.39482
727270423	ACC	-0.4761717	2.7738798	9.370892
727270433	ACC	-0.485743	2.7786653	9.399606
727270442	ACC	-0.50488555	2.7930222	9.390035
727270452	ACC	-0.49052864	2.7930222	9.346964
727270461	ACC	-0.48095736	2.7834508	9.337392
727270471	ACC	-0.48095736	2.769094	9.332606
727270480	ACC	-0.4761717	2.8073792	9.337392
727270490	ACC	-0.48095736	2.8121648	9.356535
727270499	ACC	-0.47138608	2.797808	9.385248
727270509	ACC	-0.45702913	2.7882366	9.399606
727270518	ACC	-0.4426722	2.7451658	9.423533
727270528	ACC	-0.46660042	2.7595227	9.442677
727270537	ACC	-0.50488555	2.769094	9.433105
727270547	ACC	-0.5288138	2.7930222	9.428319
727270556	ACC	-0.5288138	2.769094	9.370892
727270566	ACC	-0.49052864	2.7930222	9.356535
727270575	ACC	-0.50009996	2.7930222	9.346964
727270585	ACC	-0.50009996	2.8025935	9.346964
727270594	ACC	-0.485743	2.797808	9.3613205
727270604	ACC	-0.50009996	2.8169506	9.366106
727270613	ACC	-0.46660042	2.8121648	9.380463
727270623	ACC	-0.47138608	2.7930222	9.39482
727270632	ACC	-0.49052864	2.8025935	9.409177
727270642	ACC	-0.5096712	2.7930222	9.390035
727270651	ACC	-0.50488555	2.7882366	9.380463
727270661	ACC	-0.4953143	2.7834508	9.390035
727270670	ACC	-0.48095736	2.7882366	9.413962
727270680	ACC	-0.51445687	2.7738798	9.39482
727270689	ACC	-0.50488555	2.7786653	9.370892
727270699	ACC	-0.4953143	2.7738798	9.351749
727270708	ACC	-0.485743	2.7499514	9.370892
727270718	ACC	-0.485743	2.7595227	9.375677
727270727	ACC	-0.4953143	2.74038	9.39482
727270737	ACC	-0.48095736	2.7547371	9.385248
727270746	ACC	-0.4761717	2.7643085	9.385248
727270756	ACC	-0.4761717	2.797808	9.380463
727270765	ACC	-0.48095736	2.797808	9.366106
727270775	ACC	-0.48095736	2.7643085	9.366106
727270784	ACC	-0.4761717	2.7834508	9.380463
727270794	ACC	-0.48095736	2.7738798	9.390035
727270803	ACC	-0.46660042	2.7738798	9.418748
727270813	ACC	-0.46660042	2.7738798	9.413962
727270822	ACC	-0.45702913	2.7738798	9.437891
727270832	ACC	-0.45224348	2.7643085	9.437891
727270841	ACC	-0.45224348	2.7355945	9.433105
727270851	ACC	-0.4761717	2.7738798	9.375677
727270860	ACC	-0.4761717	2.7786653	9.366106
727270870	ACC	-0.45702913	2.7547371	9.356535
727270879	ACC	-0.50009996	2.74038	9.375677
727270889	ACC	-0.51445687	2.7595227	9.380463
727270898	ACC	-0.51445687	2.7786653	9.375677
727270908	ACC	-0.49052864	2.769094	9.39482
727270917	ACC	-0.4761717	2.7308087	9.399606
727270927	ACC	-0.4953143	2.7738798	9.385248
727270936	ACC	-0.5288138	2.8073792	9.342177
727270946	ACC	-0.5240282	2.8025935	9.327821
727270955	ACC	-0.485743	2.7738798	9.351749
727270965	ACC	-0.47138608	2.7595227	9.375677
727270974	ACC	-0.45702913	2.7499514	9.413962
727270984	ACC	-0.45224348	2.7499514	9.404391
727270993	ACC	-0.4426722	2.7547371	9.418748
727271003	ACC	-0.43788654	2.7451658	9.428319
727271012	ACC	-0.44745782	2.7451658	9.466604
727271022	ACC	-0.46181476	2.7499514	9.476176
727271031	ACC	-0.485743	2.7882366	9.437891
727271041	ACC	-0.47138608	2.7930222	9.413962
727271050	ACC	-0.4761717	2.8073792	9.380463
727271060	ACC	-0.4953143	2.7834508	9.375677
727271069	ACC	-0.51445687	2.7930222	9.356535
727271079	ACC	-0.51445687	2.7786653	9.346964
727271088	ACC	-0.49052864	2.7834508	9.351749
727271098	ACC	-0.485743	2.7738798	9.351749
727271107	ACC	-0.4761717	2.7643085	9.366106
727271117	ACC	-0.47138608	2.769094	9.385248
727271126	ACC	-0.47138608	2.7451658	9.370892
727271136	ACC	-0.43788654	2.7595227	9.385248
727271145	ACC	-0.48095736	2.7451658	9.375677
727271155	ACC	-0.4953143	2.7547371	9.409177
727271164	ACC	-0.49052864	2.7738798	9.404391
727271174	ACC	-0.49052864	2.7882366	9.39482
727271183	ACC	-0.485743	2.7595227	9.370892
727271193	ACC	-0.50009996	2.7930222	9.390035
727271202	ACC	-0.567099	2.8121648	9.399606
727271212	ACC	-0.57188463	2.8313074	9.356535
727271221	ACC	-0.552742	2.8265216	9.3613205
727271231	ACC	-0.5192425	2.8073792	9.3613205
727271240	ACC	-0.5192425	2.8121648	9.3613205
727271250	ACC	-0.51445687	2.8073792	9.375677
727271259	ACC	-0.49052864	2.7882366	9.380463
727271269	ACC	-0.4953143	2.7930222	9.380463
727271278	ACC	-0.5192425	2.769094	9.380463
727271288	ACC	-0.5240282	2.7786653	9.366106
727271297	ACC	-0.50009996	2.7643085	9.380463
727271307	ACC	-0.552742	2.7882366	9.399606
727271316	ACC	-0.54317075	2.7834508	9.370892
727271326	ACC	-0.53359944	2.7738798	9.366106
727271335	ACC	-0.5192425	2.7595227	9.39482
727271345	ACC	-0.5288138	2.7834508	9.404391
727271354	ACC	-0.50488555	2.7738798	9.375677
727271364	ACC	-0.4953143	2.7786653	9.380463
727271373	ACC	-0.51445687	2.7930222	9.375677
727271383	ACC	-0.5479564	2.7882366	9.370892
727271392	ACC	-0.5240282	2.7930222	9.366106
727271402	ACC	-0.51445687	2.7834508	9.385248
727271411	ACC	-0.50488555	2.7882366	9.39482
727271421	ACC	-0.5192425	2.8025935	9.404391
727271430	ACC	-0.51445687	2.7786653	9.409177
727271440	ACC	-0.51445687	2.7738798	9.423533
727271449	ACC	-0.5192425	2.7643085	9.409177
727271459	ACC	-0.5240282	2.797808	9.385248
727271468	ACC	-0.54317075	2.8073792	9.390035
727271478	ACC	-0.5623133	2.8073792	9.366106
727271487	ACC	-0.53359944	2.8121648	9.356535
727271497	ACC	-0.5240282	2.7930222	9.366106
727271506	ACC	-0.5240282	2.8073792	9.370892
727271516	ACC	-0.5479564	2.821736	9.385248
727271525	ACC	-0.552742	2.8169506	9.399606
727271535	ACC	-0.49052864	2.7643085	9.385248
727271544	ACC	-0.5288138	2.7882366	9.423533
727271554	ACC	-0.552742	2.8073792	9.380463
727271563	ACC	-0.5383851	2.769094	9.39482
727271573	ACC	-0.5096712	2.7738798	9.380463
727271582	ACC	-0.50488555	2.7643085	9.385248
727271592	ACC	-0.5240282	2.7882366	9.385248
727271601	ACC	-0.5288138	2.7643085	9.366106
727271611	ACC	-0.50488555	2.7786653	9.39482
727271620	ACC	-0.4953143	2.7882366	9.39482
727271630	ACC	-0.5288138	2.7738798	9.366106
727271639	ACC	-0.5288138	2.7882366	9.356535
727271649	ACC	-0.5288138	2.7930222	9.366106
727271658	ACC	-0.5240282	2.8025935	9.3613205
727271668	ACC	-0.5192425	2.7834508	9.380463
727271677	ACC	-0.51445687	2.7930222	9.399606
727271687	ACC	-0.5240282	2.7930222	9.39482
727271696	ACC	-0.5192425	2.8025935	9.385248
727271706	ACC	-0.5288138	2.7930222	9.390035
727271715	ACC	-0.552742	2.8121648	9.390035
727271725	ACC	-0.5623133	2.8121648	9.390035
727271734	ACC	-0.55752766	2.8121648	9.390035
727271744	ACC	-0.5623133	2.8169506	9.404391
727271753	ACC	-0.5288138	2.7834508	9.399606
727271763	ACC	-0.5479564	2.8025935	9.399606
727271772	ACC	-0.5623133	2.821736	9.370892
727271782	ACC	-0.5766702	2.8169506	9.303893
727271791	ACC	-0.57188463	2.8313074	9.327821
727271801	ACC	-0.54317075	2.7930222	9.337392
727271810	ACC	-0.53359944	2.7930222	9.346964
727271820	ACC	-0.50488555	2.7882366	9.342177
727271829	ACC	-0.5096712	2.7882366	9.385248
727271839	ACC	-0.49052864	2.7786653	9.413962
727271848	ACC	-0.5192425	2.7834508	9.433105
727271858	ACC	-0.5240282	2.797808	9.442677
727271867	ACC	-0.5192425	2.797808	9.466604
727271877	ACC	-0.53359944	2.8169506	9.457033
727271886	ACC	-0.5623133	2.8265216	9.399606
727271896	ACC	-0.5766702	2.8169506	9.366106
727271905	ACC	-0.5623133	2.8073792	9.351749
727271915	ACC	-0.567099	2.8073792	9.342177
727271924	ACC	-0.552742	2.797808	9.3613205
727271934	ACC	-0.54317075	2.8025935	9.3613205
727271943	ACC	-0.57188463	2.8169506	9.3613205
727271953	ACC	-0.567099	2.8073792	9.366106
727271962	ACC	-0.5623133	2.7930222	9.375677
727271972	ACC	-0.53359944	2.7834508	9.404391
727271981	ACC	-0.5192425	2.797808	9.409177
727271991	ACC	-0.5479564	2.7738798	9.390035
727272000	ACC	-0.54317075	2.7786653	9.39482
727272010	ACC	-0.5240282	2.7930222	9.366106
727272019	ACC	-0.5479564	2.8169506	9.356535
727272029	ACC	-0.5623133	2.8025935	9.356535
727272038	ACC	-0.57188463	2.821736	9.3613205
727272048	ACC	-0.58624154	2.8169506	9.375677
727272057	ACC	-0.5766702	2.8121648	9.39482
727272067	ACC	-0.59581286	2.8169506	9.390035
727272076	ACC	-0.58624154	2.8169506	9.380463
727272086	ACC	-0.5910272	2.85045	9.356535
727272095	ACC	-0.5623133	2.821736	9.356535
727272105	ACC	-0.5479564	2.8025935	9.346964
727272114	ACC	-0.5383851	2.8073792	9.356535
727272124	ACC	-0.54317075	2.8025935	9.366106
727272133	ACC	-0.5383851	2.797808	9.380463
727272143	ACC	-0.55752766	2.7930222	9.385248
727272152	ACC	-0.55752766	2.7834508	9.404391
727272162	ACC	-0.5383851	2.797808	9.39482
727272171	ACC	-0.552742	2.8073792	9.385248
727272181	ACC	-0.567099	2.8121648	9.404391
727272190	ACC	-0.57188463	2.8025935	9.385248
727272200	ACC	-0.567099	2.7882366	9.375677
727272209	ACC	-0.58624154	2.769094	9.356535
727272219	ACC	-0.5623133	2.8073792	9.351749
727272228	ACC	-0.54317075	2.8073792	9.366106
727272238	ACC	-0.552742	2.7930222	9.370892
727272247	ACC	-0.55752766	2.7930222	9.366106
727272257	ACC	-0.567099	2.8025935	9.380463
727272266	ACC	-0.567099	2.797808	9.385248
727272276	ACC	-0.5479564	2.8025935	9.39482
727272285	ACC	-0.552742	2.797808	9.423533
727272295	ACC	-0.552742	2.7882366	9.399606
727272304	ACC	-0.567099	2.797808	9.366106
727272314	ACC	-0.5910272	2.8073792	9.351749
727272323	ACC	-0.567099	2.8073792	9.366106
727272333	ACC	-0.55752766	2.821736	9.356535
727272342	ACC	-0.58624154	2.8408787	9.366106
727272352	ACC	-0.5766702	2.8313074	9.375677
727272361	ACC	-0.57188463	2.8456643	9.380463
727272371	ACC	-0.567099	2.8313074	9.390035
727272380	ACC	-0.567099	2.8121648	9.399606
727272390	ACC	-0.5766702	2.7834508	9.370892
727272399	ACC	-0.55752766	2.8073792	9.370892
727272409	ACC	-0.5623133	2.8121648	9.404391
727272418	ACC	-0.55752766	2.7882366	9.390035
727272428	ACC	-0.5910272	2.7882366	9.380463
727272437	ACC	-0.5766702	2.8025935	9.356535
727272447	ACC	-0.57188463	2.8025935	9.342177
727272456	ACC	-0.567099	2.8025935	9.337392
727272466	ACC	-0.55752766	2.8073792	9.351749
727272475	ACC	-0.53359944	2.8073792	9.3613205
727272484	ACC	-0.5383851	2.8025935	9.356535
727272494	ACC	-0.552742	2.8025935	9.390035
727272503	ACC	-0.55752766	2.7930222	9.39482
727272513	ACC	-0.5623133	2.7930222	9.409177
727272522	ACC	-0.5910272	2.8073792	9.390035
727272532	ACC	-0.5814559	2.8073792	9.366106
727272541	ACC	-0.5766702	2.797808	9.342177
727272551	ACC	-0.58624154	2.8121648	9.351749
727272560	ACC	-0.6053841	2.8073792	9.385248
727272570	ACC	-0.6053841	2.7882366	9.39482
727272579	ACC	-0.6197411	2.7882366	9.399606
727272589	ACC	-0.5910272	2.821736	9.39482
727272598	ACC	-0.58624154	2.8169506	9.390035
727272608	ACC	-0.5766702	2.8169506	9.385248
727272617	ACC	-0.60059845	2.836093	9.332606
727272627	ACC	-0.59581286	2.8408787	9.308679
727272636	ACC	-0.58624154	2.8313074	9.294321
727272646	ACC	-0.55752766	2.7834508	9.327821
727272655	ACC	-0.53359944	2.7738798	9.356535
727272665	ACC	-0.53359944	2.7882366	9.366106
727272674	ACC	-0.5383851	2.7930222	9.370892
727272684	ACC	-0.54317075	2.7834508	9.399606
727272693	ACC	-0.5766702	2.8073792	9.428319
727272703	ACC	-0.58624154	2.7930222	9.428319
727272712	ACC	-0.59581286	2.8169506	9.457033
727272722	ACC	-0.60059845	2.8313074	9.428319
727272731	ACC	-0.6053841	2.8313074	9.409177
727272741	ACC	-0.5910272	2.8169506	9.3613205
727272750	ACC	-0.5814559	2.8121648	9.342177
727272760	ACC	-0.5814559	2.8121648	9.323035
727272769	ACC	-0.57188463	2.8121648	9.346964
727272779	ACC	-0.58624154	2.821736	9.366106
727272788	ACC	-0.567099	2.7882366	9.385248
727272798	ACC	-0.5623133	2.797808	9.39482
727272807	ACC	-0.54317075	2.797808	9.3613205
727272817	ACC	-0.57188463	2.769094	9.370892
727272826	ACC	-0.5814559	2.7930222	9.370892
727272836	ACC	-0.5910272	2.8073792	9.375677
727272845	ACC	-0.5623133	2.8025935	9.375677
727272855	ACC	-0.567099	2.7930222	9.356535
727272864	ACC	-0.5814559	2.8073792	9.342177
727272874	ACC	-0.60059845	2.8313074	9.346964
727272883	ACC	-0.59581286	2.8313074	9.346964
727272893	ACC	-0.59581286	2.8313074	9.375677
727272902	ACC	-0.61016977	2.8408787	9.375677
727272912	ACC	-0.6149554	2.8313074	9.375677
727272921	ACC	-0.6053841	2.8408787	9.366106
727272931	ACC	-0.61016977	2.8313074	9.370892
727272940	ACC	-0.5623133	2.821736	9.370892
727272950	ACC	-0.5623133	2.821736	9.380463
727272959	ACC	-0.552742	2.8169506	9.39482
727272969	ACC	-0.567099	2.8073792	9.390035
727272978	ACC	-0.567099	2.797808	9.370892
727272988	ACC	-0.5910272	2.7882366	9.351749
727272997	ACC	-0.5766702	2.797808	9.346964
727273007	ACC	-0.58624154	2.7930222	9.346964
727273016	ACC	-0.5910272	2.8265216	9.3613205
727273026	ACC	-0.60059845	2.821736	9.370892
727273035	ACC	-0.567099	2.7882366	9.380463
727273045	ACC	-0.5814559	2.7882366	9.390035
727273054	ACC	-0.5766702	2.8121648	9.409177
727273064	ACC	-0.5910272	2.8121648	9.385248
727273073	ACC	-0.55752766	2.8073792	9.3613205
727273083	ACC	-0.5814559	2.8025935	9.356535
727273092	ACC	-0.58624154	2.8456643	9.342177
727273102	ACC	-0.53359944	2.7595227	9.366106
727273111	ACC	-0.5814559	2.7786653	9.375677
727273121	ACC	-0.6197411	2.797808	9.346964
727273130	ACC	-0.6053841	2.8025935	9.385248
727273140	ACC	-0.5814559	2.7834508	9.399606
727273149	ACC	-0.5910272	2.8121648	9.390035
727273159	ACC	-0.6053841	2.8121648	9.399606
727273168	ACC	-0.6053841	2.821736	9.375677
727273178	ACC	-0.57188463	2.821736	9.3613205
727273187	ACC	-0.567099	2.821736	9.380463
727273197	ACC	-0.58624154	2.821736	9.380463
727273206	ACC	-0.5910272	2.821736	9.375677
727273216	ACC	-0.5814559	2.8456643	9.380463
727273225	ACC	-0.567099	2.8169506	9.3613205
727273235	ACC	-0.5766702	2.8121648	9.366106
727273244	ACC	-0.57188463	2.797808	9.356535
727273254	ACC	-0.6053841	2.821736	9.370892
727273263	ACC	-0.58624154	2.821736	9.375677
727273273	ACC	-0.58624154	2.8025935	9.370892
727273282	ACC	-0.58624154	2.797808	9.380463
727273292	ACC	-0.5910272	2.7930222	9.380463
727273301	ACC	-0.5910272	2.797808	9.390035
727273311	ACC	-0.58624154	2.8265216	9.385248
727273320	ACC	-0.59581286	2.8121648	9.375677
727273330	ACC	-0.5814559	2.7882366	9.351749
727273339	ACC	-0.61016977	2.8025935	9.346964
727273349	ACC	-0.58624154	2.8121648	9.351749
727273358	ACC	-0.5766702	2.8121648	9.366106
727273368	ACC	-0.57188463	2.8073792	9.370892
727273377	ACC	-0.57188463	2.8073792	9.375677
727273387	ACC	-0.567099	2.8073792	9.380463
727273396	ACC	-0.55752766	2.7834508	9.356535
727273406	ACC	-0.552742	2.7930222	9.351749
727273415	ACC	-0.57188463	2.8169506	9.39482
727273425	ACC	-0.55752766	2.8169506	9.413962
727273434	ACC	-0.567099	2.7882366	9.418748
727273444	ACC	-0.5910272	2.7882366	9.404391
727273453	ACC	-0.58624154	2.8169506	9.375677
727273463	ACC	-0.60059845	2.797808	9.390035
727273472	ACC	-0.61016977	2.8121648	9.390035
727273482	ACC	-0.62452674	2.8121648	9.375677
727273491	ACC	-0.60059845	2.8073792	9.409177
727273501	ACC	-0.61016977	2.8121648	9.428319
727273510	ACC	-0.6197411	2.8265216	9.399606
727273520	ACC	-0.62452674	2.8313074	9.351749
727273529	ACC	-0.6149554	2.85045	9.299107
727273539	ACC	-0.6197411	2.8552356	9.279964
727273548	ACC	-0.58624154	2.821736	9.308679
727273558	ACC	-0.55752766	2.7834508	9.342177
727273567	ACC	-0.54317075	2.7643085	9.370892
727273577	ACC	-0.5288138	2.7643085	9.375677
727273586	ACC	-0.54317075	2.7882366	9.385248
727273596	ACC	-0.552742	2.7930222	9.409177
727273605	ACC	-0.58624154	2.7882366	9.452248
727273615	ACC	-0.58624154	2.7738798	9.461819
727273624	ACC	-0.58624154	2.7930222	9.490533
727273634	ACC	-0.60059845	2.7882366	9.466604
727273643	ACC	-0.61016977	2.7882366	9.428319
727273653	ACC	-0.6053841	2.7882366	9.370892
727273662	ACC	-0.61016977	2.7930222	9.323035
727273672	ACC	-0.57188463	2.8169506	9.327821
727273681	ACC	-0.5623133	2.8073792	9.346964
727273691	ACC	-0.55752766	2.8073792	9.351749
727273700	ACC	-0.5479564	2.7930222	9.366106
727273710	ACC	-0.57188463	2.797808	9.380463
727273719	ACC	-0.552742	2.7930222	9.385248
727273729	ACC	-0.5623133	2.8025935	9.375677
727273738	ACC	-0.5814559	2.7882366	9.370892
727273748	ACC	-0.5814559	2.8121648	9.375677
727273757	ACC	-0.60059845	2.8169506	9.375677
727273767	ACC	-0.58624154	2.8121648	9.342177
727273776	ACC	-0.5910272	2.8313074	9.323035
727273786	ACC	-0.6197411	2.8121648	9.323035
727273795	ACC	-0.6197411	2.8265216	9.342177
727273805	ACC	-0.61016977	2.8552356	9.346964
727273814	ACC	-0.61016977	2.836093	9.375677
727273824	ACC	-0.60059845	2.836093	9.375677
727273833	ACC	-0.6149554	2.8121648	9.399606
727273843	ACC	-0.6053841	2.821736	9.390035
727273852	ACC	-0.5766702	2.821736	9.399606
727273862	ACC	-0.5814559	2.8265216	9.380463
727273871	ACC	-0.552742	2.821736	9.356535
727273881	ACC	-0.57188463	2.8121648	9.337392
727273890	ACC	-0.58624154	2.797808	9.356535
727273900	ACC	-0.60059845	2.7834508	9.342177
727273909	ACC	-0.5910272	2.8073792	9.351749
727273919	ACC	-0.5910272	2.8025935	9.375677
727273928	ACC	-0.5910272	2.8121648	9.375677
727273938	ACC	-0.61016977	2.797808	9.404391
727273947	ACC	-0.61016977	2.7786653	9.418748
727273957	ACC	-0.62452674	2.7930222	9.428319
727273966	ACC	-0.6197411	2.7930222	9.413962
727273976	ACC	-0.59581286	2.797808	9.385248
727273985	ACC	-0.58624154	2.8073792	9.332606
727273995	ACC	-0.58624154	2.8073792	9.337392
727274004	ACC	-0.5479564	2.797808	9.337392
727274014	ACC	-0.5814559	2.8169506	9.346964
727274023	ACC	-0.57188463	2.8121648	9.370892
727274033	ACC	-0.60059845	2.8025935	9.375677
727274042	ACC	-0.58624154	2.8073792	9.385248
727274052	ACC	-0.60059845	2.8121648	9.375677
727274061	ACC	-0.6053841	2.8025935	9.390035
727274071	ACC	-0.6053841	2.821736	9.370892
727274080	ACC	-0.59581286	2.8265216	9.346964
727274090	ACC	-0.6053841	2.821736	9.332606
727274099	ACC	-0.59581286	2.8265216	9.3613205
727274109	ACC	-0.59581286	2.8408787	9.366106
727274118	ACC	-0.59581286	2.821736	9.390035
727274128	ACC	-0.59581286	2.8169506	9.380463
727274137	ACC	-0.6053841	2.8073792	9.375677
727274147	ACC	-0.58624154	2.821736	9.366106
727274156	ACC	-0.58624154	2.8265216	9.370892
727274166	ACC	-0.58624154	2.8073792	9.380463
727274175	ACC	-0.59581286	2.797808	9.390035
727274185	ACC	-0.59581286	2.7930222	9.370892
727274194	ACC	-0.5910272	2.7882366	9.375677
727274204	ACC	-0.60059845	2.7930222	9.385248
727274213	ACC	-0.59581286	2.8073792	9.3613205
727274223	ACC	-0.5910272	2.8121648	9.342177
727274232	ACC	-0.59581286	2.7882366	9.356535
727274242	ACC	-0.5910272	2.797808	9.366106
727274251	ACC	-0.5910272	2.8073792	9.370892
727274261	ACC	-0.5910272	2.821736	9.380463
727274270	ACC	-0.59581286	2.8121648	9.385248
727274280	ACC	-0.62452674	2.8073792	9.3613205
727274289	ACC	-0.6053841	2.8121648	9.370892
727274299	ACC	-0.60059845	2.821736	9.385248
727274308	ACC	-0.5814559	2.8169506	9.380463
727274318	ACC	-0.5910272	2.8169506	9.39482
727274327	ACC	-0.58624154	2.7882366	9.390035
727274337	ACC	-0.60059845	2.8265216	9.370892
727274346	ACC	-0.61016977	2.8265216	9.3613205
727274356	ACC	-0.5910272	2.821736	9.332606
727274365	ACC	-0.5814559	2.8169506	9.342177
727274375	ACC	-0.5814559	2.8073792	9.342177
727274384	ACC	-0.5910272	2.7882366	9.351749
727274394	ACC	-0.57188463	2.8121648	9.351749
727274403	ACC	-0.5910272	2.8073792	9.375677
727274413	ACC	-0.5814559	2.8073792	9.375677
727274422	ACC	-0.58624154	2.8025935	9.366106
727274432	ACC	-0.5814559	2.8073792	9.366106
727274441	ACC	-0.5910272	2.8265216	9.3613205
727274451	ACC	-0.58624154	2.8169506	9.385248
727274460	ACC	-0.5814559	2.8073792	9.399606
727274469	ACC	-0.567099	2.797808	9.399606
727274479	ACC	-0.60059845	2.7930222	9.404391
727274488	ACC	-0.6197411	2.7930222	9.413962
727274498	ACC	-0.61016977	2.7930222	9.39482
727274507	ACC	-0.62931234	2.8073792	9.399606
727274517	ACC	-0.61016977	2.8073792	9.399606
727274526	ACC	-0.61016977	2.7882366	9.390035
727274536	ACC	-0.6197411	2.8073792	9.385248
727274545	ACC	-0.6149554	2.821736	9.337392
727274555	ACC	-0.62452674	2.836093	9.28475
727274564	ACC	-0.59581286	2.8265216	9.294321
727274574	ACC	-0.58624154	2.797808	9.31825
727274583	ACC	-0.5623133	2.7786653	9.351749
727274593	ACC	-0.55752766	2.7643085	9.390035
727274602	ACC	-0.54317075	2.7882366	9.385248
727274612	ACC	-0.5383851	2.797808	9.375677
727274621	ACC	-0.5383851	2.7834508	9.418748
727274631	ACC	-0.552742	2.7595227	9.457033
727274640	ACC	-0.5623133	2.7786653	9.485747
727274650	ACC	-0.5766702	2.7930222	9.47139
727274659	ACC	-0.5910272	2.8121648	9.423533
727274669	ACC	-0.5623133	2.8265216	9.366106
727274678	ACC	-0.567099	2.797808	9.346964
727274688	ACC	-0.58624154	2.8025935	9.332606
727274697	ACC	-0.567099	2.8169506	9.303893
727274707	ACC	-0.552742	2.7930222	9.337392
727274716	ACC	-0.53359944	2.769094	9.39482
727274726	ACC	-0.552742	2.7786653	9.418748
727274735	ACC	-0.5814559	2.7786653	9.404391
727274745	ACC	-0.55752766	2.7738798	9.404391
727274754	ACC	-0.552742	2.769094	9.370892
727274764	ACC	-0.55752766	2.8025935	9.366106
727274773	ACC	-0.552742	2.797808	9.346964
727274783	ACC	-0.54317075	2.8025935	9.375677
727274792	ACC	-0.55752766	2.7930222	9.370892
727274802	ACC	-0.567099	2.797808	9.351749
727274811	ACC	-0.57188463	2.8025935	9.370892
727274821	ACC	-0.5910272	2.8265216	9.370892
727274830	ACC	-0.59581286	2.8313074	9.380463
727274840	ACC	-0.59581286	2.8121648	9.404391
727274849	ACC	-0.57188463	2.7882366	9.428319
727274859	ACC	-0.5766702	2.7930222	9.39482
727274868	ACC	-0.5623133	2.8073792	9.370892
727274878	ACC	-0.5623133	2.8073792	9.375677
727274887	ACC	-0.5383851	2.7930222	9.366106
727274897	ACC	-0.5383851	2.797808	9.366106
727274906	ACC	-0.5383851	2.7930222	9.3613205
727274916	ACC	-0.55752766	2.797808	9.375677
727274925	ACC	-0.552742	2.7643085	9.375677
727274935	ACC	-0.5383851	2.7738798	9.39482
727274944	ACC	-0.5479564	2.7786653	9.370892
727274954	ACC	-0.567099	2.7882366	9.375677
727274963	ACC	-0.552742	2.797808	9.390035
727274973	ACC	-0.5623133	2.769094	9.39482
727274982	ACC	-0.54317075	2.7834508	9.375677
727274992	ACC	-0.5383851	2.7643085	9.390035
727275001	ACC	-0.5240282	2.797808	9.380463
727275011	ACC	-0.5288138	2.7882366	9.385248
727275020	ACC	-0.5192425	2.7882366	9.399606
727275030	ACC	-0.5288138	2.7738798	9.39482
727275039	ACC	-0.53359944	2.7786653	9.385248
727275049	ACC	-0.54317075	2.769094	9.399606
727275058	ACC	-0.5623133	2.7643085	9.380463
727275068	ACC	-0.54317075	2.7643085	9.404391
727275077	ACC	-0.5479564	2.769094	9.413962
727275087	ACC	-0.5288138	2.7738798	9.39482
727275096	ACC	-0.5288138	2.7738798	9.385248
727275106	ACC	-0.5479564	2.769094	9.390035
727275115	ACC	-0.53359944	2.7930222	9.370892
727275125	ACC	-0.5383851	2.7882366	9.375677
727275134	ACC	-0.53359944	2.7834508	9.380463
727275144	ACC	-0.5288138	2.7499514	9.399606
727275153	ACC	-0.5240282	2.7786653	9.404391
727275163	ACC	-0.5288138	2.7738798	9.404391
727275172	ACC	-0.5288138	2.7643085	9.385248
727275182	ACC	-0.5383851	2.769094	9.390035
727275191	ACC	-0.5383851	2.7786653	9.39482
727275201	ACC	-0.53359944	2.7643085	9.385248
727275210	ACC	-0.5240282	2.7547371	9.39482
727275220	ACC	-0.5288138	2.769094	9.390035
727275229	ACC	-0.5192425	2.7643085	9.385248
727275239	ACC	-0.53359944	2.7547371	9.385248
727275248	ACC	-0.5240282	2.7547371	9.390035
727275258	ACC	-0.5288138	2.7834508	9.409177
727275267	ACC	-0.5096712	2.7786653	9.399606
727275277	ACC	-0.5192425	2.7499514	9.375677
727275286	ACC	-0.5192425	2.769094	9.390035
727275296	ACC	-0.5240282	2.769094	9.413962
727275305	ACC	-0.5096712	2.769094	9.39482
727275315	ACC	-0.53359944	2.7643085	9.404391
727275324	ACC	-0.54317075	2.7738798	9.399606
727275334	ACC	-0.54317075	2.7786653	9.385248
727275343	ACC	-0.5383851	2.7786653	9.380463
727275353	ACC	-0.5192425	2.769094	9.370892
727275362	ACC	-0.5240282	2.769094	9.39482
727275372	ACC	-0.51445687	2.7786653	9.413962
727275381	ACC	-0.5096712	2.769094	9.413962
727275391	ACC	-0.50009996	2.7643085	9.39482
727275400	ACC	-0.5096712	2.74038	9.399606
727275410	ACC	-0.53359944	2.7547371	9.385248
727275419	ACC	-0.5240282	2.7595227	9.370892
727275429	ACC	-0.51445687	2.7834508	9.380463
727275438	ACC	-0.5096712	2.7643085	9.39482
727275448	ACC	-0.5096712	2.7786653	9.39482
727275457	ACC	-0.50009996	2.7643085	9.380463
727275467	ACC	-0.5096712	2.7786653	9.356535
727275476	ACC	-0.485743	2.7643085	9.385248
727275486	ACC	-0.49052864	2.7595227	9.399606
727275495	ACC	-0.485743	2.7595227	9.433105
727275505	ACC	-0.485743	2.7786653	9.390035
727275514	ACC	-0.49052864	2.7834508	9.380463
727275524	ACC	-0.50009996	2.7499514	9.399606
727275533	ACC	-0.51445687	2.74038	9.39482
727275543	ACC	-0.5240282	2.7595227	9.375677
727275552	ACC	-0.53359944	2.7547371	9.39482
727275562	ACC	-0.5192425	2.7499514	9.404391
727275571	ACC	-0.552742	2.7595227	9.39482
727275581	ACC	-0.5383851	2.7595227	9.3613205
727275590	ACC	-0.5383851	2.8025935	9.337392
727275600	ACC	-0.53359944	2.7643085	9.323035
727275609	ACC	-0.5096712	2.769094	9.351749
727275619	ACC	-0.50009996	2.7547371	9.385248
727275628	ACC	-0.4761717	2.7451658	9.437891
727275638	ACC	-0.46181476	2.7355945	9.457033
727275647	ACC	-0.45224348	2.7308087	9.433105
727275657	ACC	-0.45224348	2.7499514	9.413962
727275666	ACC	-0.46181476	2.7451658	9.413962
727275676	ACC	-0.485743	2.7547371	9.423533
727275685	ACC	-0.50488555	2.7595227	9.437891
727275695	ACC	-0.4953143	2.7355945	9.447462
727275704	ACC	-0.5096712	2.7499514	9.423533
727275714	ACC	-0.5192425	2.74038	9.409177
727275723	ACC	-0.50009996	2.7643085	9.385248
727275733	ACC	-0.50009996	2.7499514	9.380463
727275742	ACC	-0.4953143	2.7355945	9.356535
727275752	ACC	-0.50009996	2.7451658	9.351749
727275761	ACC	-0.485743	2.7308087	9.346964
727275771	ACC	-0.49052864	2.7260232	9.375677
727275780	ACC	-0.48095736	2.7068806	9.366106
727275790	ACC	-0.46660042	2.716452	9.39482
727275799	ACC	-0.46181476	2.7212377	9.399606
727275809	ACC	-0.45702913	2.7451658	9.413962
727275818	ACC	-0.485743	2.7260232	9.390035
727275828	ACC	-0.4761717	2.7308087	9.370892
727275837	ACC	-0.485743	2.74038	9.366106
727275847	ACC	-0.4953143	2.7643085	9.375677
727275856	ACC	-0.51445687	2.7738798	9.380463
727275866	ACC	-0.5288138	2.7834508	9.385248
727275875	ACC	-0.53359944	2.769094	9.428319
727275885	ACC	-0.5192425	2.7786653	9.413962
727275894	ACC	-0.50009996	2.769094	9.413962
727275904	ACC	-0.5240282	2.7643085	9.409177
727275913	ACC	-0.485743	2.7547371	9.366106
727275923	ACC	-0.47138608	2.769094	9.399606
727275932	ACC	-0.46660042	2.7643085	9.390035
727275942	ACC	-0.46660042	2.7451658	9.385248
727275951	ACC	-0.4953143	2.7451658	9.3613205
727275961	ACC	-0.50009996	2.7308087	9.385248
727275970	ACC	-0.50488555	2.7260232	9.385248
727275980	ACC	-0.5192425	2.7547371	9.380463
727275989	ACC	-0.5192425	2.7547371	9.404391
727275999	ACC	-0.5096712	2.7499514	9.390035
727276008	ACC	-0.5288138	2.7451658	9.385248
727276018	ACC	-0.5288138	2.7595227	9.366106
727276027	ACC	-0.5288138	2.7595227	9.380463
727276037	ACC	-0.5096712	2.7738798	9.380463
727276046	ACC	-0.49052864	2.7834508	9.375677
727276056	ACC	-0.4953143	2.7499514	9.375677
727276065	ACC	-0.4761717	2.7547371	9.404391
727276075	ACC	-0.49052864	2.7547371	9.418748
727276084	ACC	-0.4953143	2.7738798	9.418748
727276094	ACC	-0.485743	2.7738798	9.413962
727276103	ACC	-0.50488555	2.7786653	9.409177
727276113	ACC	-0.51445687	2.7643085	9.399606
727276122	ACC	-0.5192425	2.7595227	9.399606
727276132	ACC	-0.53359944	2.7643085	9.385248
727276141	ACC	-0.51445687	2.769094	9.390035
727276151	ACC	-0.5240282	2.7786653	9.385248
727276160	ACC	-0.5240282	2.7643085	9.385248
727276170	ACC	-0.5383851	2.7738798	9.385248
727276179	ACC	-0.5192425	2.7595227	9.366106
727276189	ACC	-0.5240282	2.7834508	9.370892
727276198	ACC	-0.51445687	2.769094	9.385248
727276208	ACC	-0.50009996	2.7595227	9.404391
727276217	ACC	-0.50009996	2.7834508	9.404391
727276227	ACC	-0.51445687	2.7595227	9.418748
727276236	ACC	-0.5192425	2.7738798	9.39482
727276246	ACC	-0.51445687	2.7547371	9.390035
727276255	ACC	-0.51445687	2.7738798	9.390035
727276265	ACC	-0.50009996	2.7738798	9.375677
727276274	ACC	-0.50488555	2.7786653	9.375677
727276284	ACC	-0.51445687	2.769094	9.39482
727276293	ACC	-0.5096712	2.7643085	9.404391
727276303	ACC	-0.5288138	2.7547371	9.409177
727276312	ACC	-0.5240282	2.7834508	9.399606
727276322	ACC	-0.51445687	2.769094	9.390035
727276331	ACC	-0.5288138	2.7738798	9.385248
727276341	ACC	-0.5288138	2.7595227	9.370892
727276350	ACC	-0.5479564	2.7547371	9.3613205
727276360	ACC	-0.54317075	2.7643085	9.375677
727276369	ACC	-0.5383851	2.769094	9.375677
727276379	ACC	-0.5288138	2.7643085	9.399606
727276388	ACC	-0.5096712	2.7643085	9.390035
727276398	ACC	-0.4953143	2.7547371	9.404391
727276407	ACC	-0.48095736	2.7738798	9.39482
727276417	ACC	-0.485743	2.7595227	9.399606
727276426	ACC	-0.5192425	2.7786653	9.375677
727276436	ACC	-0.5383851	2.7643085	9.399606
727276445	ACC	-0.51445687	2.7834508	9.380463
727276455	ACC	-0.5192425	2.797808	9.390035
727276464	ACC	-0.53359944	2.7882366	9.390035
727276474	ACC	-0.5479564	2.7595227	9.404391
727276483	ACC	-0.54317075	2.7738798	9.39482
727276493	ACC	-0.567099	2.7882366	9.404391
727276502	ACC	-0.5766702	2.8073792	9.409177
727276512	ACC	-0.5910272	2.7882366	9.399606
727276521	ACC	-0.5814559	2.8073792	9.385248
727276531	ACC	-0.5766702	2.8073792	9.356535
727276540	ACC	-0.5766702	2.8025935	9.313464
727276550	ACC	-0.5623133	2.8121648	9.31825
727276559	ACC	-0.57188463	2.8169506	9.337392
727276569	ACC	-0.55752766	2.7786653	9.39482
727276578	ACC	-0.51445687	2.7595227	9.413962
727276588	ACC	-0.4953143	2.74038	9.413962
727276597	ACC	-0.4953143	2.7595227	9.399606
727276607	ACC	-0.5096712	2.7355945	9.413962
727276616	ACC	-0.5288138	2.7786653	9.399606
727276626	ACC	-0.5288138	2.7786653	9.399606
727276635	ACC	-0.54317075	2.7930222	9.409177
727276645	ACC	-0.5479564	2.8025935	9.433105
727276654	ACC	-0.552742	2.8025935	9.418748
727276664	ACC	-0.58624154	2.8025935	9.418748
727276673	ACC	-0.55752766	2.7834508	9.375677
727276683	ACC	-0.567099	2.7834508	9.346964
727276692	ACC	-0.57188463	2.7834508	9.337392
727276702	ACC	-0.5479564	2.7930222	9.342177
727276711	ACC	-0.54317075	2.7930222	9.370892
727276720	ACC	-0.5288138	2.7786653	9.390035
727276730	ACC	-0.54317075	2.7738798	9.413962
727276739	ACC	-0.5479564	2.7834508	9.409177
727276749	ACC	-0.54317075	2.7738798	9.390035
727276758	ACC	-0.552742	2.7738798	9.356535
727276768	ACC	-0.55752766	2.797808	9.342177
727276777	ACC	-0.567099	2.8169506	9.366106
727276787	ACC	-0.5623133	2.8025935	9.3613205
727276796	ACC	-0.55752766	2.8025935	9.351749
727276806	ACC	-0.58624154	2.8073792	9.356535
727276815	ACC	-0.567099	2.8121648	9.370892
727276825	ACC	-0.58624154	2.821736	9.366106
727276834	ACC	-0.60059845	2.8265216	9.390035
727276844	ACC	-0.60059845	2.8121648	9.409177
727276853	ACC	-0.58624154	2.8025935	9.39482
727276863	ACC	-0.58624154	2.797808	9.390035
727276872	ACC	-0.57188463	2.7786653	9.380463
727276882	ACC	-0.55752766	2.7930222	9.366106
727276891	ACC	-0.552742	2.8073792	9.351749
727276901	ACC	-0.5383851	2.797808	9.356535
727276910	ACC	-0.54317075	2.7834508	9.366106
727276920	ACC	-0.55752766	2.7882366	9.399606
727276929	ACC	-0.5623133	2.7786653	9.399606
727276939	ACC	-0.57188463	2.7738798	9.380463
727276948	ACC	-0.59581286	2.7882366	9.375677
727276958	ACC	-0.6053841	2.7834508	9.342177
727276967	ACC	-0.58624154	2.769094	9.3613205
727276977	ACC	-0.567099	2.7882366	9.375677
727276986	ACC	-0.5623133	2.7882366	9.370892
727276996	ACC	-0.57188463	2.7930222	9.370892
727277005	ACC	-0.57188463	2.797808	9.3613205
727277015	ACC	-0.567099	2.7882366	9.380463
727277024	ACC	-0.567099	2.8025935	9.385248
727277034	ACC	-0.57188463	2.7930222	9.39482
727277043	ACC	-0.5766702	2.7786653	9.399606
727277053	ACC	-0.5814559	2.7930222	9.404391
727277062	ACC	-0.5910272	2.769094	9.39482
727277072	ACC	-0.6149554	2.7930222	9.370892
727277081	ACC	-0.5910272	2.7786653	9.370892
727277091	ACC	-0.57188463	2.7834508	9.370892
727277100	ACC	-0.5623133	2.797808	9.385248
727277110	ACC	-0.5814559	2.8073792	9.366106
727277119	ACC	-0.5910272	2.8121648	9.3613205
727277129	ACC	-0.5766702	2.8073792	9.380463
727277138	ACC	-0.5910272	2.797808	9.385248
727277148	ACC	-0.57188463	2.821736	9.385248
727277157	ACC	-0.5814559	2.8073792	9.390035
727277167	ACC	-0.61016977	2.8025935	9.366106
727277176	ACC	-0.6197411	2.8121648	9.356535
727277186	ACC	-0.6053841	2.8169506	9.351749
727277195	ACC	-0.59581286	2.8025935	9.356535
727277205	ACC	-0.5910272	2.7930222	9.385248
727277214	ACC	-0.5766702	2.7882366	9.390035
727277224	ACC	-0.5814559	2.7930222	9.399606
727277233	ACC	-0.59581286	2.8025935	9.39482
727277243	ACC	-0.60059845	2.7882366	9.351749
727277252	ACC	-0.6053841	2.7930222	9.346964
727277262	ACC	-0.60059845	2.8073792	9.3613205
727277271	ACC	-0.59581286	2.7930222	9.380463
727277281	ACC	-0.59581286	2.7930222	9.370892
727277290	ACC	-0.5910272	2.8025935	9.366106
727277300	ACC	-0.57188463	2.7882366	9.375677
727277309	ACC	-0.5814559	2.7834508	9.380463
727277319	ACC	-0.5814559	2.797808	9.399606
727277328	ACC	-0.567099	2.7930222	9.3613205
727277338	ACC	-0.58624154	2.7930222	9.356535
727277347	ACC	-0.5766702	2.8025935	9.3613205
727277357	ACC	-0.5814559	2.8073792	9.366106
727277366	ACC	-0.57188463	2.7834508	9.370892
727277376	ACC	-0.5766702	2.8121648	9.385248
727277385	ACC	-0.6053841	2.8073792	9.380463
727277395	ACC	-0.61016977	2.821736	9.380463
727277404	ACC	-0.63888365	2.8408787	9.380463
727277414	ACC	-0.6149554	2.8313074	9.39482
727277423	ACC	-0.62931234	2.8025935	9.399606
727277433	ACC	-0.634098	2.8265216	9.409177
727277442	ACC	-0.634098	2.8408787	9.370892
727277452	ACC	-0.6197411	2.821736	9.3613205
727277461	ACC	-0.62931234	2.8552356	9.308679
727277471	ACC	-0.62452674	2.8313074	9.299107
727277480	ACC	-0.58624154	2.8073792	9.323035
727277490	ACC	-0.5766702	2.7930222	9.3613205
727277499	ACC	-0.5623133	2.7738798	9.375677
727277509	ACC	-0.5623133	2.7930222	9.385248
727277518	ACC	-0.5623133	2.7930222	9.375677
727277528	ACC	-0.552742	2.7930222	9.380463
727277537	ACC	-0.567099	2.8169506	9.380463
727277547	ACC	-0.58624154	2.8121648	9.433105
727277556	ACC	-0.61016977	2.8265216	9.433105
727277566	ACC	-0.60059845	2.8313074	9.433105
727277575	ACC	-0.62452674	2.8025935	9.399606
727277585	ACC	-0.62931234	2.8121648	9.346964
727277594	ACC	-0.62452674	2.8169506	9.313464
727277604	ACC	-0.634098	2.8073792	9.332606
727277613	ACC	-0.6053841	2.8073792	9.337392
727277623	ACC	-0.58624154	2.8025935	9.366106
727277632	ACC	-0.567099	2.7882366	9.3613205
727277642	ACC	-0.5766702	2.7882366	9.370892
727277651	ACC	-0.57188463	2.7834508	9.370892
727277661	ACC	-0.60059845	2.7930222	9.390035
727277670	ACC	-0.6149554	2.8025935	9.385248
727277680	ACC	-0.6197411	2.8073792	9.370892
727277689	ACC	-0.60059845	2.8025935	9.366106
727277699	ACC	-0.5910272	2.8073792	9.332606
727277708	ACC	-0.5910272	2.8169506	9.346964
727277718	ACC	-0.58624154	2.8265216	9.337392
727277727	ACC	-0.6053841	2.8313074	9.337392
727277737	ACC	-0.63888365	2.8600214	9.370892
727277746	ACC	-0.6628119	2.85045	9.39482
727277756	ACC	-0.58624154	2.8073792	9.370892
727277765	ACC	-0.61016977	2.8169506	9.390035
727277775	ACC	-0.6149554	2.836093	9.375677
727277784	ACC	-0.61016977	2.8313074	9.370892
727277794	ACC	-0.5766702	2.8169506	9.351749
727277803	ACC	-0.567099	2.8025935	9.3613205
727277813	ACC	-0.58624154	2.7930222	9.385248
727277822	ACC	-0.58624154	2.7930222	9.366106
727277832	ACC	-0.57188463	2.8025935	9.3613205
727277841	ACC	-0.59581286	2.8025935	9.356535
727277851	ACC	-0.5910272	2.769094	9.370892
727277860	ACC	-0.60059845	2.7882366	9.375677
727277870	ACC	-0.6197411	2.8025935	9.390035
727277879	ACC	-0.61016977	2.8265216	9.380463
727277889	ACC	-0.6149554	2.7930222	9.356535
727277898	ACC	-0.61016977	2.8121648	9.375677
727277908	ACC	-0.6149554	2.8121648	9.39482
727277917	ACC	-0.60059845	2.8169506	9.370892
727277927	ACC	-0.58624154	2.8073792	9.342177
727277936	ACC	-0.57188463	2.8025935	9.342177
727277946	ACC	-0.57188463	2.797808	9.370892
727277955	ACC	-0.55752766	2.8073792	9.375677
727277965	ACC	-0.567099	2.8073792	9.404391
727277974	ACC	-0.5910272	2.7930222	9.413962
727277984	ACC	-0.5910272	2.7834508	9.399606
727277993	ACC	-0.60059845	2.7930222	9.404391
727278003	ACC	-0.61016977	2.8025935	9.390035
727278012	ACC	-0.6149554	2.797808	9.366106
727278022	ACC	-0.61016977	2.8073792	9.337392
727278031	ACC	-0.6053841	2.8025935	9.351749
727278041	ACC	-0.61016977	2.8265216	9.356535
727278050	ACC	-0.59581286	2.8169506	9.346964
727278060	ACC	-0.59581286	2.821736	9.380463
727278069	ACC	-0.60059845	2.8025935	9.39482
727278079	ACC	-0.60059845	2.8121648	9.409177
727278088	ACC	-0.59581286	2.7930222	9.409177
727278098	ACC	-0.60059845	2.797808	9.409177
727278107	ACC	-0.5910272	2.8073792	9.385248
727278117	ACC	-0.62452674	2.7882366	9.346964
727278126	ACC	-0.60059845	2.7930222	9.337392
727278136	ACC	-0.5814559	2.7882366	9.299107
727278145	ACC	-0.62452674	2.821736	9.366106
727278155	ACC	-0.61016977	2.8121648	9.327821
727278164	ACC	-0.59581286	2.8073792	9.346964
727278174	ACC	-0.58624154	2.8025935	9.3613205
727278183	ACC	-0.5910272	2.7930222	9.356535
727278193	ACC	-0.59581286	2.797808	9.356535
727278202	ACC	-0.61016977	2.8025935	9.375677
727278212	ACC	-0.5910272	2.7834508	9.380463
727278221	ACC	-0.57188463	2.8073792	9.39482
727278231	ACC	-0.58624154	2.797808	9.409177
727278240	ACC	-0.5910272	2.8169506	9.380463
727278250	ACC	-0.5910272	2.8073792	9.366106
727278259	ACC	-0.5910272	2.8169506	9.380463
727278269	ACC	-0.58624154	2.8025935	9.375677
727278278	ACC	-0.6053841	2.8073792	9.380463
727278288	ACC	-0.6197411	2.8073792	9.390035
727278297	ACC	-0.61016977	2.8073792	9.390035
727278307	ACC	-0.59581286	2.8025935	9.399606
727278316	ACC	-0.61016977	2.797808	9.390035
727278325	ACC	-0.6053841	2.8169506	9.342177
727278335	ACC	-0.6053841	2.836093	9.332606
727278344	ACC	-0.59581286	2.8265216	9.332606
727278354	ACC	-0.59581286	2.8265216	9.337392
727278363	ACC	-0.57188463	2.7786653	9.3613205
727278373	ACC	-0.5623133	2.7834508	9.390035
727278382	ACC	-0.5192425	2.7786653	9.404391
727278392	ACC	-0.5383851	2.7786653	9.385248
727278401	ACC	-0.5479564	2.769094	9.39482
727278411	ACC	-0.552742	2.797808	9.39482
727278420	ACC	-0.55752766	2.7930222	9.413962
727278430	ACC	-0.5910272	2.797808	9.428319
727278439	ACC	-0.5814559	2.8169506	9.423533
727278449	ACC	-0.567099	2.8025935	9.399606
727278458	ACC	-0.567099	2.8073792	9.390035
727278468	ACC	-0.57188463	2.797808	9.366106
727278477	ACC	-0.57188463	2.7786653	9.366106
727278487	ACC	-0.55752766	2.7738798	9.370892
727278496	ACC	-0.5383851	2.7738798	9.366106
727278506	ACC	-0.552742	2.7882366	9.375677
727278515	ACC	-0.57188463	2.769094	9.375677
727278525	ACC	-0.5623133	2.7738798	9.366106
727278534	ACC	-0.5383851	2.7643085	9.370892
727278544	ACC	-0.5479564	2.769094	9.370892
727278553	ACC	-0.5623133	2.7930222	9.370892
727278563	ACC	-0.552742	2.7786653	9.370892
727278572	ACC	-0.5623133	2.7738798	9.370892
727278582	ACC	-0.55752766	2.7882366	9.3613205
727278591	ACC	-0.57188463	2.7882366	9.356535
727278601	ACC	-0.5623133	2.8169506	9.380463
727278610	ACC	-0.567099	2.797808	9.375677
727278620	ACC	-0.57188463	2.8025935	9.370892
727278629	ACC	-0.5623133	2.797808	9.385248
727278639	ACC	-0.5910272	2.7786653	9.390035
727278648	ACC	-0.57188463	2.797808	9.39482
727278658	ACC	-0.5479564	2.7738798	9.390035
727278667	ACC	-0.5383851	2.769094	9.39482
727278677	ACC	-0.5240282	2.7786653	9.39482
727278686	ACC	-0.5383851	2.7738798	9.413962
727278696	ACC	-0.5479564	2.769094	9.404391
727278705	ACC	-0.552742	2.7547371	9.385248
727278715	ACC	-0.5383851	2.7451658	9.375677
727278724	ACC	-0.53359944	2.7595227	9.370892
727278734	ACC	-0.5623133	2.7643085	9.375677
727278743	ACC	-0.5479564	2.7643085	9.380463
727278753	ACC	-0.552742	2.7834508	9.370892
727278762	ACC	-0.552742	2.7738798	9.390035
727278772	ACC	-0.552742	2.7643085	9.385248
727278781	ACC	-0.5240282	2.7738798	9.39482
727278791	ACC	-0.53359944	2.7834508	9.399606
727278800	ACC	-0.5240282	2.7643085	9.39482
727278810	ACC	-0.5479564	2.7451658	9.390035
727278819	ACC	-0.5479564	2.7786653	9.385248
727278829	ACC	-0.552742	2.7786653	9.399606
727278838	ACC	-0.5383851	2.7547371	9.399606
727278848	ACC	-0.5383851	2.7547371	9.404391
727278857	ACC	-0.54317075	2.7595227	9.385248
727278867	ACC	-0.54317075	2.7738798	9.380463
727278876	ACC	-0.53359944	2.7786653	9.375677
727278886	ACC	-0.54317075	2.769094	9.346964
727278895	ACC	-0.5383851	2.7834508	9.3613205
727278905	ACC	-0.54317075	2.797808	9.380463
727278914	ACC	-0.54317075	2.7738798	9.390035
727278924	ACC	-0.552742	2.7738798	9.399606
727278933	ACC	-0.567099	2.7786653	9.409177
727278943	ACC	-0.5240282	2.7595227	9.409177
727278952	ACC	-0.5479564	2.769094	9.404391
727278962	ACC	-0.5383851	2.7595227	9.390035
727278971	ACC	-0.53359944	2.7547371	9.385248
727278981	ACC	-0.552742	2.7547371	9.375677
727278990	ACC	-0.55752766	2.7595227	9.375677
727279000	ACC	-0.5479564	2.7595227	9.370892
727279009	ACC	-0.5288138	2.7451658	9.375677
727279019	ACC	-0.54317075	2.7547371	9.390035
727279028	ACC	-0.5096712	2.7595227	9.385248
727279038	ACC	-0.50488555	2.7643085	9.39482
727279047	ACC	-0.5096712	2.7499514	9.39482
727279057	ACC	-0.50009996	2.769094	9.399606
727279066	ACC	-0.51445687	2.7595227	9.409177
727279076	ACC	-0.53359944	2.7595227	9.409177
727279085	ACC	-0.5192425	2.7547371	9.399606
727279095	ACC	-0.5240282	2.7451658	9.404391
727279104	ACC	-0.51445687	2.7547371	9.399606
727279114	ACC	-0.5288138	2.7355945	9.390035
727279123	ACC	-0.5383851	2.7499514	9.413962
727279133	ACC	-0.54317075	2.74038	9.409177
727279142	ACC	-0.54317075	2.7212377	9.428319
727279152	ACC	-0.5479564	2.7451658	9.428319
727279161	ACC	-0.5479564	2.7547371	9.39482
727279171	ACC	-0.5479564	2.7643085	9.366106
727279180	ACC	-0.5383851	2.769094	9.332606
727279190	ACC	-0.53359944	2.7786653	9.327821
727279199	ACC	-0.51445687	2.769094	9.342177
727279209	ACC	-0.4761717	2.7547371	9.409177
727279218	ACC	-0.48095736	2.74038	9.442677
727279228	ACC	-0.5096712	2.74038	9.423533
727279237	ACC	-0.485743	2.716452	9.418748
727279247	ACC	-0.50009996	2.7260232	9.418748
727279256	ACC	-0.5096712	2.74038	9.385248
727279266	ACC	-0.5096712	2.7595227	9.418748
727279275	ACC	-0.485743	2.7547371	9.423533
727279285	ACC	-0.485743	2.7595227	9.447462
727279294	ACC	-0.49052864	2.7595227	9.418748
727279304	ACC	-0.50009996	2.7595227	9.404391
727279313	ACC	-0.5288138	2.7595227	9.380463
727279323	ACC	-0.51445687	2.7499514	9.370892
727279332	ACC	-0.5192425	2.7451658	9.351749
727279342	ACC	-0.50009996	2.7308087	9.356535
727279351	ACC	-0.4953143	2.7355945	9.366106
727279361	ACC	-0.50009996	2.7212377	9.385248
727279370	ACC	-0.485743	2.7260232	9.385248
727279380	ACC	-0.485743	2.716452	9.409177
727279389	ACC	-0.5096712	2.7260232	9.399606
727279399	ACC	-0.4953143	2.7212377	9.390035
727279408	ACC	-0.50488555	2.7308087	9.385248
727279418	ACC	-0.485743	2.7451658	9.356535
727279427	ACC	-0.50488555	2.7547371	9.351749
727279437	ACC	-0.5192425	2.7738798	9.366106
727279446	ACC	-0.5240282	2.7643085	9.390035
727279456	ACC	-0.5288138	2.7786653	9.423533
727279465	ACC	-0.5288138	2.7786653	9.428319
727279475	ACC	-0.53359944	2.769094	9.39482
727279484	ACC	-0.5240282	2.7738798	9.399606
727279494	ACC	-0.5240282	2.7643085	9.390035
727279503	ACC	-0.5096712	2.7547371	9.375677
727279513	ACC	-0.4953143	2.7499514	9.375677
727279522	ACC	-0.50009996	2.7212377	9.385248
727279532	ACC	-0.50009996	2.6973093	9.399606
727279541	ACC	-0.49052864	2.7308087	9.404391
727279551	ACC	-0.5096712	2.7212377	9.413962
727279560	ACC	-0.5288138	2.7355945	9.404391
727279570	ACC	-0.5288138	2.7355945	9.375677
727279579	ACC	-0.5383851	2.7355945	9.375677
727279589	ACC	-0.5288138	2.7547371	9.366106
727279598	ACC	-0.5288138	2.7643085	9.380463
727279608	ACC	-0.50488555	2.7355945	9.380463
727279617	ACC	-0.50488555	2.7499514	9.380463
727279627	ACC	-0.4761717	2.7355945	9.375677
727279636	ACC	-0.485743	2.716452	9.413962
727279646	ACC	-0.5096712	2.7212377	9.404391
727279655	ACC	-0.4953143	2.7355945	9.433105
727279665	ACC	-0.4953143	2.74038	9.437891
727279674	ACC	-0.51445687	2.7308087	9.418748
727279684	ACC	-0.5288138	2.7260232	9.409177
727279693	ACC	-0.53359944	2.74038	9.390035
727279703	ACC	-0.53359944	2.74038	9.390035
727279712	ACC	-0.5288138	2.7547371	9.380463
727279722	ACC	-0.5240282	2.74038	9.390035
727279731	ACC	-0.51445687	2.7595227	9.404391
727279741	ACC	-0.5096712	2.7595227	9.413962
727279750	ACC	-0.5096712	2.7643085	9.409177
727279760	ACC	-0.5192425	2.7499514	9.399606
727279769	ACC	-0.54317075	2.74038	9.399606
727279779	ACC	-0.5240282	2.7355945	9.390035
727279788	ACC	-0.51445687	2.7499514	9.375677
727279798	ACC	-0.5192425	2.74038	9.356535
727279807	ACC	-0.5240282	2.7499514	9.351749
727279817	ACC	-0.4953143	2.7212377	9.404391
727279826	ACC	-0.485743	2.7308087	9.409177
727279836	ACC	-0.50009996	2.7260232	9.390035
727279845	ACC	-0.50488555	2.74038	9.399606
727279855	ACC	-0.5096712	2.74038	9.399606
727279864	ACC	-0.49052864	2.7595227	9.390035
727279874	ACC	-0.5096712	2.7834508	9.39482
727279883	ACC	-0.51445687	2.7643085	9.409177
727279893	ACC	-0.51445687	2.7643085	9.399606
727279902	ACC	-0.50488555	2.7547371	9.399606
727279912	ACC	-0.5096712	2.7499514	9.390035
727279921	ACC	-0.5623133	2.7547371	9.404391
727279931	ACC	-0.54317075	2.7499514	9.39482
727279940	ACC	-0.552742	2.7499514	9.380463
727279950	ACC	-0.552742	2.74038	9.442677
727279959	ACC	-0.54317075	2.7547371	9.418748
727279969	ACC	-0.5288138	2.7643085	9.39482
727279978	ACC	-0.552742	2.7547371	9.346964
727279988	ACC	-0.5479564	2.7882366	9.332606
727279997	ACC	-0.5288138	2.7930222	9.313464
727280007	ACC	-0.5240282	2.7738798	9.342177
727280016	ACC	-0.51445687	2.74038	9.409177
727280026	ACC	-0.49052864	2.7260232	9.442677
727280035	ACC	-0.485743	2.7068806	9.442677
727280045	ACC	-0.48095736	2.7499514	9.437891
727280054	ACC	-0.49052864	2.7260232	9.423533
727280064	ACC	-0.50488555	2.7547371	9.418748
727280073	ACC	-0.5096712	2.7595227	9.423533
727280083	ACC	-0.5288138	2.7643085	9.413962
727280092	ACC	-0.552742	2.769094	9.413962
727280101	ACC	-0.552742	2.7882366	9.390035
727280111	ACC	-0.55752766	2.7882366	9.380463
727280120	ACC	-0.5383851	2.7834508	9.380463
727280130	ACC	-0.5479564	2.7786653	9.380463
727280139	ACC	-0.5479564	2.7595227	9.385248
727280149	ACC	-0.5192425	2.7643085	9.390035
727280158	ACC	-0.54317075	2.7595227	9.375677
727280168	ACC	-0.5240282	2.7451658	9.356535
727280177	ACC	-0.50009996	2.74038	9.375677
727280187	ACC	-0.5192425	2.7499514	9.375677
727280196	ACC	-0.50488555	2.7595227	9.375677
727280206	ACC	-0.5192425	2.769094	9.390035
727280215	ACC	-0.5288138	2.7547371	9.375677
727280225	ACC	-0.5479564	2.7547371	9.366106
727280234	ACC	-0.55752766	2.769094	9.366106
727280244	ACC	-0.54317075	2.769094	9.375677
727280253	ACC	-0.5623133	2.7834508	9.390035
727280263	ACC	-0.5623133	2.7834508	9.423533
727280272	ACC	-0.55752766	2.7882366	9.418748
727280282	ACC	-0.57188463	2.7834508	9.39482
727280291	ACC	-0.54317075	2.7643085	9.375677
727280301	ACC	-0.53359944	2.7738798	9.366106
727280310	ACC	-0.5192425	2.7882366	9.370892
727280320	ACC	-0.5288138	2.7834508	9.375677
727280329	ACC	-0.5096712	2.7499514	9.380463
727280339	ACC	-0.5288138	2.7547371	9.380463
727280348	ACC	-0.5479564	2.7499514	9.39482
727280358	ACC	-0.5383851	2.7595227	9.399606
727280367	ACC	-0.552742	2.74038	9.399606
727280377	ACC	-0.5479564	2.7499514	9.385248
727280386	ACC	-0.5383851	2.74038	9.39482
727280396	ACC	-0.54317075	2.74038	9.409177
727280405	ACC	-0.55752766	2.7643085	9.39482
727280415	ACC	-0.5623133	2.7643085	9.380463
727280424	ACC	-0.552742	2.769094	9.380463
727280434	ACC	-0.5383851	2.7786653	9.390035
727280443	ACC	-0.5383851	2.7786653	9.404391
727280453	ACC	-0.54317075	2.7643085	9.409177
727280462	ACC	-0.54317075	2.7451658	9.404391
727280472	ACC	-0.5383851	2.7308087	9.404391
727280481	ACC	-0.5383851	2.7643085	9.399606
727280491	ACC	-0.53359944	2.7643085	9.390035
727280500	ACC	-0.5479564	2.74038	9.380463
727280510	ACC	-0.54317075	2.7643085	9.390035
727280519	ACC	-0.5479564	2.769094	9.399606
727280529	ACC	-0.54317075	2.769094	9.399606
727280538	ACC	-0.5479564	2.7643085	9.399606
727280548	ACC	-0.567099	2.7499514	9.404391
727280557	ACC	-0.552742	2.7643085	9.404391
727280567	ACC	-0.53359944	2.7595227	9.413962
727280576	ACC	-0.5288138	2.7595227	9.39482
727280586	ACC	-0.5240282	2.7355945	9.404391
727280595	ACC	-0.54317075	2.7355945	9.39482
727280605	ACC	-0.5479564	2.7595227	9.399606
727280614	ACC	-0.5240282	2.7595227	9.380463
727280624	ACC	-0.53359944	2.7643085	9.380463
727280633	ACC	-0.5383851	2.7595227	9.370892
727280643	ACC	-0.54317075	2.7643085	9.380463
727280652	ACC	-0.5383851	2.7595227	9.380463
727280662	ACC	-0.5288138	2.7595227	9.399606
727280671	ACC	-0.5479564	2.7547371	9.385248
727280681	ACC	-0.5479564	2.7643085	9.380463
727280690	ACC	-0.552742	2.7834508	9.399606
727280700	ACC	-0.55752766	2.7738798	9.385248
727280709	ACC	-0.567099	2.769094	9.375677
727280719	ACC	-0.567099	2.7834508	9.399606
727280728	ACC	-0.61016977	2.7738798	9.404391
727280738	ACC	-0.6053841	2.7786653	9.423533
727280747	ACC	-0.59581286	2.7834508	9.433105
727280757	ACC	-0.58624154	2.7738798	9.428319
727280766	ACC	-0.58624154	2.7786653	9.385248
727280776	ACC	-0.61016977	2.7882366	9.337392
727280785	ACC	-0.59581286	2.7786653	9.332606
727280795	ACC	-0.5814559	2.7834508	9.323035
727280804	ACC	-0.55752766	2.7643085	9.356535
727280814	ACC	-0.5479564	2.7260232	9.375677
727280823	ACC	-0.5192425	2.7260232	9.390035
727280833	ACC	-0.5479564	2.7451658	9.399606
727280842	ACC	-0.53359944	2.7451658	9.399606
727280852	ACC	-0.552742	2.7643085	9.385248
727280861	ACC	-0.5766702	2.7643085	9.404391
727280871	ACC	-0.567099	2.7643085	9.437891
727280880	ACC	-0.5814559	2.7786653	9.447462
727280890	ACC	-0.5910272	2.7738798	9.409177
727280899	ACC	-0.58624154	2.7834508	9.3613205
727280909	ACC	-0.5623133	2.7786653	9.3613205
727280918	ACC	-0.5383851	2.7643085	9.3613205
727280928	ACC	-0.5623133	2.7786653	9.380463
727280937	ACC	-0.552742	2.769094	9.404391
727280947	ACC	-0.552742	2.7643085	9.385248
727280956	ACC	-0.54317075	2.7595227	9.370892
727280966	ACC	-0.55752766	2.7499514	9.356535
727280975	ACC	-0.5814559	2.7547371	9.332606
727280985	ACC	-0.5910272	2.7595227	9.337392
727280994	ACC	-0.5766702	2.7834508	9.337392
727281004	ACC	-0.5766702	2.7882366	9.366106
727281013	ACC	-0.5623133	2.7643085	9.366106
727281023	ACC	-0.5240282	2.7547371	9.3613205
727281032	ACC	-0.5623133	2.7738798	9.385248
727281042	ACC	-0.58624154	2.797808	9.370892
727281051	ACC	-0.59581286	2.8169506	9.404391
727281061	ACC	-0.60059845	2.8121648	9.452248
727281070	ACC	-0.634098	2.797808	9.442677
727281080	ACC	-0.6436693	2.7930222	9.370892
727281089	ACC	-0.6197411	2.797808	9.366106
727281099	ACC	-0.5766702	2.7786653	9.380463
727281108	ACC	-0.5910272	2.7930222	9.370892
727281118	ACC	-0.57188463	2.7738798	9.380463
727281127	ACC	-0.552742	2.7643085	9.380463
727281137	ACC	-0.567099	2.7499514	9.385248
727281146	ACC	-0.5766702	2.769094	9.399606
727281156	ACC	-0.5910272	2.7547371	9.418748
727281165	ACC	-0.60059845	2.769094	9.428319
727281175	ACC	-0.6053841	2.7451658	9.404391
727281184	ACC	-0.634098	2.797808	9.390035
727281194	ACC	-0.62931234	2.821736	9.380463
727281203	ACC	-0.5814559	2.8025935	9.3613205
727281213	ACC	-0.552742	2.8073792	9.351749
727281222	ACC	-0.57188463	2.7738798	9.332606
727281232	ACC	-0.59581286	2.7643085	9.2895355
727281241	ACC	-0.59581286	2.7786653	9.323035
727281251	ACC	-0.60059845	2.7930222	9.3613205
727281260	ACC	-0.61016977	2.8073792	9.3613205
727281270	ACC	-0.6149554	2.797808	9.399606
727281279	ACC	-0.5910272	2.7834508	9.413962
727281289	ACC	-0.58624154	2.7786653	9.409177
727281298	ACC	-0.5814559	2.7930222	9.418748
727281308	ACC	-0.58624154	2.7834508	9.399606
727281317	ACC	-0.57188463	2.8025935	9.366106
727281327	ACC	-0.60059845	2.8265216	9.332606
727281336	ACC	-0.5766702	2.8265216	9.346964
727281346	ACC	-0.5623133	2.821736	9.370892
727281355	ACC	-0.58624154	2.836093	9.409177
727281365	ACC	-0.5814559	2.821736	9.418748
727281374	ACC	-0.59581286	2.8121648	9.423533
727281384	ACC	-0.5623133	2.8169506	9.39482
727281393	ACC	-0.54317075	2.7786653	9.380463
727281403	ACC	-0.5623133	2.797808	9.385248
727281412	ACC	-0.5623133	2.7834508	9.366106
727281422	ACC	-0.5479564	2.769094	9.375677
727281431	ACC	-0.552742	2.769094	9.380463
727281441	ACC	-0.567099	2.7786653	9.409177
727281450	ACC	-0.5766702	2.7834508	9.409177
727281460	ACC	-0.57188463	2.8025935	9.356535
727281469	ACC	-0.59581286	2.8169506	9.351749
727281479	ACC	-0.60059845	2.8169506	9.337392
727281488	ACC	-0.60059845	2.821736	9.323035
727281498	ACC	-0.58624154	2.8313074	9.366106
727281507	ACC	-0.57188463	2.836093	9.404391
727281516	ACC	-0.55752766	2.8121648	9.413962
727281526	ACC	-0.567099	2.7882366	9.461819
727281535	ACC	-0.62452674	2.7834508	9.404391
727281545	ACC	-0.552742	2.7451658	9.31825
727281554	ACC	-0.6149554	2.8552356	9.28475
727281564	ACC	-0.701097	2.9509485	9.260822
727281573	ACC	-0.6628119	2.9318058	9.351749
727281583	ACC	-0.6628119	2.8791637	9.428319
727281592	ACC	-0.6580262	2.8600214	9.418748
727281602	ACC	-0.64845496	2.8121648	9.399606
727281611	ACC	-0.634098	2.8073792	9.380463
727281621	ACC	-0.62931234	2.821736	9.380463
727281630	ACC	-0.65324056	2.836093	9.351749
727281640	ACC	-0.62452674	2.7499514	9.294321
727281649	ACC	-0.5623133	2.7643085	9.327821
727281659	ACC	-0.5479564	2.8265216	9.370892
