727295789	ACC	-0.6053841	2.6398816	9.452248
727295798	ACC	-0.6580262	2.6829524	9.370892
727295808	ACC	-0.6436693	2.7212377	9.31825
727295817	ACC	-0.60059845	2.7595227	9.256036
727295827	ACC	-0.64845496	2.8456643	9.193823
727295836	ACC	-0.6149554	2.8791637	9.17468
727295846	ACC	-0.55752766	2.8600214	9.236894
727295855	ACC	-0.53359944	2.8600214	9.3613205
727295865	ACC	-0.5192425	2.8121648	9.423533
727295874	ACC	-0.4953143	2.7499514	9.524033
727295884	ACC	-0.51445687	2.6925237	9.524033
727295893	ACC	-0.5240282	2.673381	9.480962
727295903	ACC	-0.5766702	2.6590242	9.437891
727295912	ACC	-0.63888365	2.673381	9.409177
727295922	ACC	-0.634098	2.687738	9.385248
727295931	ACC	-0.6053841	2.7355945	9.3613205
727295941	ACC	-0.6149554	2.7738798	9.375677
727295950	ACC	-0.5910272	2.7834508	9.380463
727295960	ACC	-0.5623133	2.8073792	9.385248
727295969	ACC	-0.5623133	2.8073792	9.370892
727295979	ACC	-0.54317075	2.7882366	9.375677
727295988	ACC	-0.5096712	2.7451658	9.370892
727295998	ACC	-0.5192425	2.7355945	9.390035
727296007	ACC	-0.51445687	2.716452	9.437891
727296017	ACC	-0.54317075	2.7068806	9.461819
727296026	ACC	-0.5910272	2.7116663	9.447462
727296036	ACC	-0.61016977	2.7260232	9.433105
727296045	ACC	-0.6053841	2.7355945	9.380463
727296055	ACC	-0.6053841	2.7308087	9.332606
727296064	ACC	-0.5910272	2.7451658	9.294321
727296074	ACC	-0.5623133	2.7738798	9.323035
727296083	ACC	-0.55752766	2.7786653	9.351749
727296093	ACC	-0.5479564	2.7499514	9.385248
727296102	ACC	-0.53359944	2.769094	9.418748
727296112	ACC	-0.5766702	2.74038	9.428319
727296121	ACC	-0.552742	2.7547371	9.423533
727296131	ACC	-0.59581286	2.7355945	9.428319
727296140	ACC	-0.5766702	2.74038	9.409177
727296150	ACC	-0.6053841	2.7260232	9.428319
727296159	ACC	-0.61016977	2.7260232	9.452248
727296169	ACC	-0.6149554	2.7451658	9.413962
727296178	ACC	-0.61016977	2.7643085	9.399606
727296188	ACC	-0.58624154	2.7643085	9.366106
727296197	ACC	-0.5910272	2.7786653	9.346964
727296207	ACC	-0.634098	2.7834508	9.303893
727296216	ACC	-0.59581286	2.7786653	9.294321
727296226	ACC	-0.5623133	2.7451658	9.366106
727296235	ACC	-0.57188463	2.7212377	9.385248
727296245	ACC	-0.55752766	2.7212377	9.375677
727296254	ACC	-0.552742	2.7547371	9.3613205
727296264	ACC	-0.5288138	2.7499514	9.399606
727296273	ACC	-0.5192425	2.7212377	9.447462
727296283	ACC	-0.552742	2.716452	9.476176
727296292	ACC	-0.59581286	2.74038	9.495318
727296302	ACC	-0.5766702	2.7643085	9.461819
727296311	ACC	-0.5910272	2.74038	9.428319
727296321	ACC	-0.5910272	2.7308087	9.375677
727296330	ACC	-0.60059845	2.7595227	9.356535
727296340	ACC	-0.59581286	2.7451658	9.342177
727296349	ACC	-0.552742	2.74038	9.337392
727296359	ACC	-0.5383851	2.74038	9.351749
727296368	ACC	-0.54317075	2.7643085	9.375677
727296378	ACC	-0.567099	2.7547371	9.3613205
727296387	ACC	-0.5479564	2.7308087	9.380463
727296397	ACC	-0.55752766	2.7308087	9.409177
727296406	ACC	-0.5623133	2.7308087	9.418748
727296416	ACC	-0.5766702	2.7355945	9.413962
727296425	ACC	-0.60059845	2.74038	9.385248
727296435	ACC	-0.5814559	2.7451658	9.366106
727296444	ACC	-0.58624154	2.7643085	9.332606
727296454	ACC	-0.59581286	2.769094	9.323035
727296463	ACC	-0.5766702	2.7834508	9.337392
727296473	ACC	-0.6149554	2.7786653	9.385248
727296482	ACC	-0.62931234	2.7643085	9.428319
727296492	ACC	-0.6053841	2.7451658	9.457033
727296501	ACC	-0.6053841	2.769094	9.442677
727296511	ACC	-0.6197411	2.7834508	9.413962
727296520	ACC	-0.5814559	2.7738798	9.366106
727296530	ACC	-0.5479564	2.7499514	9.342177
727296539	ACC	-0.5623133	2.7499514	9.346964
727296549	ACC	-0.55752766	2.7499514	9.346964
727296558	ACC	-0.5623133	2.7260232	9.3613205
727296568	ACC	-0.567099	2.7308087	9.399606
727296577	ACC	-0.567099	2.7260232	9.399606
727296587	ACC	-0.58624154	2.74038	9.418748
727296596	ACC	-0.5910272	2.7499514	9.423533
727296606	ACC	-0.60059845	2.7212377	9.413962
727296615	ACC	-0.61016977	2.7547371	9.380463
727296625	ACC	-0.58624154	2.7547371	9.370892
727296634	ACC	-0.5766702	2.74038	9.366106
727296644	ACC	-0.567099	2.74038	9.366106
727296653	ACC	-0.567099	2.7499514	9.3613205
727296663	ACC	-0.57188463	2.74038	9.375677
727296672	ACC	-0.57188463	2.7499514	9.380463
727296682	ACC	-0.567099	2.7547371	9.39482
727296691	ACC	-0.5766702	2.74038	9.399606
727296701	ACC	-0.5814559	2.7355945	9.404391
727296710	ACC	-0.59581286	2.7260232	9.390035
727296719	ACC	-0.5910272	2.7260232	9.409177
727296729	ACC	-0.55752766	2.7308087	9.399606
727296738	ACC	-0.567099	2.7547371	9.390035
727296748	ACC	-0.5814559	2.7595227	9.385248
727296757	ACC	-0.58624154	2.7547371	9.370892
727296767	ACC	-0.5623133	2.7595227	9.380463
727296776	ACC	-0.5814559	2.7595227	9.385248
727296786	ACC	-0.552742	2.7547371	9.39482
727296795	ACC	-0.5623133	2.769094	9.404391
727296805	ACC	-0.55752766	2.7547371	9.418748
727296814	ACC	-0.567099	2.7451658	9.409177
727296824	ACC	-0.58624154	2.7451658	9.404391
727296833	ACC	-0.5814559	2.74038	9.404391
727296843	ACC	-0.567099	2.7595227	9.399606
727296852	ACC	-0.5623133	2.7260232	9.385248
727296862	ACC	-0.5766702	2.7260232	9.385248
727296871	ACC	-0.57188463	2.7260232	9.3613205
727296881	ACC	-0.5766702	2.7260232	9.375677
727296890	ACC	-0.5766702	2.74038	9.380463
727296900	ACC	-0.5623133	2.7212377	9.380463
727296909	ACC	-0.5479564	2.7355945	9.413962
727296919	ACC	-0.552742	2.7260232	9.404391
727296928	ACC	-0.54317075	2.7116663	9.428319
727296938	ACC	-0.552742	2.7308087	9.413962
727296947	ACC	-0.55752766	2.7355945	9.39482
727296957	ACC	-0.5479564	2.7499514	9.370892
727296966	ACC	-0.5479564	2.7738798	9.375677
727296976	ACC	-0.5383851	2.74038	9.356535
727296985	ACC	-0.5288138	2.702095	9.380463
727296995	ACC	-0.53359944	2.716452	9.385248
727297004	ACC	-0.5288138	2.7355945	9.390035
727297014	ACC	-0.54317075	2.7308087	9.399606
727297023	ACC	-0.5623133	2.7308087	9.423533
727297033	ACC	-0.57188463	2.74038	9.433105
727297042	ACC	-0.58624154	2.7116663	9.433105
727297052	ACC	-0.5623133	2.6829524	9.404391
727297061	ACC	-0.54317075	2.7068806	9.375677
727297071	ACC	-0.552742	2.7547371	9.356535
727297080	ACC	-0.58624154	2.8025935	9.370892
727297090	ACC	-0.58624154	2.7834508	9.409177
727297099	ACC	-0.567099	2.7595227	9.409177
727297109	ACC	-0.5096712	2.7260232	9.409177
727297118	ACC	-0.50009996	2.687738	9.39482
727297128	ACC	-0.48095736	2.6781666	9.375677
727297137	ACC	-0.46181476	2.6925237	9.337392
727297147	ACC	-0.49052864	2.702095	9.3613205
727297156	ACC	-0.53359944	2.7116663	9.413962
727297166	ACC	-0.53359944	2.716452	9.452248
727297175	ACC	-0.5623133	2.7260232	9.490533
727297185	ACC	-0.552742	2.7212377	9.495318
727297194	ACC	-0.5479564	2.7260232	9.461819
727297204	ACC	-0.53359944	2.7068806	9.433105
727297213	ACC	-0.5192425	2.716452	9.390035
727297223	ACC	-0.5383851	2.7355945	9.375677
727297232	ACC	-0.50009996	2.7260232	9.366106
727297242	ACC	-0.50009996	2.7212377	9.356535
727297251	ACC	-0.51445687	2.6973093	9.351749
727297261	ACC	-0.5096712	2.6973093	9.3613205
727297270	ACC	-0.5192425	2.7212377	9.370892
727297280	ACC	-0.50488555	2.6829524	9.390035
727297289	ACC	-0.5240282	2.7116663	9.39482
727297299	ACC	-0.5383851	2.6781666	9.404391
727297308	ACC	-0.5192425	2.702095	9.399606
727297318	ACC	-0.5240282	2.716452	9.423533
727297327	ACC	-0.5288138	2.74038	9.413962
727297337	ACC	-0.5288138	2.7355945	9.390035
727297346	ACC	-0.5240282	2.7451658	9.404391
727297356	ACC	-0.53359944	2.7308087	9.418748
727297365	ACC	-0.5479564	2.7451658	9.423533
727297375	ACC	-0.5240282	2.7260232	9.428319
727297384	ACC	-0.5192425	2.74038	9.437891
727297394	ACC	-0.50488555	2.7212377	9.433105
727297403	ACC	-0.51445687	2.7355945	9.409177
727297413	ACC	-0.5096712	2.7116663	9.418748
727297422	ACC	-0.50009996	2.6973093	9.409177
727297432	ACC	-0.50009996	2.7212377	9.390035
727297441	ACC	-0.50488555	2.7260232	9.390035
727297451	ACC	-0.5096712	2.6973093	9.3613205
727297460	ACC	-0.5096712	2.6973093	9.370892
727297470	ACC	-0.5096712	2.7068806	9.404391
727297479	ACC	-0.4953143	2.687738	9.418748
727297489	ACC	-0.4953143	2.687738	9.413962
727297498	ACC	-0.48095736	2.6925237	9.423533
727297508	ACC	-0.485743	2.7068806	9.428319
727297517	ACC	-0.50009996	2.702095	9.433105
727297527	ACC	-0.4953143	2.7068806	9.413962
727297536	ACC	-0.485743	2.7068806	9.385248
727297546	ACC	-0.49052864	2.6781666	9.390035
727297555	ACC	-0.4953143	2.6925237	9.399606
727297565	ACC	-0.4761717	2.687738	9.418748
727297574	ACC	-0.4953143	2.6973093	9.418748
727297584	ACC	-0.485743	2.6829524	9.413962
727297593	ACC	-0.485743	2.687738	9.423533
727297603	ACC	-0.4953143	2.6829524	9.418748
727297612	ACC	-0.4761717	2.6829524	9.404391
727297622	ACC	-0.49052864	2.7068806	9.404391
727297631	ACC	-0.4953143	2.702095	9.399606
727297641	ACC	-0.48095736	2.702095	9.385248
727297650	ACC	-0.49052864	2.7116663	9.390035
727297660	ACC	-0.48095736	2.7116663	9.404391
727297669	ACC	-0.4761717	2.7116663	9.442677
727297679	ACC	-0.4953143	2.6829524	9.457033
727297688	ACC	-0.50488555	2.673381	9.437891
727297698	ACC	-0.50488555	2.6973093	9.442677
727297707	ACC	-0.49052864	2.7116663	9.404391
727297717	ACC	-0.50009996	2.687738	9.390035
727297726	ACC	-0.485743	2.6925237	9.370892
727297736	ACC	-0.48095736	2.7068806	9.370892
727297745	ACC	-0.4761717	2.687738	9.390035
727297755	ACC	-0.47138608	2.687738	9.423533
727297764	ACC	-0.45702913	2.6973093	9.447462
727297774	ACC	-0.46181476	2.673381	9.437891
727297783	ACC	-0.46660042	2.6925237	9.418748
727297793	ACC	-0.48095736	2.702095	9.418748
727297802	ACC	-0.485743	2.6925237	9.409177
727297812	ACC	-0.4761717	2.6685956	9.413962
727297821	ACC	-0.46660042	2.673381	9.409177
727297831	ACC	-0.46181476	2.687738	9.423533
727297840	ACC	-0.45702913	2.702095	9.433105
727297850	ACC	-0.48095736	2.687738	9.423533
727297859	ACC	-0.49052864	2.702095	9.399606
727297869	ACC	-0.4953143	2.6781666	9.385248
727297878	ACC	-0.50488555	2.6829524	9.380463
727297888	ACC	-0.50009996	2.6829524	9.409177
727297897	ACC	-0.4953143	2.6829524	9.428319
727297907	ACC	-0.485743	2.6781666	9.433105
727297916	ACC	-0.5096712	2.702095	9.409177
727297926	ACC	-0.49052864	2.6973093	9.366106
727297935	ACC	-0.49052864	2.702095	9.351749
727297945	ACC	-0.4761717	2.7260232	9.3613205
727297954	ACC	-0.4953143	2.7260232	9.385248
727297964	ACC	-0.485743	2.6973093	9.428319
727297973	ACC	-0.46660042	2.6685956	9.457033
727297983	ACC	-0.45224348	2.6781666	9.47139
727297992	ACC	-0.45224348	2.6638098	9.452248
727298002	ACC	-0.45224348	2.6638098	9.437891
727298011	ACC	-0.46660042	2.6829524	9.423533
727298021	ACC	-0.46660042	2.7068806	9.423533
727298030	ACC	-0.485743	2.702095	9.437891
727298040	ACC	-0.47138608	2.6781666	9.423533
727298049	ACC	-0.46660042	2.6925237	9.409177
727298059	ACC	-0.5096712	2.6925237	9.404391
727298068	ACC	-0.4953143	2.6925237	9.399606
727298078	ACC	-0.49052864	2.687738	9.39482
727298087	ACC	-0.4953143	2.6829524	9.390035
727298097	ACC	-0.50009996	2.6829524	9.375677
727298106	ACC	-0.4761717	2.6685956	9.375677
727298116	ACC	-0.45224348	2.6685956	9.399606
727298125	ACC	-0.46181476	2.6446671	9.433105
727298135	ACC	-0.45702913	2.649453	9.428319
727298144	ACC	-0.47138608	2.6685956	9.423533
727298154	ACC	-0.45224348	2.6542385	9.409177
727298163	ACC	-0.45224348	2.6781666	9.380463
727298173	ACC	-0.46181476	2.6973093	9.380463
727298182	ACC	-0.49052864	2.6925237	9.370892
727298192	ACC	-0.50488555	2.7212377	9.375677
727298201	ACC	-0.5192425	2.7260232	9.399606
727298211	ACC	-0.5240282	2.7355945	9.404391
727298220	ACC	-0.5096712	2.74038	9.428319
727298230	ACC	-0.50488555	2.7260232	9.433105
727298239	ACC	-0.48095736	2.7116663	9.442677
727298249	ACC	-0.46181476	2.7068806	9.437891
727298258	ACC	-0.46181476	2.687738	9.413962
727298268	ACC	-0.44745782	2.673381	9.428319
727298277	ACC	-0.4426722	2.687738	9.409177
727298287	ACC	-0.48095736	2.6685956	9.39482
727298296	ACC	-0.49052864	2.6685956	9.409177
727298306	ACC	-0.4953143	2.6829524	9.418748
727298315	ACC	-0.485743	2.673381	9.409177
727298325	ACC	-0.49052864	2.6973093	9.404391
727298334	ACC	-0.48095736	2.687738	9.409177
727298344	ACC	-0.48095736	2.687738	9.39482
727298353	ACC	-0.49052864	2.687738	9.404391
727298363	ACC	-0.49052864	2.702095	9.413962
727298372	ACC	-0.46660042	2.6925237	9.409177
727298382	ACC	-0.48095736	2.702095	9.409177
727298391	ACC	-0.48095736	2.6781666	9.409177
727298400	ACC	-0.485743	2.6781666	9.428319
727298410	ACC	-0.48095736	2.702095	9.423533
727298419	ACC	-0.47138608	2.6685956	9.428319
727298429	ACC	-0.4761717	2.687738	9.437891
727298438	ACC	-0.49052864	2.702095	9.413962
727298448	ACC	-0.485743	2.687738	9.418748
727298457	ACC	-0.485743	2.6973093	9.433105
727298467	ACC	-0.51445687	2.7116663	9.413962
727298476	ACC	-0.5096712	2.7068806	9.390035
727298486	ACC	-0.5383851	2.716452	9.390035
727298495	ACC	-0.51445687	2.7068806	9.409177
727298505	ACC	-0.5096712	2.7212377	9.423533
727298514	ACC	-0.5096712	2.6973093	9.413962
727298524	ACC	-0.4953143	2.6925237	9.433105
727298533	ACC	-0.48095736	2.6781666	9.399606
727298543	ACC	-0.47138608	2.687738	9.375677
727298552	ACC	-0.47138608	2.6925237	9.385248
727298562	ACC	-0.4761717	2.6973093	9.380463
727298571	ACC	-0.48095736	2.6925237	9.409177
727298581	ACC	-0.46660042	2.687738	9.442677
727298590	ACC	-0.4761717	2.6542385	9.437891
727298600	ACC	-0.46660042	2.6638098	9.433105
727298609	ACC	-0.46660042	2.6781666	9.413962
727298619	ACC	-0.485743	2.7068806	9.423533
727298628	ACC	-0.49052864	2.6925237	9.404391
727298638	ACC	-0.5096712	2.7068806	9.399606
727298647	ACC	-0.5096712	2.702095	9.423533
727298657	ACC	-0.4953143	2.6973093	9.433105
727298666	ACC	-0.49052864	2.716452	9.404391
727298676	ACC	-0.5096712	2.7068806	9.404391
727298685	ACC	-0.51445687	2.7068806	9.409177
727298695	ACC	-0.53359944	2.6925237	9.413962
727298704	ACC	-0.5288138	2.702095	9.428319
727298714	ACC	-0.5240282	2.7068806	9.428319
727298723	ACC	-0.5240282	2.702095	9.428319
727298733	ACC	-0.54317075	2.716452	9.409177
727298742	ACC	-0.5479564	2.716452	9.370892
727298752	ACC	-0.5479564	2.7451658	9.3613205
727298761	ACC	-0.53359944	2.7260232	9.380463
727298771	ACC	-0.5096712	2.6973093	9.447462
727298780	ACC	-0.4953143	2.6638098	9.466604
727298790	ACC	-0.485743	2.6685956	9.437891
727298799	ACC	-0.4761717	2.673381	9.423533
727298809	ACC	-0.46660042	2.687738	9.390035
727298818	ACC	-0.47138608	2.6973093	9.404391
727298828	ACC	-0.485743	2.7116663	9.437891
727298837	ACC	-0.50488555	2.7116663	9.47139
727298847	ACC	-0.5096712	2.6973093	9.457033
727298856	ACC	-0.50488555	2.7212377	9.452248
727298866	ACC	-0.54317075	2.7308087	9.39482
727298875	ACC	-0.567099	2.7260232	9.385248
727298885	ACC	-0.5383851	2.7116663	9.356535
727298894	ACC	-0.5192425	2.7068806	9.366106
727298904	ACC	-0.50488555	2.687738	9.39482
727298913	ACC	-0.50009996	2.673381	9.404391
727298923	ACC	-0.51445687	2.6781666	9.433105
727298932	ACC	-0.51445687	2.673381	9.433105
727298942	ACC	-0.5288138	2.673381	9.404391
727298951	ACC	-0.5192425	2.6925237	9.385248
727298961	ACC	-0.5479564	2.702095	9.390035
727298970	ACC	-0.5096712	2.7068806	9.390035
727298980	ACC	-0.4953143	2.7116663	9.380463
727298989	ACC	-0.49052864	2.7116663	9.390035
727298999	ACC	-0.54317075	2.7260232	9.390035
727299008	ACC	-0.5479564	2.7355945	9.39482
727299018	ACC	-0.552742	2.716452	9.409177
727299027	ACC	-0.5479564	2.7308087	9.418748
727299037	ACC	-0.57188463	2.7499514	9.433105
727299046	ACC	-0.5479564	2.74038	9.413962
727299056	ACC	-0.55752766	2.7451658	9.404391
727299065	ACC	-0.5240282	2.7260232	9.409177
727299075	ACC	-0.5192425	2.7212377	9.390035
727299084	ACC	-0.5096712	2.716452	9.39482
727299094	ACC	-0.5096712	2.7068806	9.390035
727299103	ACC	-0.50488555	2.6973093	9.39482
727299113	ACC	-0.5288138	2.6973093	9.409177
727299122	ACC	-0.53359944	2.7212377	9.428319
727299132	ACC	-0.552742	2.716452	9.413962
727299141	ACC	-0.567099	2.702095	9.413962
727299151	ACC	-0.5479564	2.702095	9.404391
727299160	ACC	-0.552742	2.7260232	9.409177
727299170	ACC	-0.5479564	2.702095	9.399606
727299179	ACC	-0.5192425	2.6973093	9.404391
727299189	ACC	-0.53359944	2.7116663	9.413962
727299198	ACC	-0.53359944	2.7068806	9.399606
727299208	ACC	-0.5383851	2.716452	9.413962
727299217	ACC	-0.5240282	2.716452	9.399606
727299227	ACC	-0.5240282	2.702095	9.404391
727299236	ACC	-0.5288138	2.6829524	9.418748
727299246	ACC	-0.5192425	2.6973093	9.433105
727299255	ACC	-0.53359944	2.6925237	9.433105
727299265	ACC	-0.5383851	2.702095	9.409177
727299274	ACC	-0.53359944	2.687738	9.404391
727299284	ACC	-0.53359944	2.702095	9.409177
727299293	ACC	-0.5479564	2.716452	9.380463
727299303	ACC	-0.5383851	2.7068806	9.399606
727299312	ACC	-0.5479564	2.7355945	9.399606
727299322	ACC	-0.55752766	2.7212377	9.39482
727299331	ACC	-0.5479564	2.7308087	9.423533
727299341	ACC	-0.53359944	2.7116663	9.413962
727299350	ACC	-0.54317075	2.7212377	9.423533
727299360	ACC	-0.54317075	2.716452	9.437891
727299369	ACC	-0.5383851	2.6973093	9.413962
727299379	ACC	-0.5192425	2.7068806	9.399606
727299388	ACC	-0.5288138	2.7116663	9.39482
727299398	ACC	-0.54317075	2.6973093	9.39482
727299407	ACC	-0.552742	2.716452	9.39482
727299417	ACC	-0.54317075	2.7068806	9.399606
727299426	ACC	-0.5192425	2.7068806	9.399606
727299436	ACC	-0.5240282	2.702095	9.399606
727299445	ACC	-0.53359944	2.702095	9.399606
727299455	ACC	-0.51445687	2.716452	9.399606
727299464	ACC	-0.5383851	2.6973093	9.380463
727299474	ACC	-0.55752766	2.702095	9.380463
727299483	ACC	-0.5383851	2.716452	9.380463
727299493	ACC	-0.5479564	2.702095	9.390035
727299502	ACC	-0.54317075	2.6925237	9.404391
727299512	ACC	-0.5383851	2.7068806	9.413962
727299521	ACC	-0.552742	2.7068806	9.442677
727299531	ACC	-0.57188463	2.7068806	9.466604
727299540	ACC	-0.58624154	2.6973093	9.461819
727299550	ACC	-0.5766702	2.7116663	9.442677
727299559	ACC	-0.5814559	2.7308087	9.433105
727299569	ACC	-0.5814559	2.7499514	9.390035
727299578	ACC	-0.58624154	2.7355945	9.346964
727299588	ACC	-0.57188463	2.7499514	9.31825
727299597	ACC	-0.5623133	2.74038	9.346964
727299607	ACC	-0.55752766	2.7308087	9.366106
727299616	ACC	-0.5192425	2.6973093	9.3613205
727299626	ACC	-0.4953143	2.6973093	9.390035
727299635	ACC	-0.50488555	2.7212377	9.385248
727299645	ACC	-0.5096712	2.702095	9.39482
727299654	ACC	-0.5240282	2.7116663	9.428319
727299664	ACC	-0.5383851	2.7068806	9.447462
727299673	ACC	-0.5383851	2.7308087	9.485747
727299683	ACC	-0.552742	2.7260232	9.457033
727299692	ACC	-0.55752766	2.7355945	9.457033
727299702	ACC	-0.58624154	2.7451658	9.39482
727299711	ACC	-0.5383851	2.6829524	9.3613205
727299721	ACC	-0.5479564	2.7212377	9.366106
727299730	ACC	-0.57188463	2.7499514	9.356535
727299740	ACC	-0.5479564	2.7068806	9.380463
727299749	ACC	-0.5288138	2.6925237	9.39482
727299759	ACC	-0.5288138	2.7116663	9.409177
727299768	ACC	-0.54317075	2.702095	9.404391
727299778	ACC	-0.5383851	2.702095	9.404391
727299787	ACC	-0.5479564	2.7116663	9.409177
727299797	ACC	-0.5479564	2.7308087	9.390035
727299806	ACC	-0.53359944	2.7212377	9.385248
727299816	ACC	-0.5240282	2.7116663	9.370892
727299825	ACC	-0.5288138	2.7260232	9.3613205
727299835	ACC	-0.5623133	2.7499514	9.366106
727299844	ACC	-0.55752766	2.7451658	9.366106
727299854	ACC	-0.59581286	2.7451658	9.39482
727299863	ACC	-0.58624154	2.7260232	9.428319
727299873	ACC	-0.5766702	2.7547371	9.433105
727299882	ACC	-0.567099	2.74038	9.447462
727299892	ACC	-0.5766702	2.7499514	9.428319
727299901	ACC	-0.55752766	2.7308087	9.399606
727299911	ACC	-0.51445687	2.7355945	9.399606
727299920	ACC	-0.5240282	2.716452	9.385248
727299930	ACC	-0.5192425	2.7116663	9.390035
727299939	ACC	-0.5288138	2.673381	9.39482
727299949	ACC	-0.53359944	2.6925237	9.399606
727299958	ACC	-0.54317075	2.6973093	9.404391
727299968	ACC	-0.53359944	2.7068806	9.409177
727299977	ACC	-0.5623133	2.7116663	9.423533
727299987	ACC	-0.552742	2.7260232	9.409177
727299996	ACC	-0.567099	2.7068806	9.413962
727300005	ACC	-0.5814559	2.7308087	9.404391
727300015	ACC	-0.552742	2.716452	9.39482
727300024	ACC	-0.53359944	2.702095	9.418748
727300034	ACC	-0.5240282	2.716452	9.418748
727300043	ACC	-0.5383851	2.7068806	9.404391
727300053	ACC	-0.552742	2.7116663	9.404391
727300062	ACC	-0.5479564	2.6973093	9.418748
727300072	ACC	-0.5288138	2.6973093	9.404391
727300081	ACC	-0.54317075	2.6973093	9.433105
727300091	ACC	-0.5814559	2.716452	9.413962
727300100	ACC	-0.5623133	2.6973093	9.39482
727300110	ACC	-0.54317075	2.702095	9.390035
727300119	ACC	-0.5479564	2.7116663	9.380463
727300129	ACC	-0.5479564	2.7260232	9.375677
727300138	ACC	-0.5383851	2.7355945	9.370892
727300148	ACC	-0.5479564	2.716452	9.409177
727300157	ACC	-0.55752766	2.7308087	9.442677
727300167	ACC	-0.5479564	2.7212377	9.452248
727300176	ACC	-0.567099	2.7212377	9.428319
727300186	ACC	-0.55752766	2.7355945	9.404391
727300195	ACC	-0.552742	2.7355945	9.418748
727300205	ACC	-0.54317075	2.7068806	9.390035
727300214	ACC	-0.5383851	2.6973093	9.390035
727300224	ACC	-0.5288138	2.6829524	9.380463
727300233	ACC	-0.552742	2.7116663	9.390035
727300243	ACC	-0.5623133	2.7068806	9.385248
727300252	ACC	-0.5383851	2.7116663	9.39482
727300262	ACC	-0.552742	2.6925237	9.404391
727300271	ACC	-0.5240282	2.716452	9.399606
727300281	ACC	-0.5240282	2.7116663	9.418748
727300290	ACC	-0.5096712	2.716452	9.418748
727300300	ACC	-0.54317075	2.6973093	9.413962
727300309	ACC	-0.5479564	2.716452	9.390035
727300319	ACC	-0.552742	2.716452	9.380463
727300328	ACC	-0.5623133	2.716452	9.380463
727300338	ACC	-0.5479564	2.7355945	9.390035
727300347	ACC	-0.5479564	2.7116663	9.437891
727300357	ACC	-0.5623133	2.7116663	9.447462
727300366	ACC	-0.5814559	2.7260232	9.428319
727300376	ACC	-0.58624154	2.7116663	9.423533
727300385	ACC	-0.5814559	2.7260232	9.437891
727300395	ACC	-0.5814559	2.7355945	9.423533
727300404	ACC	-0.5623133	2.7260232	9.399606
727300414	ACC	-0.5910272	2.7260232	9.380463
727300423	ACC	-0.5910272	2.7451658	9.351749
727300433	ACC	-0.55752766	2.74038	9.332606
727300442	ACC	-0.5479564	2.7260232	9.337392
727300452	ACC	-0.53359944	2.702095	9.390035
727300461	ACC	-0.5192425	2.6925237	9.404391
727300471	ACC	-0.50488555	2.6925237	9.39482
727300480	ACC	-0.4953143	2.6973093	9.409177
727300490	ACC	-0.53359944	2.6925237	9.409177
727300499	ACC	-0.5383851	2.702095	9.457033
727300509	ACC	-0.5623133	2.6973093	9.466604
727300518	ACC	-0.552742	2.7116663	9.480962
727300528	ACC	-0.5814559	2.7212377	9.457033
727300537	ACC	-0.55752766	2.7260232	9.413962
727300547	ACC	-0.552742	2.7355945	9.399606
727300556	ACC	-0.55752766	2.7212377	9.375677
727300566	ACC	-0.552742	2.716452	9.370892
727300575	ACC	-0.5479564	2.716452	9.390035
727300585	ACC	-0.5288138	2.7116663	9.404391
727300594	ACC	-0.5288138	2.7068806	9.418748
727300604	ACC	-0.5383851	2.6925237	9.413962
727300613	ACC	-0.5192425	2.6973093	9.418748
727300623	ACC	-0.5288138	2.6973093	9.413962
727300632	ACC	-0.5479564	2.7116663	9.390035
727300642	ACC	-0.5479564	2.7212377	9.385248
727300651	ACC	-0.5240282	2.716452	9.3613205
727300661	ACC	-0.5383851	2.7308087	9.3613205
727300670	ACC	-0.54317075	2.7068806	9.356535
727300680	ACC	-0.55752766	2.7260232	9.380463
727300689	ACC	-0.5766702	2.74038	9.409177
727300699	ACC	-0.5910272	2.7260232	9.418748
727300708	ACC	-0.5814559	2.7643085	9.442677
727300718	ACC	-0.58624154	2.74038	9.413962
727300727	ACC	-0.567099	2.7355945	9.404391
727300737	ACC	-0.5383851	2.7212377	9.404391
727300746	ACC	-0.5096712	2.7355945	9.385248
727300756	ACC	-0.53359944	2.716452	9.390035
727300765	ACC	-0.5096712	2.7068806	9.409177
727300775	ACC	-0.51445687	2.702095	9.418748
727300784	ACC	-0.5096712	2.6973093	9.428319
727300794	ACC	-0.5240282	2.6973093	9.437891
727300803	ACC	-0.54317075	2.6829524	9.418748
727300813	ACC	-0.55752766	2.6829524	9.380463
727300822	ACC	-0.552742	2.6925237	9.39482
727300832	ACC	-0.53359944	2.702095	9.399606
727300841	ACC	-0.5383851	2.7068806	9.404391
727300851	ACC	-0.51445687	2.702095	9.413962
727300860	ACC	-0.51445687	2.687738	9.423533
727300870	ACC	-0.50488555	2.6925237	9.413962
727300879	ACC	-0.5096712	2.702095	9.399606
727300889	ACC	-0.5383851	2.7068806	9.39482
727300898	ACC	-0.53359944	2.716452	9.428319
727300908	ACC	-0.5383851	2.6973093	9.423533
727300917	ACC	-0.5288138	2.6973093	9.409177
727300927	ACC	-0.53359944	2.6973093	9.399606
727300936	ACC	-0.5288138	2.7212377	9.375677
727300946	ACC	-0.5383851	2.7308087	9.399606
727300955	ACC	-0.54317075	2.7068806	9.399606
727300965	ACC	-0.5383851	2.702095	9.423533
727300974	ACC	-0.51445687	2.7068806	9.413962
727300984	ACC	-0.5240282	2.7116663	9.404391
727300993	ACC	-0.5288138	2.7116663	9.380463
727301003	ACC	-0.53359944	2.7212377	9.399606
727301012	ACC	-0.5288138	2.716452	9.413962
727301022	ACC	-0.51445687	2.702095	9.423533
727301031	ACC	-0.54317075	2.7068806	9.428319
727301041	ACC	-0.5240282	2.6829524	9.442677
727301050	ACC	-0.5288138	2.6685956	9.433105
727301060	ACC	-0.5288138	2.6973093	9.413962
727301069	ACC	-0.4953143	2.6829524	9.39482
727301079	ACC	-0.50009996	2.6829524	9.409177
727301088	ACC	-0.50488555	2.673381	9.399606
727301098	ACC	-0.51445687	2.687738	9.404391
727301107	ACC	-0.5240282	2.6925237	9.423533
727301117	ACC	-0.5288138	2.6781666	9.418748
727301126	ACC	-0.5383851	2.6925237	9.418748
727301136	ACC	-0.51445687	2.6829524	9.413962
727301145	ACC	-0.51445687	2.6925237	9.409177
727301155	ACC	-0.50009996	2.687738	9.404391
727301164	ACC	-0.4953143	2.702095	9.409177
727301174	ACC	-0.4953143	2.6925237	9.413962
727301183	ACC	-0.485743	2.6973093	9.423533
727301193	ACC	-0.49052864	2.7068806	9.428319
727301202	ACC	-0.485743	2.6973093	9.433105
727301212	ACC	-0.4953143	2.6781666	9.39482
727301221	ACC	-0.50488555	2.673381	9.404391
727301231	ACC	-0.50488555	2.6973093	9.428319
727301240	ACC	-0.5240282	2.6973093	9.437891
727301250	ACC	-0.54317075	2.6925237	9.423533
727301259	ACC	-0.552742	2.7068806	9.423533
727301269	ACC	-0.55752766	2.7068806	9.413962
727301278	ACC	-0.53359944	2.6973093	9.39482
727301288	ACC	-0.5288138	2.7212377	9.366106
727301297	ACC	-0.5192425	2.716452	9.356535
727301307	ACC	-0.49052864	2.7116663	9.385248
727301316	ACC	-0.48095736	2.6925237	9.409177
727301326	ACC	-0.4953143	2.6638098	9.433105
727301335	ACC	-0.4761717	2.6685956	9.413962
727301345	ACC	-0.47138608	2.6590242	9.413962
727301354	ACC	-0.45702913	2.673381	9.409177
727301364	ACC	-0.46181476	2.6685956	9.428319
727301373	ACC	-0.4953143	2.673381	9.457033
727301383	ACC	-0.4953143	2.702095	9.490533
727301392	ACC	-0.49052864	2.6925237	9.485747
727301402	ACC	-0.49052864	2.7068806	9.457033
727301411	ACC	-0.50488555	2.6973093	9.437891
727301421	ACC	-0.4953143	2.702095	9.390035
727301430	ACC	-0.50009996	2.6973093	9.3613205
727301440	ACC	-0.51445687	2.6685956	9.356535
727301449	ACC	-0.4953143	2.687738	9.380463
727301459	ACC	-0.4761717	2.6590242	9.385248
727301468	ACC	-0.48095736	2.6685956	9.404391
727301478	ACC	-0.485743	2.6829524	9.409177
727301487	ACC	-0.485743	2.673381	9.404391
727301497	ACC	-0.47138608	2.6685956	9.418748
727301506	ACC	-0.46660042	2.6829524	9.418748
727301516	ACC	-0.45702913	2.6685956	9.413962
727301525	ACC	-0.48095736	2.6925237	9.409177
727301535	ACC	-0.50009996	2.7212377	9.375677
727301544	ACC	-0.5192425	2.702095	9.385248
727301554	ACC	-0.51445687	2.716452	9.390035
727301563	ACC	-0.5240282	2.7212377	9.409177
727301573	ACC	-0.54317075	2.7260232	9.428319
727301582	ACC	-0.5192425	2.7260232	9.428319
727301592	ACC	-0.4953143	2.7116663	9.433105
727301601	ACC	-0.49052864	2.702095	9.418748
727301611	ACC	-0.49052864	2.702095	9.437891
727301620	ACC	-0.48095736	2.6781666	9.442677
727301629	ACC	-0.45702913	2.6685956	9.428319
727301639	ACC	-0.46660042	2.649453	9.428319
727301648	ACC	-0.47138608	2.6781666	9.409177
727301658	ACC	-0.485743	2.6781666	9.39482
727301667	ACC	-0.48095736	2.6685956	9.404391
727301677	ACC	-0.485743	2.6829524	9.399606
727301686	ACC	-0.48095736	2.6781666	9.437891
727301696	ACC	-0.49052864	2.6781666	9.423533
727301705	ACC	-0.47138608	2.673381	9.418748
727301715	ACC	-0.4761717	2.6685956	9.404391
727301724	ACC	-0.49052864	2.6685956	9.413962
727301734	ACC	-0.47138608	2.6781666	9.404391
727301743	ACC	-0.47138608	2.673381	9.404391
727301753	ACC	-0.485743	2.6638098	9.399606
727301762	ACC	-0.47138608	2.673381	9.433105
727301772	ACC	-0.45224348	2.6685956	9.423533
727301781	ACC	-0.485743	2.6638098	9.447462
727301791	ACC	-0.50009996	2.6685956	9.433105
727301800	ACC	-0.47138608	2.673381	9.418748
727301810	ACC	-0.46660042	2.673381	9.433105
727301819	ACC	-0.47138608	2.6781666	9.442677
727301829	ACC	-0.48095736	2.6638098	9.418748
727301838	ACC	-0.46181476	2.6638098	9.404391
727301848	ACC	-0.46181476	2.6781666	9.39482
727301857	ACC	-0.50009996	2.687738	9.39482
727301867	ACC	-0.4761717	2.687738	9.399606
727301876	ACC	-0.45702913	2.6829524	9.409177
727301886	ACC	-0.46660042	2.6638098	9.433105
727301895	ACC	-0.4761717	2.6829524	9.433105
727301905	ACC	-0.48095736	2.687738	9.433105
727301914	ACC	-0.4761717	2.6638098	9.442677
727301924	ACC	-0.48095736	2.6638098	9.428319
727301933	ACC	-0.49052864	2.673381	9.423533
727301943	ACC	-0.47138608	2.6350958	9.409177
727301952	ACC	-0.47138608	2.6446671	9.39482
727301962	ACC	-0.47138608	2.649453	9.39482
727301971	ACC	-0.4761717	2.6542385	9.399606
727301981	ACC	-0.4426722	2.6398816	9.409177
727301990	ACC	-0.44745782	2.6685956	9.428319
727302000	ACC	-0.45224348	2.6829524	9.423533
727302009	ACC	-0.44745782	2.6685956	9.423533
727302019	ACC	-0.46660042	2.6685956	9.418748
727302028	ACC	-0.48095736	2.6781666	9.447462
727302038	ACC	-0.46181476	2.6781666	9.447462
727302047	ACC	-0.4761717	2.673381	9.437891
727302057	ACC	-0.47138608	2.6829524	9.437891
727302066	ACC	-0.4953143	2.673381	9.423533
727302076	ACC	-0.46660042	2.673381	9.39482
727302085	ACC	-0.50009996	2.6781666	9.390035
727302095	ACC	-0.5096712	2.6685956	9.404391
727302104	ACC	-0.50488555	2.673381	9.428319
727302114	ACC	-0.50009996	2.6781666	9.423533
727302123	ACC	-0.485743	2.6781666	9.433105
727302133	ACC	-0.50009996	2.6829524	9.399606
727302142	ACC	-0.50488555	2.687738	9.370892
727302152	ACC	-0.50488555	2.7116663	9.337392
727302161	ACC	-0.4953143	2.7212377	9.3613205
727302171	ACC	-0.485743	2.6973093	9.39482
727302180	ACC	-0.46660042	2.673381	9.447462
727302190	ACC	-0.46181476	2.6638098	9.461819
727302199	ACC	-0.44745782	2.6590242	9.442677
727302209	ACC	-0.43788654	2.6638098	9.452248
727302218	ACC	-0.44745782	2.6542385	9.457033
727302228	ACC	-0.45702913	2.6590242	9.447462
727302237	ACC	-0.46181476	2.687738	9.466604
727302247	ACC	-0.485743	2.6973093	9.466604
727302256	ACC	-0.485743	2.6781666	9.437891
727302266	ACC	-0.51445687	2.6925237	9.409177
727302275	ACC	-0.51445687	2.6925237	9.390035
727302285	ACC	-0.50488555	2.6925237	9.3613205
727302294	ACC	-0.4953143	2.687738	9.366106
727302304	ACC	-0.48095736	2.673381	9.39482
727302313	ACC	-0.485743	2.6781666	9.409177
727302323	ACC	-0.48095736	2.6685956	9.409177
727302332	ACC	-0.45702913	2.6446671	9.409177
727302342	ACC	-0.4331009	2.6590242	9.404391
727302351	ACC	-0.4331009	2.6638098	9.413962
727302361	ACC	-0.45224348	2.6829524	9.428319
727302370	ACC	-0.46660042	2.6925237	9.409177
727302380	ACC	-0.46660042	2.687738	9.39482
727302389	ACC	-0.48095736	2.6829524	9.380463
727302399	ACC	-0.50009996	2.6829524	9.380463
727302408	ACC	-0.5240282	2.7116663	9.418748
727302418	ACC	-0.5192425	2.7212377	9.418748
727302427	ACC	-0.51445687	2.7068806	9.428319
727302437	ACC	-0.51445687	2.7116663	9.442677
727302446	ACC	-0.4953143	2.716452	9.428319
727302456	ACC	-0.4761717	2.6973093	9.413962
727302465	ACC	-0.46181476	2.7068806	9.39482
727302475	ACC	-0.47138608	2.6925237	9.418748
727302484	ACC	-0.47138608	2.673381	9.404391
727302494	ACC	-0.48095736	2.673381	9.409177
727302503	ACC	-0.50009996	2.6590242	9.399606
727302513	ACC	-0.4953143	2.673381	9.413962
727302522	ACC	-0.4953143	2.6781666	9.423533
727302532	ACC	-0.49052864	2.673381	9.418748
727302541	ACC	-0.49052864	2.6638098	9.423533
727302551	ACC	-0.49052864	2.687738	9.39482
727302560	ACC	-0.4761717	2.6973093	9.39482
727302570	ACC	-0.47138608	2.687738	9.404391
727302579	ACC	-0.4761717	2.687738	9.404391
727302589	ACC	-0.4761717	2.6925237	9.413962
727302598	ACC	-0.4953143	2.673381	9.418748
727302608	ACC	-0.485743	2.673381	9.413962
727302617	ACC	-0.46660042	2.673381	9.428319
727302627	ACC	-0.48095736	2.673381	9.437891
727302636	ACC	-0.50009996	2.6590242	9.423533
727302646	ACC	-0.49052864	2.6685956	9.418748
727302655	ACC	-0.4953143	2.6685956	9.418748
727302665	ACC	-0.49052864	2.702095	9.423533
727302674	ACC	-0.50488555	2.673381	9.409177
727302684	ACC	-0.50488555	2.6925237	9.423533
727302693	ACC	-0.49052864	2.6829524	9.404391
727302703	ACC	-0.49052864	2.6973093	9.404391
727302712	ACC	-0.50488555	2.702095	9.404391
727302722	ACC	-0.48095736	2.716452	9.413962
727302731	ACC	-0.485743	2.6925237	9.423533
727302741	ACC	-0.485743	2.6973093	9.423533
727302750	ACC	-0.4953143	2.6781666	9.413962
727302760	ACC	-0.4953143	2.6781666	9.409177
727302769	ACC	-0.48095736	2.6638098	9.409177
727302779	ACC	-0.49052864	2.6685956	9.404391
727302788	ACC	-0.485743	2.6638098	9.418748
727302798	ACC	-0.4761717	2.6590242	9.399606
727302807	ACC	-0.485743	2.6638098	9.418748
727302817	ACC	-0.4953143	2.6590242	9.418748
727302826	ACC	-0.50488555	2.6638098	9.418748
727302836	ACC	-0.49052864	2.687738	9.433105
727302845	ACC	-0.485743	2.6925237	9.428319
727302855	ACC	-0.5096712	2.6925237	9.39482
727302864	ACC	-0.485743	2.6829524	9.385248
727302874	ACC	-0.48095736	2.687738	9.39482
727302883	ACC	-0.47138608	2.6829524	9.413962
727302893	ACC	-0.485743	2.6829524	9.428319
727302902	ACC	-0.47138608	2.6781666	9.433105
727302912	ACC	-0.46181476	2.6542385	9.461819
727302921	ACC	-0.46660042	2.6398816	9.437891
727302931	ACC	-0.50488555	2.6973093	9.433105
727302940	ACC	-0.5240282	2.6685956	9.433105
727302950	ACC	-0.5240282	2.687738	9.433105
727302959	ACC	-0.50488555	2.673381	9.418748
727302969	ACC	-0.5240282	2.6925237	9.399606
727302978	ACC	-0.5192425	2.716452	9.3613205
727302988	ACC	-0.5240282	2.702095	9.327821
727302997	ACC	-0.50488555	2.7260232	9.332606
727303007	ACC	-0.50488555	2.7116663	9.3613205
727303016	ACC	-0.47138608	2.6781666	9.399606
727303026	ACC	-0.45702913	2.6398816	9.452248
727303035	ACC	-0.45224348	2.6590242	9.442677
727303045	ACC	-0.45224348	2.6303103	9.433105
727303054	ACC	-0.45702913	2.6781666	9.457033
727303064	ACC	-0.4761717	2.6542385	9.457033
727303073	ACC	-0.4761717	2.649453	9.461819
727303082	ACC	-0.50009996	2.6829524	9.466604
727303092	ACC	-0.50488555	2.687738	9.466604
727303101	ACC	-0.50488555	2.7068806	9.433105
727303111	ACC	-0.51445687	2.6973093	9.409177
727303120	ACC	-0.5096712	2.6973093	9.380463
727303130	ACC	-0.49052864	2.702095	9.375677
727303139	ACC	-0.50488555	2.6829524	9.39482
727303149	ACC	-0.48095736	2.6781666	9.404391
727303158	ACC	-0.46660042	2.687738	9.413962
727303168	ACC	-0.46660042	2.6781666	9.418748
727303177	ACC	-0.47138608	2.6446671	9.418748
727303187	ACC	-0.48095736	2.6590242	9.39482
727303196	ACC	-0.4953143	2.6781666	9.385248
727303206	ACC	-0.49052864	2.687738	9.390035
727303215	ACC	-0.4761717	2.687738	9.404391
727303225	ACC	-0.48095736	2.6925237	9.385248
727303234	ACC	-0.50488555	2.702095	9.390035
727303244	ACC	-0.5192425	2.7212377	9.390035
727303253	ACC	-0.54317075	2.7355945	9.390035
727303263	ACC	-0.5096712	2.7212377	9.418748
727303272	ACC	-0.5288138	2.7068806	9.447462
727303282	ACC	-0.5288138	2.6829524	9.452248
727303291	ACC	-0.5096712	2.7068806	9.442677
727303301	ACC	-0.5096712	2.6973093	9.413962
727303310	ACC	-0.49052864	2.7068806	9.39482
727303320	ACC	-0.47138608	2.6829524	9.375677
727303329	ACC	-0.4761717	2.687738	9.390035
727303339	ACC	-0.47138608	2.6638098	9.404391
727303348	ACC	-0.46660042	2.6590242	9.433105
727303358	ACC	-0.4761717	2.6781666	9.423533
727303367	ACC	-0.48095736	2.6590242	9.433105
727303377	ACC	-0.5096712	2.6685956	9.423533
727303386	ACC	-0.51445687	2.673381	9.413962
727303396	ACC	-0.5096712	2.6685956	9.399606
727303405	ACC	-0.4953143	2.6685956	9.399606
727303415	ACC	-0.50009996	2.6925237	9.423533
727303424	ACC	-0.50009996	2.6781666	9.433105
727303434	ACC	-0.4761717	2.687738	9.428319
727303443	ACC	-0.50488555	2.687738	9.418748
727303453	ACC	-0.50009996	2.6829524	9.404391
727303462	ACC	-0.5192425	2.6781666	9.404391
727303472	ACC	-0.51445687	2.673381	9.404391
727303481	ACC	-0.4953143	2.687738	9.423533
727303491	ACC	-0.485743	2.6638098	9.423533
727303500	ACC	-0.4953143	2.673381	9.437891
727303510	ACC	-0.485743	2.6781666	9.418748
727303519	ACC	-0.50009996	2.687738	9.418748
727303529	ACC	-0.5240282	2.6829524	9.423533
727303538	ACC	-0.4953143	2.716452	9.399606
727303548	ACC	-0.5192425	2.7116663	9.380463
727303557	ACC	-0.51445687	2.6973093	9.366106
727303567	ACC	-0.5096712	2.687738	9.39482
727303576	ACC	-0.5192425	2.687738	9.418748
727303586	ACC	-0.50009996	2.7068806	9.418748
727303595	ACC	-0.50488555	2.6973093	9.409177
727303605	ACC	-0.50488555	2.687738	9.413962
727303614	ACC	-0.50009996	2.687738	9.433105
727303624	ACC	-0.50009996	2.6781666	9.409177
727303633	ACC	-0.5096712	2.6781666	9.418748
727303643	ACC	-0.5096712	2.6685956	9.418748
727303652	ACC	-0.51445687	2.6685956	9.399606
727303662	ACC	-0.5240282	2.687738	9.399606
727303671	ACC	-0.5096712	2.673381	9.413962
727303681	ACC	-0.5096712	2.673381	9.423533
727303690	ACC	-0.50488555	2.6685956	9.433105
727303700	ACC	-0.4761717	2.6638098	9.423533
727303709	ACC	-0.4761717	2.6829524	9.428319
727303719	ACC	-0.49052864	2.6829524	9.418748
727303728	ACC	-0.5096712	2.702095	9.423533
727303738	ACC	-0.4953143	2.673381	9.380463
727303747	ACC	-0.50488555	2.6829524	9.375677
727303757	ACC	-0.50009996	2.687738	9.404391
727303766	ACC	-0.51445687	2.702095	9.418748
727303776	ACC	-0.51445687	2.6925237	9.423533
727303785	ACC	-0.5383851	2.7068806	9.418748
727303795	ACC	-0.53359944	2.687738	9.428319
727303804	ACC	-0.54317075	2.6829524	9.428319
727303814	ACC	-0.5383851	2.702095	9.437891
727303823	ACC	-0.5240282	2.6925237	9.428319
727303833	ACC	-0.5383851	2.702095	9.413962
727303842	ACC	-0.5240282	2.716452	9.385248
727303852	ACC	-0.5383851	2.7212377	9.3613205
727303861	ACC	-0.53359944	2.7212377	9.370892
727303871	ACC	-0.50488555	2.6973093	9.3613205
727303880	ACC	-0.5096712	2.673381	9.409177
727303890	ACC	-0.4953143	2.6638098	9.404391
727303899	ACC	-0.46181476	2.6685956	9.404391
727303909	ACC	-0.485743	2.6685956	9.409177
727303918	ACC	-0.485743	2.6590242	9.423533
727303928	ACC	-0.50009996	2.6685956	9.461819
727303937	ACC	-0.51445687	2.6638098	9.495318
727303947	ACC	-0.5096712	2.7116663	9.490533
727303956	ACC	-0.5383851	2.6925237	9.442677
727303966	ACC	-0.5383851	2.6973093	9.423533
727303975	ACC	-0.5192425	2.6973093	9.390035
727303985	ACC	-0.5288138	2.6973093	9.385248
727303994	ACC	-0.54317075	2.6973093	9.385248
727304004	ACC	-0.53359944	2.687738	9.413962
727304013	ACC	-0.485743	2.702095	9.399606
727304023	ACC	-0.4953143	2.6973093	9.423533
727304032	ACC	-0.485743	2.6781666	9.433105
727304042	ACC	-0.485743	2.6685956	9.413962
727304051	ACC	-0.5192425	2.687738	9.390035
727304061	ACC	-0.5383851	2.6973093	9.375677
727304070	ACC	-0.5383851	2.6925237	9.390035
727304080	ACC	-0.5383851	2.7068806	9.375677
727304089	ACC	-0.5240282	2.716452	9.385248
727304099	ACC	-0.5383851	2.716452	9.39482
727304108	ACC	-0.5766702	2.7451658	9.399606
727304118	ACC	-0.5910272	2.7308087	9.404391
727304127	ACC	-0.58624154	2.7260232	9.413962
727304137	ACC	-0.5623133	2.7355945	9.423533
727304146	ACC	-0.57188463	2.7116663	9.404391
727304156	ACC	-0.5479564	2.7260232	9.423533
727304165	ACC	-0.5288138	2.7212377	9.404391
727304175	ACC	-0.5192425	2.7068806	9.399606
727304184	ACC	-0.50009996	2.702095	9.399606
727304194	ACC	-0.51445687	2.6781666	9.385248
727304203	ACC	-0.5192425	2.702095	9.380463
727304213	ACC	-0.5479564	2.716452	9.385248
727304222	ACC	-0.552742	2.6973093	9.375677
727304232	ACC	-0.552742	2.6973093	9.380463
727304241	ACC	-0.54317075	2.6781666	9.404391
727304251	ACC	-0.5623133	2.6925237	9.437891
727304260	ACC	-0.5479564	2.702095	9.452248
727304270	ACC	-0.5623133	2.687738	9.423533
727304279	ACC	-0.5479564	2.6973093	9.433105
727304289	ACC	-0.5383851	2.687738	9.399606
727304298	ACC	-0.552742	2.702095	9.370892
727304308	ACC	-0.54317075	2.7212377	9.375677
727304317	ACC	-0.54317075	2.716452	9.390035
727304327	ACC	-0.53359944	2.7212377	9.39482
727304336	ACC	-0.51445687	2.7260232	9.418748
727304346	ACC	-0.5240282	2.7116663	9.442677
727304355	ACC	-0.5288138	2.687738	9.428319
727304365	ACC	-0.54317075	2.702095	9.409177
727304374	ACC	-0.54317075	2.7068806	9.399606
727304384	ACC	-0.5383851	2.7355945	9.390035
727304393	ACC	-0.5479564	2.7308087	9.390035
727304403	ACC	-0.5383851	2.716452	9.409177
727304412	ACC	-0.5479564	2.7308087	9.399606
727304422	ACC	-0.5288138	2.7499514	9.390035
727304431	ACC	-0.5479564	2.7451658	9.346964
727304441	ACC	-0.567099	2.7499514	9.3613205
727304450	ACC	-0.5240282	2.74038	9.380463
727304460	ACC	-0.5240282	2.7308087	9.437891
727304469	ACC	-0.5240282	2.7212377	9.418748
727304479	ACC	-0.54317075	2.7355945	9.418748
727304488	ACC	-0.567099	2.7355945	9.413962
727304498	ACC	-0.54317075	2.7260232	9.39482
727304507	ACC	-0.54317075	2.7355945	9.390035
727304517	ACC	-0.54317075	2.7355945	9.409177
727304526	ACC	-0.5192425	2.7308087	9.409177
727304536	ACC	-0.55752766	2.7260232	9.385248
727304545	ACC	-0.53359944	2.7260232	9.356535
727304555	ACC	-0.5383851	2.7451658	9.337392
727304564	ACC	-0.5096712	2.7260232	9.366106
727304574	ACC	-0.51445687	2.7260232	9.390035
727304583	ACC	-0.5288138	2.74038	9.423533
727304593	ACC	-0.5240282	2.74038	9.423533
727304602	ACC	-0.51445687	2.74038	9.404391
727304612	ACC	-0.5192425	2.7068806	9.390035
727304621	ACC	-0.5192425	2.7451658	9.356535
727304631	ACC	-0.5383851	2.74038	9.366106
727304640	ACC	-0.5383851	2.7451658	9.390035
727304650	ACC	-0.5479564	2.7355945	9.390035
727304659	ACC	-0.5623133	2.7643085	9.399606
727304669	ACC	-0.57188463	2.7499514	9.428319
727304678	ACC	-0.57188463	2.7212377	9.437891
727304688	ACC	-0.57188463	2.7547371	9.437891
727304697	ACC	-0.55752766	2.7499514	9.428319
727304707	ACC	-0.54317075	2.7547371	9.380463
727304716	ACC	-0.567099	2.7834508	9.31825
727304726	ACC	-0.54317075	2.7834508	9.303893
727304735	ACC	-0.5096712	2.7786653	9.337392
727304745	ACC	-0.5096712	2.7595227	9.380463
727304754	ACC	-0.5096712	2.7212377	9.428319
727304764	ACC	-0.50488555	2.6973093	9.423533
727304773	ACC	-0.50009996	2.716452	9.385248
727304783	ACC	-0.5192425	2.7451658	9.356535
727304792	ACC	-0.49052864	2.716452	9.375677
727304801	ACC	-0.485743	2.7068806	9.423533
727304811	ACC	-0.5192425	2.7260232	9.466604
727304820	ACC	-0.53359944	2.7451658	9.461819
727304830	ACC	-0.51445687	2.7451658	9.442677
727304839	ACC	-0.51445687	2.7355945	9.413962
727304849	ACC	-0.5096712	2.7308087	9.390035
727304858	ACC	-0.5192425	2.7355945	9.39482
727304868	ACC	-0.5240282	2.74038	9.390035
727304877	ACC	-0.5096712	2.7260232	9.409177
727304887	ACC	-0.5096712	2.716452	9.39482
727304896	ACC	-0.5096712	2.7260232	9.390035
727304906	ACC	-0.5240282	2.7451658	9.399606
727304915	ACC	-0.50009996	2.7355945	9.380463
727304925	ACC	-0.5240282	2.7547371	9.366106
727304934	ACC	-0.5288138	2.74038	9.3613205
727304944	ACC	-0.49052864	2.7595227	9.370892
727304953	ACC	-0.49052864	2.74038	9.375677
727304963	ACC	-0.50488555	2.7547371	9.366106
727304972	ACC	-0.50488555	2.769094	9.370892
727304982	ACC	-0.51445687	2.7595227	9.375677
727304991	ACC	-0.5383851	2.7595227	9.380463
727305001	ACC	-0.5383851	2.7786653	9.39482
727305010	ACC	-0.552742	2.7834508	9.390035
727305020	ACC	-0.5383851	2.7499514	9.418748
727305029	ACC	-0.5192425	2.7547371	9.418748
727305039	ACC	-0.50009996	2.7595227	9.404391
727305048	ACC	-0.5096712	2.7834508	9.413962
727305058	ACC	-0.50488555	2.7547371	9.418748
727305067	ACC	-0.50009996	2.6685956	9.428319
727305077	ACC	-0.51445687	2.702095	9.418748
727305086	ACC	-0.485743	2.7260232	9.399606
727305096	ACC	-0.43788654	2.7451658	9.303893
727305105	ACC	-0.485743	2.8169506	9.198608
727305115	ACC	-0.552742	2.8695927	9.303893
727305124	ACC	-0.55752766	2.8265216	9.447462
727305134	ACC	-0.552742	2.7882366	9.495318
727305143	ACC	-0.53359944	2.7786653	9.519247
727305153	ACC	-0.54317075	2.7547371	9.5048895
727305162	ACC	-0.552742	2.7116663	9.524033
727305172	ACC	-0.54317075	2.6781666	9.509675
727305181	ACC	-0.47138608	2.687738	9.433105
