727060005	ACC	-0.55752766	4.0181475	8.887542
727060014	ACC	-0.50009996	4.0037904	8.911469
727060024	ACC	-0.50488555	4.008576	8.930613
727060033	ACC	-0.48095736	4.03729	8.930613
727060043	ACC	-0.46660042	4.0420756	8.9210415
727060052	ACC	-0.45702913	4.0420756	8.911469
727060062	ACC	-0.46660042	3.9655054	8.949755
727060071	ACC	-0.50488555	3.9367914	9.045467
727060081	ACC	-0.5623133	3.9415772	9.093325
727060090	ACC	-0.5814559	3.9367914	9.131609
727060100	ACC	-0.5288138	3.9750767	9.083753
727060109	ACC	-0.4426722	3.9511483	8.964112
727060119	ACC	-0.41874397	3.9655054	8.897113
727060128	ACC	-0.39481574	3.92722	8.820542
727060138	ACC	-0.34217364	3.9224346	8.772686
727060147	ACC	-0.3469593	3.9367914	8.743972
727060157	ACC	-0.39960137	3.9655054	8.772686
727060166	ACC	-0.4139583	3.9655054	8.830113
727060176	ACC	-0.40917268	3.9415772	8.87797
727060185	ACC	-0.45224348	3.9655054	8.916255
727060195	ACC	-0.46660042	3.9798622	8.906684
727060204	ACC	-0.46181476	3.9798622	8.9210415
727060214	ACC	-0.4235296	3.9894335	8.940184
727060223	ACC	-0.41874397	4.008576	8.940184
727060233	ACC	-0.4139583	4.013362	8.964112
727060242	ACC	-0.44745782	4.013362	8.973683
727060252	ACC	-0.4331009	4.0325046	8.98804
727060261	ACC	-0.39960137	4.0181475	8.978469
727060271	ACC	-0.40438703	4.0181475	8.964112
727060280	ACC	-0.4139583	4.0181475	8.944969
727060290	ACC	-0.45224348	3.970291	8.949755
727060299	ACC	-0.43788654	3.9894335	8.95454
727060309	ACC	-0.4139583	3.9894335	8.95454
727060318	ACC	-0.43788654	3.9798622	8.949755
727060328	ACC	-0.40917268	3.9942193	8.911469
727060337	ACC	-0.3804588	3.984648	8.892327
727060347	ACC	-0.40917268	3.9942193	8.887542
727060356	ACC	-0.3900301	3.984648	8.901898
727060366	ACC	-0.37567315	3.9990048	8.925827
727060375	ACC	-0.38524446	4.0037904	8.95454
727060385	ACC	-0.4235296	4.0181475	8.95454
727060394	ACC	-0.40917268	3.9990048	8.916255
727060404	ACC	-0.3804588	3.9750767	8.854042
727060413	ACC	-0.3804588	3.9798622	8.787043
727060423	ACC	-0.4235296	3.9894335	8.777472
727060432	ACC	-0.42831525	3.9990048	8.810971
727060442	ACC	-0.39960137	3.984648	8.911469
727060451	ACC	-0.37088752	3.9750767	8.98804
727060461	ACC	-0.38524446	3.9655054	9.016754
727060470	ACC	-0.3900301	3.955934	9.016754
727060480	ACC	-0.39481574	3.9655054	8.983254
727060489	ACC	-0.3900301	3.9511483	8.930613
727060499	ACC	-0.39960137	3.9607196	8.916255
727060508	ACC	-0.39481574	3.970291	8.892327
727060518	ACC	-0.3804588	3.9990048	8.87797
727060527	ACC	-0.37567315	4.0037904	8.897113
727060537	ACC	-0.35174492	4.0037904	8.940184
727060546	ACC	-0.3469593	3.9750767	8.925827
727060556	ACC	-0.36131623	3.984648	8.9210415
727060565	ACC	-0.3804588	3.970291	8.973683
727060575	ACC	-0.4139583	3.9655054	9.040682
727060584	ACC	-0.40917268	3.970291	9.026325
727060594	ACC	-0.37088752	3.9942193	8.935398
727060603	ACC	-0.38524446	3.9798622	8.8492565
727060613	ACC	-0.36131623	3.9655054	8.839685
727060622	ACC	-0.38524446	3.9224346	8.906684
727060632	ACC	-0.40438703	3.932006	8.944969
727060641	ACC	-0.40917268	3.9607196	8.959326
727060651	ACC	-0.37567315	3.9798622	8.9210415
727060660	ACC	-0.36131623	4.0037904	8.892327
727060670	ACC	-0.37567315	3.984648	8.911469
727060679	ACC	-0.3804588	3.955934	8.983254
727060689	ACC	-0.38524446	3.9224346	9.045467
727060698	ACC	-0.37567315	3.9080775	9.011969
727060708	ACC	-0.35653058	3.9224346	8.9210415
727060717	ACC	-0.37567315	3.903292	8.868399
727060727	ACC	-0.3900301	3.9224346	8.906684
727060736	ACC	-0.3804588	3.9367914	8.940184
727060746	ACC	-0.37088752	3.955934	8.930613
727060755	ACC	-0.38524446	3.9511483	8.944969
727060765	ACC	-0.41874397	3.9655054	9.016754
727060774	ACC	-0.38524446	3.9415772	9.069396
727060783	ACC	-0.38524446	3.9367914	9.055039
727060793	ACC	-0.40438703	3.9463627	9.045467
727060802	ACC	-0.40438703	3.970291	9.016754
727060812	ACC	-0.37567315	3.9655054	8.9928255
727060821	ACC	-0.3804588	3.9415772	8.964112
727060831	ACC	-0.37088752	3.932006	8.906684
727060840	ACC	-0.3804588	3.9128633	8.863613
727060850	ACC	-0.39960137	3.888935	8.844471
727060859	ACC	-0.40917268	3.8985064	8.887542
727060869	ACC	-0.40438703	3.9224346	8.930613
727060878	ACC	-0.3900301	3.8937206	8.925827
727060888	ACC	-0.3804588	3.8937206	8.897113
727060897	ACC	-0.37088752	3.888935	8.882756
727060907	ACC	-0.3900301	3.9176488	8.925827
727060916	ACC	-0.4139583	3.9511483	8.949755
727060926	ACC	-0.36131623	3.9415772	8.930613
727060935	ACC	-0.36131623	3.9607196	8.87797
727060945	ACC	-0.37567315	3.9511483	8.834899
727060954	ACC	-0.3900301	3.9463627	8.834899
727060964	ACC	-0.43788654	3.903292	8.87797
727060973	ACC	-0.47138608	3.888935	8.9928255
727060983	ACC	-0.48095736	3.903292	9.050254
727060992	ACC	-0.45224348	3.9415772	9.0646105
727061002	ACC	-0.46181476	3.9415772	9.031111
727061011	ACC	-0.5288138	3.932006	9.040682
727061021	ACC	-0.4953143	3.9607196	9.02154
727061030	ACC	-0.4426722	3.970291	8.997611
727061040	ACC	-0.4331009	3.970291	9.007183
727061049	ACC	-0.42831525	3.955934	9.026325
727061059	ACC	-0.40917268	3.955934	9.02154
727061068	ACC	-0.4139583	3.9607196	9.026325
727061078	ACC	-0.41874397	3.9463627	8.997611
727061087	ACC	-0.4331009	3.9367914	8.95454
727061097	ACC	-0.4331009	3.9176488	8.911469
727061106	ACC	-0.4426722	3.903292	8.95454
727061116	ACC	-0.45224348	3.9176488	8.964112
727061125	ACC	-0.42831525	3.932006	8.906684
727061135	ACC	-0.4139583	3.9463627	8.834899
727061144	ACC	-0.43788654	3.9607196	8.820542
727061154	ACC	-0.42831525	3.970291	8.8492565
727061163	ACC	-0.37088752	3.955934	8.897113
727061173	ACC	-0.39481574	3.9415772	8.930613
727061182	ACC	-0.44745782	3.9415772	8.978469
727061192	ACC	-0.4235296	3.9224346	8.949755
727061201	ACC	-0.46181476	3.9224346	8.959326
727061211	ACC	-0.4331009	3.92722	9.002397
727061220	ACC	-0.41874397	3.9128633	9.02154
727061230	ACC	-0.42831525	3.9176488	9.016754
727061239	ACC	-0.46181476	3.9511483	9.026325
727061249	ACC	-0.49052864	3.9750767	8.968898
727061258	ACC	-0.41874397	3.9655054	8.949755
727061268	ACC	-0.36610186	3.9607196	8.964112
727061277	ACC	-0.35174492	3.9463627	8.964112
727061287	ACC	-0.38524446	3.955934	8.911469
727061296	ACC	-0.4139583	3.9607196	8.901898
727061306	ACC	-0.42831525	3.932006	8.868399
727061315	ACC	-0.40438703	3.9080775	8.844471
727061325	ACC	-0.40438703	3.9080775	8.8492565
727061334	ACC	-0.4331009	3.9511483	8.868399
727061344	ACC	-0.43788654	3.9750767	8.897113
727061353	ACC	-0.41874397	3.9511483	8.930613
727061363	ACC	-0.39960137	3.9367914	8.95454
727061372	ACC	-0.4331009	3.92722	8.930613
727061382	ACC	-0.45702913	3.9463627	8.916255
727061391	ACC	-0.43788654	3.9463627	8.959326
727061401	ACC	-0.4235296	3.9607196	9.016754
727061410	ACC	-0.4235296	3.9511483	9.011969
727061420	ACC	-0.43788654	3.9655054	8.9928255
727061429	ACC	-0.41874397	3.9798622	8.98804
727061439	ACC	-0.41874397	3.9894335	8.978469
727061448	ACC	-0.39960137	3.9367914	8.978469
727061458	ACC	-0.3804588	3.9176488	8.949755
727061467	ACC	-0.3804588	3.888935	8.9210415
727061477	ACC	-0.38524446	3.8937206	8.906684
727061486	ACC	-0.37088752	3.8793638	8.844471
727061496	ACC	-0.35653058	3.888935	8.858828
727061505	ACC	-0.37088752	3.9224346	8.87797
727061515	ACC	-0.40917268	3.9176488	8.968898
727061524	ACC	-0.4331009	3.9367914	9.045467
727061534	ACC	-0.4235296	3.9367914	9.069396
727061543	ACC	-0.42831525	3.9463627	9.059825
727061553	ACC	-0.45224348	3.9511483	9.055039
727061562	ACC	-0.45224348	3.9224346	9.059825
727061572	ACC	-0.41874397	3.9367914	9.02154
727061581	ACC	-0.4139583	3.9511483	8.964112
727061591	ACC	-0.3900301	3.9415772	8.925827
727061600	ACC	-0.4139583	3.9128633	8.925827
727061610	ACC	-0.4139583	3.874578	8.930613
727061619	ACC	-0.40438703	3.874578	8.978469
727061629	ACC	-0.38524446	3.888935	8.964112
727061638	ACC	-0.37088752	3.8841493	8.916255
727061648	ACC	-0.37088752	3.8793638	8.844471
727061657	ACC	-0.3804588	3.903292	8.806186
727061667	ACC	-0.39481574	3.9224346	8.806186
727061676	ACC	-0.3900301	3.9367914	8.854042
727061686	ACC	-0.3900301	3.9367914	8.944969
727061695	ACC	-0.41874397	3.932006	8.997611
727061705	ACC	-0.40438703	3.92722	9.007183
727061714	ACC	-0.41874397	3.92722	8.997611
727061724	ACC	-0.4139583	3.932006	8.973683
727061733	ACC	-0.42831525	3.9511483	8.940184
727061743	ACC	-0.4235296	3.9607196	8.949755
727061752	ACC	-0.37088752	3.932006	8.973683
727061762	ACC	-0.36610186	3.9176488	9.011969
727061771	ACC	-0.40438703	3.9080775	9.031111
727061781	ACC	-0.4235296	3.9224346	9.02154
727061790	ACC	-0.38524446	3.9176488	8.973683
727061800	ACC	-0.3900301	3.92722	8.964112
727061809	ACC	-0.42831525	3.9511483	8.983254
727061819	ACC	-0.45224348	3.9511483	8.997611
727061828	ACC	-0.3900301	3.9607196	9.035896
727061838	ACC	-0.3469593	3.9415772	8.95454
727061847	ACC	-0.3278167	3.9224346	8.897113
727061857	ACC	-0.35174492	3.9224346	8.87797
727061866	ACC	-0.38524446	3.903292	8.925827
727061876	ACC	-0.4235296	3.92722	8.983254
727061885	ACC	-0.43788654	3.9367914	9.026325
727061895	ACC	-0.4139583	3.9415772	8.973683
727061904	ACC	-0.31345975	3.9415772	8.892327
727061914	ACC	-0.32303107	3.903292	8.839685
727061923	ACC	-0.33738798	3.9080775	8.839685
727061933	ACC	-0.34217364	3.9176488	8.892327
727061942	ACC	-0.33738798	3.9080775	8.949755
727061952	ACC	-0.36131623	3.8937206	8.968898
727061961	ACC	-0.35174492	3.9128633	8.944969
727061971	ACC	-0.3469593	3.9463627	8.95454
727061980	ACC	-0.37088752	3.9463627	8.964112
727061990	ACC	-0.37567315	3.9224346	8.98804
727061999	ACC	-0.3804588	3.888935	9.002397
727062009	ACC	-0.37567315	3.9224346	8.983254
727062018	ACC	-0.37567315	3.92722	8.968898
727062028	ACC	-0.4139583	3.9415772	8.983254
727062037	ACC	-0.42831525	3.9415772	9.002397
727062046	ACC	-0.37088752	3.92722	9.016754
727062056	ACC	-0.35174492	3.9224346	9.011969
727062065	ACC	-0.35174492	3.9176488	8.95454
727062075	ACC	-0.37088752	3.888935	8.944969
727062084	ACC	-0.3469593	3.888935	8.973683
727062094	ACC	-0.3182454	3.8937206	8.959326
727062103	ACC	-0.36131623	3.9128633	8.911469
727062113	ACC	-0.37088752	3.9224346	8.897113
727062122	ACC	-0.33260235	3.888935	8.930613
727062132	ACC	-0.3182454	3.903292	8.959326
727062141	ACC	-0.36131623	3.8985064	8.959326
727062151	ACC	-0.3804588	3.8793638	8.949755
727062160	ACC	-0.37088752	3.903292	8.973683
727062170	ACC	-0.35174492	3.9080775	8.9928255
727062179	ACC	-0.35174492	3.9224346	9.02154
727062189	ACC	-0.37567315	3.9224346	8.983254
727062198	ACC	-0.3804588	3.8793638	8.978469
727062208	ACC	-0.36131623	3.8793638	8.968898
727062217	ACC	-0.33738798	3.8697925	8.968898
727062227	ACC	-0.37088752	3.888935	8.978469
727062236	ACC	-0.39960137	3.903292	8.973683
727062246	ACC	-0.39960137	3.9224346	8.98804
727062255	ACC	-0.3804588	3.932006	8.964112
727062265	ACC	-0.37088752	3.9224346	8.944969
727062274	ACC	-0.35653058	3.903292	8.925827
727062284	ACC	-0.36610186	3.8841493	8.95454
727062293	ACC	-0.33260235	3.8554354	8.944969
727062303	ACC	-0.32303107	3.8458643	8.9210415
727062312	ACC	-0.29910284	3.8410785	8.949755
727062322	ACC	-0.30388847	3.836293	8.98804
727062331	ACC	-0.33738798	3.8650067	9.045467
727062341	ACC	-0.35653058	3.8793638	9.09811
727062350	ACC	-0.36131623	3.8697925	9.09811
727062360	ACC	-0.3469593	3.8602211	9.050254
727062369	ACC	-0.36131623	3.8985064	9.026325
727062379	ACC	-0.3900301	3.8985064	9.007183
727062388	ACC	-0.39481574	3.888935	8.98804
727062398	ACC	-0.40917268	3.888935	8.973683
727062407	ACC	-0.38524446	3.888935	9.016754
727062417	ACC	-0.4139583	3.8937206	9.031111
727062426	ACC	-0.3900301	3.8985064	9.002397
727062436	ACC	-0.34217364	3.8650067	8.935398
727062445	ACC	-0.32303107	3.8697925	8.906684
727062455	ACC	-0.30867413	3.8602211	8.944969
727062464	ACC	-0.34217364	3.8506498	8.98804
727062474	ACC	-0.3469593	3.836293	8.9928255
727062483	ACC	-0.36610186	3.8123646	8.968898
727062493	ACC	-0.36131623	3.8410785	8.940184
727062502	ACC	-0.35653058	3.8410785	8.949755
727062512	ACC	-0.37567315	3.8554354	8.968898
727062521	ACC	-0.35653058	3.8554354	8.98804
727062531	ACC	-0.35174492	3.874578	8.98804
727062540	ACC	-0.36131623	3.8650067	9.035896
727062550	ACC	-0.35653058	3.888935	9.02154
727062559	ACC	-0.35174492	3.888935	8.978469
727062569	ACC	-0.33260235	3.8841493	8.930613
727062578	ACC	-0.33738798	3.8793638	8.935398
727062588	ACC	-0.35174492	3.888935	8.944969
727062597	ACC	-0.35174492	3.8937206	8.964112
727062607	ACC	-0.36131623	3.8841493	8.968898
727062616	ACC	-0.37088752	3.8937206	9.026325
727062626	ACC	-0.37088752	3.8841493	9.055039
727062635	ACC	-0.35653058	3.903292	9.050254
727062645	ACC	-0.33260235	3.903292	9.016754
727062654	ACC	-0.32303107	3.8793638	8.9928255
727062664	ACC	-0.30867413	3.874578	9.002397
727062673	ACC	-0.31345975	3.8841493	8.964112
727062683	ACC	-0.31345975	3.903292	8.944969
727062692	ACC	-0.35653058	3.8985064	8.916255
727062702	ACC	-0.35174492	3.903292	8.887542
727062711	ACC	-0.3469593	3.8841493	8.892327
727062721	ACC	-0.35653058	3.8841493	8.935398
727062730	ACC	-0.34217364	3.8793638	8.95454
727062740	ACC	-0.33738798	3.8554354	8.949755
727062749	ACC	-0.32303107	3.874578	8.930613
727062759	ACC	-0.29910284	3.8697925	8.949755
727062768	ACC	-0.3182454	3.8793638	8.98804
727062778	ACC	-0.33260235	3.8554354	9.035896
727062787	ACC	-0.32303107	3.8793638	9.040682
727062797	ACC	-0.32303107	3.8793638	9.045467
727062806	ACC	-0.33738798	3.8841493	8.978469
727062816	ACC	-0.37088752	3.903292	8.978469
727062825	ACC	-0.37088752	3.9080775	8.968898
727062835	ACC	-0.3469593	3.903292	8.983254
727062844	ACC	-0.3469593	3.9224346	8.944969
727062854	ACC	-0.35653058	3.9176488	8.935398
727062863	ACC	-0.35653058	3.9176488	8.9928255
727062873	ACC	-0.36131623	3.9080775	9.011969
727062882	ACC	-0.35174492	3.8985064	9.007183
727062892	ACC	-0.3469593	3.8937206	8.968898
727062901	ACC	-0.34217364	3.8985064	8.964112
727062911	ACC	-0.33738798	3.888935	8.9928255
727062920	ACC	-0.3469593	3.8650067	9.002397
727062930	ACC	-0.34217364	3.8697925	9.007183
727062939	ACC	-0.33260235	3.8793638	8.973683
727062949	ACC	-0.3278167	3.874578	8.940184
727062958	ACC	-0.31345975	3.8650067	8.901898
727062968	ACC	-0.31345975	3.8697925	8.897113
727062977	ACC	-0.33260235	3.8697925	8.925827
727062987	ACC	-0.36131623	3.8841493	8.973683
727062996	ACC	-0.37088752	3.903292	9.007183
727063006	ACC	-0.35174492	3.874578	9.059825
727063015	ACC	-0.3278167	3.8697925	9.035896
727063025	ACC	-0.33738798	3.9080775	8.9928255
727063034	ACC	-0.37088752	3.9176488	8.940184
727063044	ACC	-0.37088752	3.8841493	8.949755
727063053	ACC	-0.37567315	3.874578	8.983254
727063063	ACC	-0.37088752	3.8602211	8.9928255
727063072	ACC	-0.37088752	3.888935	9.016754
727063082	ACC	-0.3804588	3.888935	9.007183
727063091	ACC	-0.36131623	3.874578	9.007183
727063101	ACC	-0.3900301	3.903292	8.973683
727063110	ACC	-0.39960137	3.9224346	8.944969
727063120	ACC	-0.36610186	3.9128633	8.95454
727063129	ACC	-0.35653058	3.8937206	8.983254
727063139	ACC	-0.35653058	3.888935	9.007183
727063148	ACC	-0.33260235	3.8650067	8.95454
727063157	ACC	-0.33738798	3.8650067	8.916255
727063167	ACC	-0.33260235	3.8410785	8.873184
727063176	ACC	-0.30867413	3.8554354	8.854042
727063186	ACC	-0.3182454	3.8697925	8.863613
727063195	ACC	-0.33738798	3.8793638	8.87797
727063205	ACC	-0.3469593	3.8937206	8.906684
727063214	ACC	-0.3469593	3.8793638	8.911469
727063224	ACC	-0.39481574	3.874578	8.882756
727063233	ACC	-0.4139583	3.8697925	8.69133
727063243	ACC	-0.3900301	3.874578	8.509476
727063252	ACC	-0.36131623	3.8506498	8.313264
727063262	ACC	-0.40917268	3.8171504	8.231908
727063271	ACC	-0.48095736	3.7740796	8.404191
727063281	ACC	-0.39960137	3.7453656	8.681759
727063290	ACC	-0.37567315	3.7166517	9.045467
727063300	ACC	-0.50009996	3.7070804	9.404391
727063309	ACC	-0.6149554	3.6544385	9.567103
727063319	ACC	-0.701097	3.6257246	9.591031
727063328	ACC	-0.78723866	3.592225	9.461819
727063338	ACC	-0.77766734	3.6161532	9.409177
727063347	ACC	-0.77766734	3.577868	9.31825
727063357	ACC	-0.782453	3.539583	9.25125
727063366	ACC	-0.7106683	3.510869	9.169894
727063376	ACC	-0.68195444	3.539583	9.122038
727063385	ACC	-0.6197411	3.5300117	9.069396
727063395	ACC	-0.5814559	3.5252259	9.055039
727063404	ACC	-0.5623133	3.5012977	9.074182
727063414	ACC	-0.552742	3.4917264	9.117252
727063423	ACC	-0.57188463	3.5012977	9.155538
727063433	ACC	-0.6197411	3.482155	9.198608
727063442	ACC	-0.567099	3.4534414	9.203394
727063452	ACC	-0.5766702	3.429513	9.203394
727063461	ACC	-0.55752766	3.4151561	9.160323
727063471	ACC	-0.5479564	3.4199417	9.126823
727063480	ACC	-0.63888365	3.4534414	9.112467
727063490	ACC	-0.6771688	3.4390843	9.09811
727063499	ACC	-0.6771688	3.44387	9.102896
727063509	ACC	-0.6771688	3.4342988	9.088538
727063518	ACC	-0.6723832	3.3960135	9.02154
727063528	ACC	-0.64845496	3.3481572	8.973683
727063537	ACC	-0.63888365	3.3194432	8.98804
727063547	ACC	-0.6436693	3.3242288	9.007183
727063556	ACC	-0.6628119	3.3433714	9.0646105
727063566	ACC	-0.66759753	3.3338	9.145967
727063575	ACC	-0.6053841	3.3003006	9.275179
727063585	ACC	-0.5814559	3.2285159	9.3613205
727063594	ACC	-0.61016977	3.1758738	9.404391
727063604	ACC	-0.6580262	3.185445	9.409177
727063613	ACC	-0.68195444	3.185445	9.346964
727063623	ACC	-0.6723832	3.161517	9.346964
727063632	ACC	-0.65324056	3.132803	9.375677
727063642	ACC	-0.6197411	3.132803	9.399606
727063651	ACC	-0.6197411	3.1136606	9.428319
727063661	ACC	-0.6149554	3.1040893	9.437891
727063670	ACC	-0.60059845	3.118446	9.423533
727063680	ACC	-0.6149554	3.118446	9.457033
727063689	ACC	-0.6580262	3.132803	9.524033
727063699	ACC	-0.63888365	3.0993035	9.533604
727063708	ACC	-0.62452674	3.0897322	9.509675
727063718	ACC	-0.6436693	3.1232316	9.461819
727063727	ACC	-0.6436693	3.132803	9.380463
727063737	ACC	-0.64845496	3.1232316	9.323035
727063746	ACC	-0.6436693	3.14716	9.265608
727063756	ACC	-0.65324056	3.1375887	9.241679
727063765	ACC	-0.6053841	3.1088748	9.260822
727063775	ACC	-0.55752766	3.0801609	9.294321
727063784	ACC	-0.59581286	3.1088748	9.28475
727063794	ACC	-0.5814559	3.1280174	9.25125
727063803	ACC	-0.58624154	3.1136606	9.241679
727063813	ACC	-0.5910272	3.1088748	9.232108
727063822	ACC	-0.5814559	3.094518	9.246465
727063832	ACC	-0.57188463	3.0897322	9.294321
727063841	ACC	-0.5766702	3.0897322	9.299107
727063851	ACC	-0.58624154	3.132803	9.265608
727063860	ACC	-0.5766702	3.1423743	9.227323
727063870	ACC	-0.55752766	3.1088748	9.198608
727063879	ACC	-0.55752766	3.132803	9.227323
727063889	ACC	-0.5766702	3.1088748	9.2177515
727063898	ACC	-0.5766702	3.118446	9.25125
727063908	ACC	-0.5910272	3.094518	9.28475
727063917	ACC	-0.5910272	3.094518	9.346964
727063927	ACC	-0.6149554	3.0993035	9.3613205
727063936	ACC	-0.60059845	3.118446	9.342177
727063946	ACC	-0.567099	3.1040893	9.2895355
727063955	ACC	-0.58624154	3.094518	9.308679
727063965	ACC	-0.60059845	3.1040893	9.303893
727063974	ACC	-0.62452674	3.0993035	9.332606
727063984	ACC	-0.6053841	3.118446	9.356535
727063993	ACC	-0.5910272	3.1519456	9.366106
727064003	ACC	-0.62452674	3.1758738	9.323035
727064012	ACC	-0.61016977	3.1710882	9.265608
727064022	ACC	-0.552742	3.1423743	9.232108
727064031	ACC	-0.51445687	3.0993035	9.227323
727064041	ACC	-0.5192425	3.0705895	9.236894
727064050	ACC	-0.5623133	3.0801609	9.232108
727064060	ACC	-0.53359944	3.094518	9.246465
727064069	ACC	-0.51445687	3.094518	9.270393
727064079	ACC	-0.5383851	3.1136606	9.246465
727064088	ACC	-0.567099	3.118446	9.208179
727064098	ACC	-0.567099	3.132803	9.246465
727064107	ACC	-0.5766702	3.1519456	9.323035
727064117	ACC	-0.6053841	3.1663027	9.370892
727064126	ACC	-0.62452674	3.1663027	9.39482
727064136	ACC	-0.58624154	3.1758738	9.380463
727064145	ACC	-0.567099	3.1710882	9.342177
727064155	ACC	-0.54317075	3.1710882	9.28475
727064164	ACC	-0.54317075	3.161517	9.241679
727064174	ACC	-0.567099	3.1567314	9.208179
727064183	ACC	-0.54317075	3.161517	9.208179
727064192	ACC	-0.55752766	3.1423743	9.208179
727064202	ACC	-0.5766702	3.1375887	9.2177515
727064211	ACC	-0.55752766	3.1232316	9.25125
727064221	ACC	-0.53359944	3.1232316	9.203394
727064230	ACC	-0.51445687	3.1136606	9.17468
727064240	ACC	-0.5240282	3.132803	9.145967
727064249	ACC	-0.53359944	3.1663027	9.179466
727064259	ACC	-0.54317075	3.1710882	9.256036
727064268	ACC	-0.53359944	3.161517	9.332606
727064278	ACC	-0.54317075	3.1806595	9.346964
727064287	ACC	-0.5623133	3.1710882	9.303893
727064297	ACC	-0.5766702	3.1902308	9.256036
727064306	ACC	-0.5383851	3.2045877	9.222537
727064316	ACC	-0.5623133	3.1758738	9.25125
727064325	ACC	-0.5814559	3.2093735	9.265608
727064335	ACC	-0.5479564	3.1998022	9.256036
727064344	ACC	-0.54317075	3.1710882	9.241679
727064354	ACC	-0.5288138	3.161517	9.236894
727064363	ACC	-0.567099	3.1758738	9.270393
727064373	ACC	-0.567099	3.2045877	9.313464
727064382	ACC	-0.55752766	3.2237303	9.294321
727064392	ACC	-0.5383851	3.2237303	9.246465
727064401	ACC	-0.5192425	3.214159	9.2177515
727064411	ACC	-0.5096712	3.214159	9.2177515
727064420	ACC	-0.5383851	3.1758738	9.236894
727064430	ACC	-0.5383851	3.185445	9.265608
727064439	ACC	-0.5240282	3.2045877	9.275179
727064449	ACC	-0.5383851	3.2093735	9.28475
727064458	ACC	-0.5192425	3.2093735	9.246465
727064468	ACC	-0.53359944	3.1950164	9.203394
727064477	ACC	-0.5288138	3.2093735	9.189037
727064487	ACC	-0.54317075	3.185445	9.184252
727064496	ACC	-0.5479564	3.1806595	9.198608
727064506	ACC	-0.5383851	3.1806595	9.189037
727064515	ACC	-0.5192425	3.1902308	9.179466
727064525	ACC	-0.5383851	3.1998022	9.184252
727064534	ACC	-0.5479564	3.1998022	9.2177515
727064544	ACC	-0.55752766	3.1902308	9.256036
727064553	ACC	-0.53359944	3.1758738	9.303893
727064563	ACC	-0.5288138	3.185445	9.323035
727064572	ACC	-0.5240282	3.185445	9.323035
727064582	ACC	-0.5096712	3.2285159	9.308679
727064591	ACC	-0.53359944	3.2237303	9.256036
727064601	ACC	-0.57188463	3.1998022	9.256036
727064610	ACC	-0.55752766	3.1950164	9.275179
727064620	ACC	-0.53359944	3.1806595	9.256036
727064629	ACC	-0.53359944	3.185445	9.2177515
727064639	ACC	-0.55752766	3.2093735	9.184252
727064648	ACC	-0.55752766	3.2285159	9.2177515
727064658	ACC	-0.5288138	3.214159	9.208179
727064667	ACC	-0.5240282	3.214159	9.203394
727064677	ACC	-0.5623133	3.2093735	9.2177515
727064686	ACC	-0.51445687	3.1758738	9.236894
727064696	ACC	-0.50488555	3.1806595	9.246465
727064705	ACC	-0.5479564	3.185445	9.236894
727064715	ACC	-0.55752766	3.1806595	9.25125
727064724	ACC	-0.55752766	3.1950164	9.308679
727064734	ACC	-0.5288138	3.214159	9.327821
727064743	ACC	-0.50488555	3.1902308	9.279964
727064753	ACC	-0.51445687	3.1710882	9.236894
727064762	ACC	-0.5288138	3.1567314	9.208179
727064772	ACC	-0.5240282	3.1663027	9.236894
727064781	ACC	-0.5096712	3.1950164	9.294321
727064791	ACC	-0.53359944	3.214159	9.28475
727064800	ACC	-0.5240282	3.1950164	9.232108
727064810	ACC	-0.5288138	3.1710882	9.193823
727064819	ACC	-0.4953143	3.1663027	9.184252
727064829	ACC	-0.5096712	3.161517	9.227323
727064838	ACC	-0.53359944	3.185445	9.299107
727064848	ACC	-0.5383851	3.2045877	9.294321
727064857	ACC	-0.5479564	3.2237303	9.260822
727064867	ACC	-0.55752766	3.2189445	9.236894
727064876	ACC	-0.54317075	3.1998022	9.279964
727064886	ACC	-0.552742	3.161517	9.299107
727064895	ACC	-0.5766702	3.1710882	9.279964
727064905	ACC	-0.5623133	3.1950164	9.246465
727064914	ACC	-0.5383851	3.1950164	9.2177515
727064924	ACC	-0.552742	3.242873	9.222537
727064933	ACC	-0.55752766	3.2380872	9.232108
727064943	ACC	-0.5192425	3.2524443	9.294321
727064952	ACC	-0.49052864	3.2333016	9.31825
727064962	ACC	-0.5240282	3.1902308	9.270393
727064971	ACC	-0.50488555	3.1710882	9.222537
727064981	ACC	-0.48095736	3.1663027	9.189037
727064990	ACC	-0.48095736	3.1806595	9.131609
727065000	ACC	-0.4953143	3.1806595	9.165109
727065009	ACC	-0.50009996	3.1710882	9.203394
727065019	ACC	-0.51445687	3.1710882	9.236894
727065028	ACC	-0.50009996	3.2045877	9.294321
727065038	ACC	-0.5383851	3.242873	9.308679
727065047	ACC	-0.5766702	3.2380872	9.31825
727065057	ACC	-0.5479564	3.2524443	9.332606
727065066	ACC	-0.5192425	3.2524443	9.332606
727065076	ACC	-0.50009996	3.214159	9.327821
727065085	ACC	-0.5240282	3.2333016	9.31825
727065095	ACC	-0.5240282	3.242873	9.275179
727065104	ACC	-0.5240282	3.2620156	9.241679
727065114	ACC	-0.5240282	3.214159	9.203394
727065123	ACC	-0.5192425	3.1902308	9.141181
727065133	ACC	-0.5096712	3.1567314	9.160323
727065142	ACC	-0.47138608	3.1758738	9.208179
727065152	ACC	-0.48095736	3.1567314	9.2177515
727065161	ACC	-0.4953143	3.1710882	9.17468
727065171	ACC	-0.4953143	3.1998022	9.155538
727065180	ACC	-0.48095736	3.214159	9.184252
727065190	ACC	-0.485743	3.2045877	9.212965
727065199	ACC	-0.4953143	3.2620156	9.236894
727065209	ACC	-0.5240282	3.2476585	9.270393
727065218	ACC	-0.5096712	3.2476585	9.2895355
727065228	ACC	-0.5096712	3.2380872	9.279964
727065237	ACC	-0.50488555	3.2237303	9.236894
727065247	ACC	-0.51445687	3.2189445	9.193823
727065256	ACC	-0.53359944	3.2285159	9.232108
727065265	ACC	-0.51445687	3.2620156	9.270393
727065275	ACC	-0.51445687	3.242873	9.294321
727065284	ACC	-0.4953143	3.242873	9.265608
727065294	ACC	-0.4953143	3.2285159	9.260822
727065303	ACC	-0.50009996	3.2189445	9.25125
727065313	ACC	-0.5096712	3.2620156	9.25125
727065322	ACC	-0.50009996	3.2380872	9.265608
727065332	ACC	-0.50488555	3.2380872	9.265608
727065341	ACC	-0.5192425	3.2333016	9.241679
727065351	ACC	-0.50009996	3.242873	9.227323
727065360	ACC	-0.5096712	3.2380872	9.203394
727065370	ACC	-0.49052864	3.2380872	9.198608
727065379	ACC	-0.5240282	3.2380872	9.203394
727065389	ACC	-0.50488555	3.2572298	9.212965
727065398	ACC	-0.48095736	3.2572298	9.193823
727065408	ACC	-0.48095736	3.2333016	9.189037
727065417	ACC	-0.485743	3.2333016	9.179466
727065427	ACC	-0.49052864	3.2333016	9.169894
727065436	ACC	-0.485743	3.2333016	9.227323
727065446	ACC	-0.47138608	3.214159	9.246465
727065455	ACC	-0.4761717	3.2333016	9.256036
727065465	ACC	-0.49052864	3.2093735	9.256036
727065474	ACC	-0.4426722	3.2333016	9.256036
727065484	ACC	-0.4761717	3.2285159	9.222537
727065493	ACC	-0.485743	3.2285159	9.198608
727065503	ACC	-0.4761717	3.2189445	9.232108
727065512	ACC	-0.48095736	3.1998022	9.265608
727065522	ACC	-0.4953143	3.266801	9.256036
727065531	ACC	-0.54317075	3.266801	9.260822
727065541	ACC	-0.54317075	3.281158	9.294321
727065550	ACC	-0.5096712	3.2524443	9.2895355
727065560	ACC	-0.5096712	3.2620156	9.260822
727065569	ACC	-0.5096712	3.2572298	9.232108
727065579	ACC	-0.48095736	3.266801	9.203394
727065588	ACC	-0.485743	3.266801	9.203394
727065598	ACC	-0.50009996	3.2524443	9.227323
727065607	ACC	-0.46660042	3.242873	9.241679
727065617	ACC	-0.485743	3.2380872	9.241679
727065626	ACC	-0.485743	3.2524443	9.227323
727065636	ACC	-0.4761717	3.2572298	9.198608
727065645	ACC	-0.46660042	3.2476585	9.198608
727065655	ACC	-0.485743	3.2333016	9.184252
727065664	ACC	-0.485743	3.242873	9.2177515
727065674	ACC	-0.5192425	3.2333016	9.270393
727065683	ACC	-0.485743	3.2620156	9.256036
727065693	ACC	-0.4761717	3.2620156	9.212965
727065702	ACC	-0.47138608	3.2572298	9.203394
727065712	ACC	-0.45702913	3.2476585	9.198608
727065721	ACC	-0.46181476	3.2476585	9.198608
727065731	ACC	-0.46181476	3.2620156	9.2177515
727065740	ACC	-0.47138608	3.2572298	9.265608
727065750	ACC	-0.46660042	3.2476585	9.25125
727065759	ACC	-0.47138608	3.242873	9.193823
727065769	ACC	-0.45702913	3.2237303	9.208179
727065778	ACC	-0.46181476	3.2285159	9.227323
727065788	ACC	-0.485743	3.2476585	9.25125
727065797	ACC	-0.49052864	3.2476585	9.256036
727065807	ACC	-0.49052864	3.2620156	9.275179
727065816	ACC	-0.5192425	3.2476585	9.25125
727065826	ACC	-0.50488555	3.2620156	9.2177515
727065835	ACC	-0.51445687	3.242873	9.227323
727065845	ACC	-0.54317075	3.2476585	9.232108
727065854	ACC	-0.53359944	3.2524443	9.222537
727065864	ACC	-0.5192425	3.2715867	9.2177515
727065873	ACC	-0.50009996	3.266801	9.232108
727065883	ACC	-0.485743	3.2907293	9.241679
727065892	ACC	-0.4761717	3.295515	9.256036
727065902	ACC	-0.47138608	3.2859437	9.256036
727065911	ACC	-0.4331009	3.2476585	9.232108
727065921	ACC	-0.4139583	3.2237303	9.169894
727065930	ACC	-0.4139583	3.2333016	9.136395
727065940	ACC	-0.41874397	3.1950164	9.122038
727065949	ACC	-0.4426722	3.2476585	9.131609
727065959	ACC	-0.46660042	3.2620156	9.17468
727065968	ACC	-0.47138608	3.2620156	9.232108
727065978	ACC	-0.5096712	3.2715867	9.256036
727065987	ACC	-0.5288138	3.2715867	9.294321
727065997	ACC	-0.5288138	3.3003006	9.31825
727066006	ACC	-0.5288138	3.3050864	9.2895355
727066016	ACC	-0.51445687	3.3050864	9.2895355
727066025	ACC	-0.4953143	3.295515	9.313464
727066035	ACC	-0.485743	3.3003006	9.28475
727066044	ACC	-0.48095736	3.2763724	9.246465
727066054	ACC	-0.48095736	3.2620156	9.198608
727066063	ACC	-0.44745782	3.266801	9.193823
727066073	ACC	-0.45702913	3.2476585	9.160323
727066082	ACC	-0.4761717	3.214159	9.184252
727066092	ACC	-0.46181476	3.2045877	9.193823
727066101	ACC	-0.4426722	3.2093735	9.179466
727066111	ACC	-0.46181476	3.2476585	9.165109
727066120	ACC	-0.45224348	3.2333016	9.122038
727066130	ACC	-0.45702913	3.2045877	9.160323
727066139	ACC	-0.47138608	3.2333016	9.193823
727066149	ACC	-0.49052864	3.266801	9.241679
727066158	ACC	-0.47138608	3.2620156	9.25125
727066168	ACC	-0.48095736	3.2620156	9.236894
727066177	ACC	-0.50009996	3.2572298	9.241679
727066187	ACC	-0.49052864	3.2859437	9.232108
727066196	ACC	-0.50009996	3.2715867	9.246465
727066206	ACC	-0.50488555	3.2572298	9.241679
727066215	ACC	-0.45702913	3.242873	9.260822
727066224	ACC	-0.485743	3.266801	9.246465
727066234	ACC	-0.53359944	3.3003006	9.236894
727066243	ACC	-0.5240282	3.281158	9.260822
727066253	ACC	-0.50488555	3.2572298	9.270393
727066262	ACC	-0.49052864	3.266801	9.212965
727066272	ACC	-0.46660042	3.281158	9.179466
727066281	ACC	-0.46181476	3.3050864	9.198608
727066291	ACC	-0.49052864	3.2859437	9.212965
727066300	ACC	-0.4761717	3.2907293	9.265608
727066310	ACC	-0.47138608	3.2907293	9.246465
727066319	ACC	-0.45702913	3.2859437	9.241679
727066329	ACC	-0.48095736	3.266801	9.198608
727066338	ACC	-0.485743	3.2763724	9.17468
727066348	ACC	-0.485743	3.2620156	9.179466
727066357	ACC	-0.48095736	3.266801	9.193823
727066367	ACC	-0.4761717	3.2572298	9.2177515
727066376	ACC	-0.4426722	3.2333016	9.203394
727066386	ACC	-0.45224348	3.2476585	9.17468
727066395	ACC	-0.4426722	3.2285159	9.203394
727066405	ACC	-0.46660042	3.2285159	9.222537
727066414	ACC	-0.46660042	3.2524443	9.236894
727066424	ACC	-0.48095736	3.2524443	9.241679
727066433	ACC	-0.46181476	3.266801	9.2177515
727066443	ACC	-0.45224348	3.2572298	9.193823
727066452	ACC	-0.46181476	3.2476585	9.198608
727066462	ACC	-0.49052864	3.2572298	9.212965
727066471	ACC	-0.485743	3.2859437	9.232108
727066481	ACC	-0.4761717	3.2763724	9.260822
727066490	ACC	-0.4953143	3.2763724	9.2895355
727066500	ACC	-0.49052864	3.2715867	9.270393
727066509	ACC	-0.46660042	3.2715867	9.227323
727066519	ACC	-0.45702913	3.2476585	9.236894
727066528	ACC	-0.485743	3.2333016	9.232108
727066538	ACC	-0.48095736	3.2285159	9.222537
727066547	ACC	-0.49052864	3.2380872	9.246465
727066557	ACC	-0.46660042	3.242873	9.241679
727066566	ACC	-0.48095736	3.2572298	9.227323
727066576	ACC	-0.50488555	3.2476585	9.208179
727066585	ACC	-0.48095736	3.2572298	9.203394
727066595	ACC	-0.50488555	3.2572298	9.222537
727066604	ACC	-0.50488555	3.2620156	9.2177515
727066614	ACC	-0.49052864	3.2763724	9.2177515
727066623	ACC	-0.48095736	3.242873	9.236894
727066633	ACC	-0.49052864	3.242873	9.236894
727066642	ACC	-0.48095736	3.2380872	9.256036
727066652	ACC	-0.485743	3.2380872	9.222537
727066661	ACC	-0.45224348	3.242873	9.212965
727066671	ACC	-0.4761717	3.2572298	9.227323
727066680	ACC	-0.46660042	3.266801	9.227323
727066690	ACC	-0.4761717	3.2620156	9.25125
727066699	ACC	-0.46181476	3.2237303	9.275179
727066709	ACC	-0.45224348	3.2189445	9.241679
727066718	ACC	-0.46660042	3.2189445	9.227323
727066728	ACC	-0.485743	3.2189445	9.270393
727066737	ACC	-0.50009996	3.2045877	9.2895355
727066747	ACC	-0.5096712	3.2285159	9.303893
727066756	ACC	-0.485743	3.2285159	9.25125
727066766	ACC	-0.4953143	3.2285159	9.193823
727066775	ACC	-0.51445687	3.266801	9.150752
727066785	ACC	-0.51445687	3.266801	9.150752
727066794	ACC	-0.5192425	3.266801	9.17468
727066804	ACC	-0.5288138	3.2572298	9.208179
727066813	ACC	-0.5096712	3.2907293	9.232108
727066823	ACC	-0.51445687	3.295515	9.246465
727066832	ACC	-0.49052864	3.2763724	9.25125
727066842	ACC	-0.49052864	3.2380872	9.232108
727066851	ACC	-0.44745782	3.2189445	9.189037
727066861	ACC	-0.4235296	3.1806595	9.165109
727066870	ACC	-0.4235296	3.1998022	9.193823
727066880	ACC	-0.45224348	3.2045877	9.236894
727066889	ACC	-0.44745782	3.2333016	9.275179
727066899	ACC	-0.45702913	3.214159	9.2895355
727066908	ACC	-0.45224348	3.2189445	9.308679
727066918	ACC	-0.46660042	3.242873	9.28475
727066927	ACC	-0.51445687	3.2476585	9.2895355
727066937	ACC	-0.50488555	3.2333016	9.2895355
727066946	ACC	-0.5288138	3.242873	9.275179
727066956	ACC	-0.5288138	3.2380872	9.265608
727066965	ACC	-0.48095736	3.2620156	9.279964
727066975	ACC	-0.47138608	3.2380872	9.25125
727066984	ACC	-0.47138608	3.2524443	9.232108
727066994	ACC	-0.4761717	3.2572298	9.165109
727067003	ACC	-0.485743	3.2237303	9.169894
727067013	ACC	-0.45702913	3.1998022	9.189037
727067022	ACC	-0.46660042	3.1758738	9.203394
727067032	ACC	-0.46181476	3.1806595	9.222537
727067041	ACC	-0.43788654	3.1758738	9.193823
727067051	ACC	-0.43788654	3.1806595	9.160323
727067060	ACC	-0.4426722	3.1950164	9.150752
727067070	ACC	-0.47138608	3.214159	9.169894
727067079	ACC	-0.48095736	3.242873	9.232108
727067089	ACC	-0.48095736	3.2380872	9.28475
727067098	ACC	-0.47138608	3.2237303	9.308679
727067108	ACC	-0.46181476	3.2189445	9.28475
727067117	ACC	-0.4761717	3.2476585	9.256036
727067127	ACC	-0.46660042	3.2620156	9.227323
727067136	ACC	-0.50009996	3.2285159	9.246465
727067146	ACC	-0.4953143	3.2237303	9.256036
727067155	ACC	-0.48095736	3.2237303	9.256036
727067165	ACC	-0.4761717	3.2380872	9.241679
727067174	ACC	-0.48095736	3.2380872	9.246465
727067183	ACC	-0.50488555	3.242873	9.236894
727067193	ACC	-0.485743	3.214159	9.270393
727067202	ACC	-0.47138608	3.2045877	9.275179
727067212	ACC	-0.485743	3.2285159	9.270393
727067221	ACC	-0.47138608	3.2093735	9.28475
727067231	ACC	-0.4426722	3.214159	9.265608
727067240	ACC	-0.45224348	3.214159	9.246465
727067250	ACC	-0.45224348	3.2093735	9.212965
727067259	ACC	-0.45702913	3.2189445	9.246465
727067269	ACC	-0.44745782	3.214159	9.2177515
727067278	ACC	-0.48095736	3.2189445	9.208179
727067288	ACC	-0.485743	3.2189445	9.150752
727067297	ACC	-0.46660042	3.2189445	9.141181
727067307	ACC	-0.47138608	3.1950164	9.169894
727067316	ACC	-0.45702913	3.1806595	9.222537
727067326	ACC	-0.45224348	3.1998022	9.294321
727067335	ACC	-0.4235296	3.2093735	9.279964
727067345	ACC	-0.41874397	3.2237303	9.260822
727067354	ACC	-0.45224348	3.214159	9.236894
727067364	ACC	-0.4426722	3.2189445	9.236894
727067373	ACC	-0.4426722	3.2189445	9.25125
727067383	ACC	-0.45224348	3.2237303	9.260822
727067392	ACC	-0.45702913	3.2045877	9.275179
727067402	ACC	-0.46660042	3.2045877	9.256036
727067411	ACC	-0.4761717	3.1998022	9.246465
727067421	ACC	-0.46181476	3.214159	9.241679
727067430	ACC	-0.4761717	3.2285159	9.260822
727067440	ACC	-0.46660042	3.2189445	9.260822
727067449	ACC	-0.46181476	3.1998022	9.260822
727067459	ACC	-0.46181476	3.214159	9.25125
727067468	ACC	-0.43788654	3.1950164	9.236894
727067478	ACC	-0.4426722	3.1998022	9.227323
727067487	ACC	-0.47138608	3.214159	9.25125
727067497	ACC	-0.44745782	3.1998022	9.2177515
727067506	ACC	-0.45702913	3.1950164	9.2177515
727067516	ACC	-0.45702913	3.1902308	9.212965
727067525	ACC	-0.42831525	3.1710882	9.236894
727067535	ACC	-0.43788654	3.1806595	9.246465
727067544	ACC	-0.44745782	3.214159	9.246465
727067554	ACC	-0.4426722	3.214159	9.222537
727067563	ACC	-0.42831525	3.185445	9.241679
727067573	ACC	-0.43788654	3.185445	9.25125
727067582	ACC	-0.43788654	3.2093735	9.256036
727067592	ACC	-0.46181476	3.214159	9.246465
727067601	ACC	-0.46660042	3.2333016	9.25125
727067611	ACC	-0.42831525	3.1806595	9.260822
727067620	ACC	-0.44745782	3.1998022	9.260822
727067630	ACC	-0.46181476	3.1998022	9.25125
727067639	ACC	-0.45702913	3.2045877	9.232108
727067649	ACC	-0.45702913	3.1998022	9.241679
727067658	ACC	-0.4761717	3.1663027	9.256036
727067668	ACC	-0.47138608	3.1902308	9.256036
727067677	ACC	-0.4761717	3.2333016	9.241679
727067687	ACC	-0.47138608	3.266801	9.256036
727067696	ACC	-0.45702913	3.2572298	9.265608
727067706	ACC	-0.4235296	3.1950164	9.275179
727067715	ACC	-0.4139583	3.1663027	9.256036
727067725	ACC	-0.4139583	3.1519456	9.241679
727067734	ACC	-0.39960137	3.1423743	9.212965
727067744	ACC	-0.4139583	3.14716	9.198608
727067753	ACC	-0.39481574	3.1375887	9.2177515
727067763	ACC	-0.40917268	3.1423743	9.25125
727067772	ACC	-0.4139583	3.1950164	9.279964
727067782	ACC	-0.4426722	3.185445	9.31825
727067791	ACC	-0.48095736	3.2045877	9.294321
727067801	ACC	-0.45702913	3.2189445	9.28475
727067810	ACC	-0.48095736	3.2572298	9.265608
727067820	ACC	-0.485743	3.2620156	9.246465
727067829	ACC	-0.49052864	3.2572298	9.265608
727067839	ACC	-0.46181476	3.2285159	9.279964
727067848	ACC	-0.42831525	3.2093735	9.256036
727067858	ACC	-0.44745782	3.2093735	9.246465
727067867	ACC	-0.43788654	3.185445	9.208179
727067877	ACC	-0.39960137	3.1663027	9.212965
727067886	ACC	-0.4235296	3.1806595	9.203394
727067896	ACC	-0.44745782	3.185445	9.179466
727067905	ACC	-0.45224348	3.2045877	9.184252
727067915	ACC	-0.43788654	3.1806595	9.208179
727067924	ACC	-0.4139583	3.1758738	9.236894
727067934	ACC	-0.4139583	3.2093735	9.193823
727067943	ACC	-0.44745782	3.2189445	9.222537
727067953	ACC	-0.4426722	3.214159	9.246465
727067962	ACC	-0.44745782	3.214159	9.299107
727067972	ACC	-0.46181476	3.2524443	9.308679
727067981	ACC	-0.45702913	3.2285159	9.265608
727067991	ACC	-0.45224348	3.242873	9.25125
727068000	ACC	-0.45702913	3.2476585	9.208179
727068010	ACC	-0.45224348	3.2285159	9.208179
727068019	ACC	-0.46181476	3.2285159	9.25125
727068029	ACC	-0.46660042	3.2333016	9.236894
727068038	ACC	-0.46181476	3.2285159	9.25125
727068048	ACC	-0.46660042	3.2189445	9.256036
727068057	ACC	-0.45224348	3.2285159	9.270393
727068067	ACC	-0.46181476	3.2237303	9.236894
727068076	ACC	-0.46181476	3.2380872	9.236894
727068086	ACC	-0.47138608	3.2524443	9.227323
727068095	ACC	-0.42831525	3.2524443	9.232108
727068105	ACC	-0.42831525	3.2237303	9.236894
727068114	ACC	-0.4139583	3.2380872	9.198608
727068124	ACC	-0.4331009	3.281158	9.198608
727068133	ACC	-0.42831525	3.2524443	9.184252
727068143	ACC	-0.4331009	3.2093735	9.17468
727068152	ACC	-0.46181476	3.214159	9.17468
727068162	ACC	-0.47138608	3.2476585	9.208179
727068171	ACC	-0.4426722	3.2620156	9.241679
727068181	ACC	-0.4139583	3.2524443	9.260822
727068190	ACC	-0.4331009	3.2285159	9.265608
727068200	ACC	-0.44745782	3.214159	9.260822
727068209	ACC	-0.44745782	3.2285159	9.246465
727068219	ACC	-0.4426722	3.2524443	9.25125
727068228	ACC	-0.44745782	3.2524443	9.241679
727068238	ACC	-0.45702913	3.2524443	9.236894
727068247	ACC	-0.46181476	3.266801	9.232108
727068257	ACC	-0.46181476	3.2715867	9.222537
727068266	ACC	-0.46660042	3.2715867	9.208179
727068276	ACC	-0.45224348	3.2763724	9.208179
727068285	ACC	-0.46660042	3.2763724	9.212965
727068295	ACC	-0.45224348	3.2524443	9.2177515
727068304	ACC	-0.46660042	3.2333016	9.25125
727068313	ACC	-0.46181476	3.242873	9.25125
727068323	ACC	-0.4139583	3.2237303	9.270393
727068332	ACC	-0.4331009	3.214159	9.241679
727068342	ACC	-0.43788654	3.2572298	9.198608
727068351	ACC	-0.4426722	3.242873	9.203394
727068361	ACC	-0.42831525	3.242873	9.222537
727068370	ACC	-0.4331009	3.2524443	9.222537
727068380	ACC	-0.43788654	3.2380872	9.25125
727068389	ACC	-0.4139583	3.2524443	9.227323
727068399	ACC	-0.4235296	3.242873	9.193823
727068408	ACC	-0.45224348	3.242873	9.198608
727068418	ACC	-0.46181476	3.281158	9.184252
727068427	ACC	-0.47138608	3.281158	9.169894
727068437	ACC	-0.485743	3.2715867	9.179466
727068446	ACC	-0.4953143	3.2476585	9.2177515
727068456	ACC	-0.48095736	3.2237303	9.246465
727068465	ACC	-0.46181476	3.2380872	9.256036
727068475	ACC	-0.485743	3.281158	9.260822
727068484	ACC	-0.47138608	3.2907293	9.25125
727068494	ACC	-0.45224348	3.3146574	9.279964
727068503	ACC	-0.44745782	3.3050864	9.299107
727068513	ACC	-0.43788654	3.2715867	9.279964
727068522	ACC	-0.4331009	3.2476585	9.246465
727068532	ACC	-0.40917268	3.2189445	9.189037
727068541	ACC	-0.41874397	3.1998022	9.145967
727068551	ACC	-0.41874397	3.2237303	9.150752
727068560	ACC	-0.42831525	3.242873	9.2177515
727068570	ACC	-0.45224348	3.2476585	9.212965
727068579	ACC	-0.4331009	3.242873	9.256036
727068589	ACC	-0.44745782	3.266801	9.265608
727068598	ACC	-0.46181476	3.281158	9.265608
727068608	ACC	-0.485743	3.3050864	9.294321
727068617	ACC	-0.51445687	3.281158	9.308679
727068627	ACC	-0.48095736	3.2907293	9.2895355
727068636	ACC	-0.45224348	3.281158	9.265608
727068646	ACC	-0.45702913	3.281158	9.212965
727068655	ACC	-0.45702913	3.3003006	9.198608
727068665	ACC	-0.4331009	3.2859437	9.203394
727068674	ACC	-0.43788654	3.281158	9.208179
727068684	ACC	-0.44745782	3.281158	9.198608
727068693	ACC	-0.45224348	3.2572298	9.141181
727068703	ACC	-0.44745782	3.2380872	9.131609
727068712	ACC	-0.4235296	3.2333016	9.145967
727068722	ACC	-0.43788654	3.2189445	9.155538
727068731	ACC	-0.4426722	3.2380872	9.131609
727068741	ACC	-0.43788654	3.2763724	9.150752
727068750	ACC	-0.4426722	3.295515	9.2177515
727068760	ACC	-0.4331009	3.2763724	9.236894
727068769	ACC	-0.4426722	3.295515	9.265608
727068779	ACC	-0.45702913	3.295515	9.28475
727068788	ACC	-0.44745782	3.2715867	9.256036
727068798	ACC	-0.44745782	3.2859437	9.241679
727068807	ACC	-0.47138608	3.281158	9.241679
727068817	ACC	-0.485743	3.295515	9.222537
727068826	ACC	-0.45702913	3.2572298	9.232108
727068836	ACC	-0.44745782	3.2763724	9.203394
727068845	ACC	-0.45224348	3.281158	9.212965
727068855	ACC	-0.48095736	3.3003006	9.236894
727068864	ACC	-0.46181476	3.2859437	9.275179
727068874	ACC	-0.44745782	3.2907293	9.279964
727068883	ACC	-0.45702913	3.2859437	9.246465
727068893	ACC	-0.4331009	3.3194432	9.203394
727068902	ACC	-0.4235296	3.3146574	9.2177515
727068912	ACC	-0.4426722	3.309872	9.236894
727068921	ACC	-0.46660042	3.3194432	9.256036
727068931	ACC	-0.45224348	3.309872	9.232108
727068940	ACC	-0.4426722	3.295515	9.184252
727068950	ACC	-0.4331009	3.2907293	9.150752
727068959	ACC	-0.43788654	3.281158	9.126823
727068969	ACC	-0.46181476	3.295515	9.141181
727068978	ACC	-0.4426722	3.2859437	9.203394
727068988	ACC	-0.4426722	3.2715867	9.198608
727068997	ACC	-0.4426722	3.2859437	9.189037
727069007	ACC	-0.4426722	3.2907293	9.169894
727069016	ACC	-0.4235296	3.2907293	9.189037
727069026	ACC	-0.45702913	3.2859437	9.2177515
727069035	ACC	-0.4235296	3.2907293	9.241679
727069045	ACC	-0.42831525	3.3146574	9.236894
727069054	ACC	-0.4426722	3.3050864	9.236894
727069064	ACC	-0.5096712	3.3003006	9.270393
727069073	ACC	-0.50009996	3.3194432	9.279964
727069083	ACC	-0.4426722	3.295515	9.25125
727069092	ACC	-0.45702913	3.3050864	9.2177515
727069102	ACC	-0.46181476	3.309872	9.184252
727069111	ACC	-0.45224348	3.3003006	9.179466
727069121	ACC	-0.44745782	3.2763724	9.2177515
727069130	ACC	-0.4426722	3.2715867	9.236894
727069140	ACC	-0.4331009	3.2859437	9.236894
727069149	ACC	-0.41874397	3.2620156	9.236894
727069159	ACC	-0.41874397	3.2715867	9.193823
727069168	ACC	-0.42831525	3.2572298	9.179466
727069178	ACC	-0.4331009	3.2524443	9.17468
727069187	ACC	-0.45224348	3.2859437	9.198608
727069197	ACC	-0.46181476	3.3003006	9.222537
727069206	ACC	-0.4331009	3.3290145	9.260822
727069216	ACC	-0.4331009	3.3050864	9.241679
727069225	ACC	-0.46181476	3.2763724	9.212965
727069235	ACC	-0.45702913	3.2859437	9.17468
727069244	ACC	-0.485743	3.2715867	9.184252
727069254	ACC	-0.4761717	3.2763724	9.246465
727069263	ACC	-0.50009996	3.2859437	9.256036
727069273	ACC	-0.5192425	3.295515	9.25125
727069282	ACC	-0.4761717	3.3050864	9.260822
727069292	ACC	-0.46660042	3.3290145	9.246465
727069301	ACC	-0.47138608	3.3242288	9.25125
727069311	ACC	-0.46181476	3.3003006	9.256036
727069320	ACC	-0.4331009	3.266801	9.265608
727069330	ACC	-0.41874397	3.242873	9.222537
727069339	ACC	-0.41874397	3.2380872	9.184252
727069349	ACC	-0.40917268	3.2285159	9.141181
727069358	ACC	-0.40438703	3.2285159	9.136395
727069367	ACC	-0.4331009	3.2285159	9.165109
727069377	ACC	-0.46660042	3.2715867	9.2177515
727069386	ACC	-0.46660042	3.2763724	9.279964
727069396	ACC	-0.49052864	3.2715867	9.327821
727069405	ACC	-0.50009996	3.295515	9.332606
727069415	ACC	-0.46181476	3.3003006	9.279964
727069424	ACC	-0.47138608	3.309872	9.227323
727069434	ACC	-0.45702913	3.3003006	9.208179
727069443	ACC	-0.44745782	3.3146574	9.227323
727069453	ACC	-0.4331009	3.3194432	9.279964
727069462	ACC	-0.46181476	3.3003006	9.25125
727069472	ACC	-0.4426722	3.2907293	9.212965
727069481	ACC	-0.45224348	3.2572298	9.169894
727069491	ACC	-0.45702913	3.2524443	9.136395
727069500	ACC	-0.4426722	3.2524443	9.122038
727069510	ACC	-0.45224348	3.2333016	9.126823
727069519	ACC	-0.4426722	3.2524443	9.136395
727069529	ACC	-0.43788654	3.2476585	9.169894
727069538	ACC	-0.4235296	3.2620156	9.184252
727069548	ACC	-0.4331009	3.295515	9.193823
727069557	ACC	-0.46660042	3.3050864	9.203394
727069567	ACC	-0.45702913	3.3146574	9.260822
727069576	ACC	-0.45224348	3.309872	9.299107
727069586	ACC	-0.45702913	3.3003006	9.31825
727069595	ACC	-0.47138608	3.309872	9.260822
727069605	ACC	-0.45702913	3.3050864	9.203394
727069614	ACC	-0.4426722	3.309872	9.179466
727069624	ACC	-0.45224348	3.3050864	9.184252
727069633	ACC	-0.4761717	3.3242288	9.184252
727069643	ACC	-0.4953143	3.309872	9.198608
727069652	ACC	-0.4761717	3.3050864	9.2177515
727069662	ACC	-0.45224348	3.2859437	9.236894
727069671	ACC	-0.45224348	3.2859437	9.227323
727069681	ACC	-0.4426722	3.3003006	9.212965
727069690	ACC	-0.42831525	3.295515	9.203394
727069700	ACC	-0.4331009	3.3003006	9.227323
727069709	ACC	-0.4331009	3.3003006	9.260822
727069719	ACC	-0.4331009	3.309872	9.256036
727069728	ACC	-0.43788654	3.3194432	9.222537
727069738	ACC	-0.4331009	3.309872	9.184252
727069747	ACC	-0.44745782	3.3146574	9.141181
727069757	ACC	-0.4331009	3.3050864	9.141181
727069766	ACC	-0.43788654	3.3146574	9.141181
727069776	ACC	-0.45224348	3.2907293	9.136395
727069785	ACC	-0.45702913	3.3194432	9.160323
727069795	ACC	-0.44745782	3.2859437	9.189037
727069804	ACC	-0.47138608	3.3003006	9.208179
727069814	ACC	-0.4426722	3.295515	9.236894
727069823	ACC	-0.4139583	3.3050864	9.25125
727069833	ACC	-0.42831525	3.3050864	9.25125
727069842	ACC	-0.4331009	3.3146574	9.232108
727069852	ACC	-0.4331009	3.309872	9.2177515
727069861	ACC	-0.44745782	3.309872	9.246465
727069871	ACC	-0.46181476	3.3242288	9.246465
727069880	ACC	-0.4761717	3.3194432	9.236894
727069890	ACC	-0.47138608	3.3194432	9.232108
727069899	ACC	-0.44745782	3.3242288	9.2177515
727069909	ACC	-0.43788654	3.3050864	9.203394
727069918	ACC	-0.4331009	3.281158	9.169894
727069928	ACC	-0.43788654	3.281158	9.193823
727069937	ACC	-0.4139583	3.2620156	9.2177515
727069947	ACC	-0.41874397	3.2859437	9.2177515
727069956	ACC	-0.4139583	3.2715867	9.203394
727069966	ACC	-0.40917268	3.266801	9.169894
727069975	ACC	-0.4235296	3.281158	9.160323
727069985	ACC	-0.41874397	3.2907293	9.150752
727069994	ACC	-0.4426722	3.3003006	9.222537
727070004	ACC	-0.46660042	3.2907293	9.28475
727070013	ACC	-0.48095736	3.3146574	9.28475
727070023	ACC	-0.48095736	3.3242288	9.241679
727070032	ACC	-0.47138608	3.3050864	9.193823
727070042	ACC	-0.45224348	3.2859437	9.189037
727070051	ACC	-0.4761717	3.295515	9.184252
727070061	ACC	-0.49052864	3.281158	9.203394
727070070	ACC	-0.4761717	3.281158	9.222537
727070080	ACC	-0.46660042	3.2859437	9.232108
727070089	ACC	-0.47138608	3.295515	9.260822
727070099	ACC	-0.47138608	3.3338	9.28475
727070108	ACC	-0.4426722	3.3242288	9.270393
727070118	ACC	-0.4139583	3.2907293	9.265608
727070127	ACC	-0.3900301	3.2333016	9.208179
727070137	ACC	-0.3804588	3.242873	9.126823
727070146	ACC	-0.3804588	3.2333016	9.112467
727070156	ACC	-0.40917268	3.2285159	9.165109
727070165	ACC	-0.4139583	3.2380872	9.227323
727070175	ACC	-0.47138608	3.266801	9.265608
727070184	ACC	-0.46181476	3.2763724	9.294321
727070194	ACC	-0.48095736	3.309872	9.2895355
727070203	ACC	-0.4761717	3.3003006	9.256036
727070213	ACC	-0.485743	3.3194432	9.236894
727070222	ACC	-0.4953143	3.3433714	9.25125
727070232	ACC	-0.46660042	3.3385859	9.260822
727070241	ACC	-0.4426722	3.3146574	9.256036
727070251	ACC	-0.4331009	3.309872	9.246465
727070260	ACC	-0.43788654	3.295515	9.241679
727070270	ACC	-0.42831525	3.2715867	9.184252
727070279	ACC	-0.4331009	3.266801	9.141181
727070289	ACC	-0.44745782	3.2476585	9.160323
727070298	ACC	-0.42831525	3.242873	9.17468
727070308	ACC	-0.43788654	3.2380872	9.145967
727070317	ACC	-0.42831525	3.2524443	9.126823
727070327	ACC	-0.41874397	3.2524443	9.117252
727070336	ACC	-0.42831525	3.266801	9.145967
727070346	ACC	-0.41874397	3.3003006	9.179466
727070355	ACC	-0.4235296	3.3050864	9.227323
727070365	ACC	-0.43788654	3.3050864	9.28475
727070374	ACC	-0.46660042	3.3290145	9.28475
727070384	ACC	-0.45702913	3.3242288	9.279964
727070393	ACC	-0.45702913	3.3242288	9.256036
727070402	ACC	-0.45702913	3.3050864	9.198608
727070412	ACC	-0.45702913	3.3050864	9.203394
727070421	ACC	-0.43788654	3.3003006	9.227323
727070431	ACC	-0.45702913	3.3146574	9.241679
727070440	ACC	-0.46181476	3.3003006	9.241679
727070450	ACC	-0.46660042	3.2907293	9.222537
727070459	ACC	-0.43788654	3.3146574	9.227323
727070469	ACC	-0.4331009	3.2859437	9.222537
727070478	ACC	-0.43788654	3.295515	9.193823
727070488	ACC	-0.43788654	3.2907293	9.189037
727070497	ACC	-0.41874397	3.3194432	9.2177515
727070507	ACC	-0.40917268	3.3338	9.227323
727070516	ACC	-0.4235296	3.3385859	9.208179
727070526	ACC	-0.4426722	3.3242288	9.193823
727070535	ACC	-0.43788654	3.3242288	9.193823
727070545	ACC	-0.41874397	3.3194432	9.193823
727070554	ACC	-0.42831525	3.2907293	9.17468
727070564	ACC	-0.4426722	3.2859437	9.150752
727070573	ACC	-0.42831525	3.295515	9.145967
727070583	ACC	-0.43788654	3.3003006	9.165109
727070592	ACC	-0.43788654	3.3050864	9.189037
727070602	ACC	-0.4426722	3.3146574	9.208179
727070611	ACC	-0.4426722	3.3050864	9.203394
727070621	ACC	-0.4235296	3.3194432	9.227323
727070630	ACC	-0.4139583	3.3003006	9.222537
727070640	ACC	-0.43788654	3.3242288	9.2177515
727070649	ACC	-0.44745782	3.3194432	9.2177515
727070659	ACC	-0.45224348	3.3385859	9.227323
727070668	ACC	-0.4761717	3.3290145	9.260822
727070678	ACC	-0.46660042	3.3242288	9.28475
727070687	ACC	-0.45224348	3.295515	9.275179
727070697	ACC	-0.43788654	3.3146574	9.212965
727070706	ACC	-0.41874397	3.3146574	9.184252
727070716	ACC	-0.40438703	3.281158	9.17468
727070725	ACC	-0.40917268	3.281158	9.145967
727070735	ACC	-0.39481574	3.2763724	9.155538
727070744	ACC	-0.39481574	3.281158	9.165109
727070754	ACC	-0.4235296	3.3003006	9.17468
727070763	ACC	-0.42831525	3.2763724	9.193823
727070773	ACC	-0.4331009	3.2859437	9.198608
727070782	ACC	-0.4139583	3.2715867	9.193823
727070792	ACC	-0.4331009	3.2715867	9.189037
727070801	ACC	-0.43788654	3.2859437	9.236894
727070811	ACC	-0.45224348	3.3242288	9.265608
727070820	ACC	-0.46660042	3.3290145	9.260822
727070830	ACC	-0.45224348	3.309872	9.227323
727070839	ACC	-0.46181476	3.3003006	9.184252
727070849	ACC	-0.44745782	3.2859437	9.184252
727070858	ACC	-0.485743	3.2859437	9.198608
727070868	ACC	-0.48095736	3.281158	9.203394
727070877	ACC	-0.45702913	3.266801	9.236894
727070887	ACC	-0.485743	3.3050864	9.246465
727070896	ACC	-0.46660042	3.3338	9.241679
727070906	ACC	-0.4331009	3.3242288	9.25125
727070915	ACC	-0.4235296	3.281158	9.236894
727070925	ACC	-0.4235296	3.2715867	9.236894
727070934	ACC	-0.3900301	3.2572298	9.198608
727070944	ACC	-0.39481574	3.242873	9.165109
727070953	ACC	-0.39481574	3.2380872	9.165109
727070963	ACC	-0.42831525	3.2476585	9.179466
727070972	ACC	-0.42831525	3.266801	9.203394
727070982	ACC	-0.45702913	3.2380872	9.246465
727070991	ACC	-0.4761717	3.2715867	9.299107
727071001	ACC	-0.485743	3.295515	9.308679
727071010	ACC	-0.485743	3.3003006	9.28475
727071020	ACC	-0.4761717	3.3146574	9.260822
727071029	ACC	-0.45702913	3.3194432	9.241679
727071039	ACC	-0.44745782	3.3050864	9.232108
727071048	ACC	-0.4426722	3.3003006	9.222537
727071058	ACC	-0.43788654	3.295515	9.2177515
727071067	ACC	-0.4139583	3.281158	9.222537
727071077	ACC	-0.40917268	3.2572298	9.198608
727071086	ACC	-0.43788654	3.242873	9.145967
727071096	ACC	-0.4235296	3.2476585	9.145967
727071105	ACC	-0.40917268	3.2237303	9.131609
727071115	ACC	-0.4139583	3.2476585	9.131609
727071124	ACC	-0.45224348	3.2620156	9.117252
727071134	ACC	-0.4426722	3.2763724	9.150752
727071143	ACC	-0.4139583	3.266801	9.2177515
727071153	ACC	-0.4331009	3.266801	9.241679
727071162	ACC	-0.42831525	3.281158	9.270393
727071172	ACC	-0.44745782	3.281158	9.299107
727071181	ACC	-0.4139583	3.3003006	9.279964
727071191	ACC	-0.45702913	3.3003006	9.260822
727071200	ACC	-0.46181476	3.295515	9.241679
727071210	ACC	-0.44745782	3.3050864	9.25125
727071219	ACC	-0.46660042	3.2859437	9.246465
727071229	ACC	-0.47138608	3.266801	9.246465
727071238	ACC	-0.4761717	3.266801	9.232108
727071248	ACC	-0.45702913	3.2715867	9.246465
727071257	ACC	-0.45702913	3.266801	9.227323
727071267	ACC	-0.43788654	3.2859437	9.189037
727071276	ACC	-0.43788654	3.2715867	9.198608
727071286	ACC	-0.40917268	3.266801	9.203394
727071295	ACC	-0.4139583	3.2907293	9.208179
727071305	ACC	-0.39960137	3.281158	9.208179
727071314	ACC	-0.39481574	3.2763724	9.212965
727071324	ACC	-0.40438703	3.2907293	9.208179
727071333	ACC	-0.4331009	3.3003006	9.212965
727071343	ACC	-0.4426722	3.2907293	9.189037
727071352	ACC	-0.43788654	3.2907293	9.189037
727071362	ACC	-0.4426722	3.281158	9.179466
727071371	ACC	-0.43788654	3.266801	9.165109
727071381	ACC	-0.4426722	3.266801	9.160323
727071390	ACC	-0.43788654	3.266801	9.184252
727071400	ACC	-0.4139583	3.266801	9.2177515
727071409	ACC	-0.4235296	3.2763724	9.241679
727071419	ACC	-0.42831525	3.2715867	9.236894
727071428	ACC	-0.4235296	3.2763724	9.222537
727071437	ACC	-0.4139583	3.2715867	9.227323
727071447	ACC	-0.42831525	3.2620156	9.227323
727071456	ACC	-0.4426722	3.2763724	9.236894
727071466	ACC	-0.44745782	3.281158	9.246465
727071475	ACC	-0.43788654	3.2859437	9.25125
727071485	ACC	-0.44745782	3.281158	9.265608
727071494	ACC	-0.42831525	3.2620156	9.246465
727071504	ACC	-0.41874397	3.266801	9.241679
727071513	ACC	-0.41874397	3.266801	9.260822
727071523	ACC	-0.4235296	3.2715867	9.236894
727071532	ACC	-0.4139583	3.2620156	9.227323
727071542	ACC	-0.4139583	3.2620156	9.189037
727071551	ACC	-0.40917268	3.2524443	9.150752
727071561	ACC	-0.40917268	3.2476585	9.155538
727071570	ACC	-0.39481574	3.2572298	9.203394
727071580	ACC	-0.4331009	3.2380872	9.256036
727071589	ACC	-0.42831525	3.2476585	9.256036
727071599	ACC	-0.39481574	3.2524443	9.25125
727071608	ACC	-0.4235296	3.2237303	9.232108
727071618	ACC	-0.4139583	3.2620156	9.212965
727071627	ACC	-0.41874397	3.266801	9.241679
727071637	ACC	-0.4426722	3.2620156	9.256036
727071646	ACC	-0.4426722	3.266801	9.270393
727071656	ACC	-0.43788654	3.2476585	9.25125
727071665	ACC	-0.44745782	3.2572298	9.236894
727071675	ACC	-0.44745782	3.2380872	9.227323
727071684	ACC	-0.4761717	3.242873	9.2177515
727071694	ACC	-0.45224348	3.2524443	9.212965
727071703	ACC	-0.4426722	3.266801	9.212965
727071713	ACC	-0.4761717	3.2763724	9.236894
727071722	ACC	-0.46181476	3.2763724	9.275179
727071732	ACC	-0.40917268	3.2572298	9.265608
727071741	ACC	-0.4139583	3.2285159	9.236894
727071751	ACC	-0.38524446	3.1998022	9.208179
727071760	ACC	-0.39481574	3.1998022	9.193823
727071770	ACC	-0.35653058	3.1950164	9.203394
727071779	ACC	-0.38524446	3.2093735	9.198608
727071789	ACC	-0.40438703	3.2045877	9.232108
727071798	ACC	-0.4235296	3.2380872	9.279964
727071808	ACC	-0.42831525	3.2285159	9.31825
727071817	ACC	-0.4235296	3.2380872	9.327821
727071827	ACC	-0.45224348	3.2380872	9.308679
727071836	ACC	-0.44745782	3.2715867	9.2895355
727071846	ACC	-0.45702913	3.242873	9.246465
727071855	ACC	-0.4426722	3.2380872	9.236894
727071865	ACC	-0.4235296	3.2476585	9.246465
727071874	ACC	-0.42831525	3.242873	9.236894
727071884	ACC	-0.4426722	3.2045877	9.28475
727071893	ACC	-0.39481574	3.214159	9.208179
727071903	ACC	-0.39960137	3.2093735	9.145967
727071912	ACC	-0.40917268	3.2045877	9.122038
727071922	ACC	-0.39481574	3.1902308	9.145967
727071931	ACC	-0.39960137	3.1902308	9.136395
727071941	ACC	-0.39481574	3.2093735	9.169894
727071950	ACC	-0.39960137	3.2333016	9.189037
727071960	ACC	-0.40438703	3.2237303	9.212965
727071969	ACC	-0.40917268	3.2237303	9.256036
727071979	ACC	-0.41874397	3.2189445	9.313464
727071988	ACC	-0.46181476	3.2285159	9.356535
727071998	ACC	-0.45224348	3.214159	9.366106
727072007	ACC	-0.4235296	3.2524443	9.31825
727072017	ACC	-0.3900301	3.2620156	9.25125
727072026	ACC	-0.38524446	3.2572298	9.198608
727072036	ACC	-0.40917268	3.2476585	9.203394
727072045	ACC	-0.42831525	3.2524443	9.232108
727072055	ACC	-0.45224348	3.242873	9.270393
727072064	ACC	-0.4331009	3.2524443	9.246465
727072074	ACC	-0.43788654	3.2093735	9.260822
727072083	ACC	-0.4426722	3.2189445	9.265608
727072093	ACC	-0.4331009	3.2237303	9.270393
727072102	ACC	-0.41874397	3.242873	9.246465
727072112	ACC	-0.42831525	3.2476585	9.227323
727072121	ACC	-0.39960137	3.242873	9.236894
727072131	ACC	-0.39481574	3.2380872	9.265608
727072140	ACC	-0.3900301	3.2333016	9.265608
727072150	ACC	-0.37088752	3.2237303	9.227323
727072159	ACC	-0.40438703	3.2380872	9.193823
727072169	ACC	-0.40438703	3.1902308	9.179466
727072178	ACC	-0.40917268	3.214159	9.179466
727072188	ACC	-0.42831525	3.214159	9.17468
727072197	ACC	-0.42831525	3.214159	9.198608
727072207	ACC	-0.40438703	3.1806595	9.236894
727072216	ACC	-0.3804588	3.1998022	9.236894
727072226	ACC	-0.37567315	3.2093735	9.2177515
727072235	ACC	-0.37567315	3.2093735	9.212965
727072245	ACC	-0.40438703	3.2237303	9.232108
727072254	ACC	-0.39481574	3.242873	9.236894
727072264	ACC	-0.41874397	3.2333016	9.275179
727072273	ACC	-0.4235296	3.2476585	9.308679
727072283	ACC	-0.47138608	3.2620156	9.279964
727072292	ACC	-0.41874397	3.2715867	9.222537
727072302	ACC	-0.4331009	3.2476585	9.241679
727072311	ACC	-0.4426722	3.2237303	9.241679
727072321	ACC	-0.43788654	3.2380872	9.270393
727072330	ACC	-0.4331009	3.2476585	9.275179
727072340	ACC	-0.40438703	3.2189445	9.270393
727072349	ACC	-0.40438703	3.1998022	9.260822
727072359	ACC	-0.3804588	3.214159	9.232108
727072368	ACC	-0.38524446	3.2189445	9.198608
727072378	ACC	-0.38524446	3.2285159	9.193823
727072387	ACC	-0.37567315	3.2237303	9.193823
727072397	ACC	-0.3804588	3.1998022	9.208179
727072406	ACC	-0.39960137	3.2093735	9.236894
727072416	ACC	-0.40917268	3.2237303	9.2177515
727072425	ACC	-0.4139583	3.2285159	9.212965
727072435	ACC	-0.4426722	3.242873	9.222537
727072444	ACC	-0.40438703	3.242873	9.236894
727072454	ACC	-0.39481574	3.2285159	9.25125
727072463	ACC	-0.4331009	3.2333016	9.270393
727072473	ACC	-0.43788654	3.214159	9.270393
727072482	ACC	-0.40917268	3.2045877	9.256036
727072492	ACC	-0.41874397	3.214159	9.212965
727072501	ACC	-0.43788654	3.2093735	9.241679
727072511	ACC	-0.42831525	3.1998022	9.279964
727072520	ACC	-0.42831525	3.2189445	9.279964
727072530	ACC	-0.4426722	3.214159	9.294321
727072539	ACC	-0.46181476	3.242873	9.256036
727072549	ACC	-0.42831525	3.2476585	9.2177515
727072558	ACC	-0.43788654	3.2333016	9.270393
727072567	ACC	-0.43788654	3.2093735	9.313464
727072577	ACC	-0.37567315	3.1758738	9.279964
727072586	ACC	-0.36610186	3.1758738	9.227323
727072596	ACC	-0.3804588	3.2285159	9.179466
727072605	ACC	-0.36131623	3.2763724	9.169894
727072615	ACC	-0.36610186	3.3003006	9.212965
727072624	ACC	-0.3469593	3.2715867	9.17468
727072634	ACC	-0.4139583	3.1950164	9.25125
727072643	ACC	-0.4331009	3.1950164	9.265608
727072653	ACC	-0.39960137	3.2524443	9.184252
727072662	ACC	-0.4139583	3.3242288	9.165109
727072672	ACC	-0.45702913	3.3338	9.184252
727072681	ACC	-0.49052864	3.3290145	9.236894
727072691	ACC	-0.4761717	3.3003006	9.275179
727072700	ACC	-0.47138608	3.2763724	9.246465
727072710	ACC	-0.4426722	3.2763724	9.212965
727072719	ACC	-0.43788654	3.2524443	9.189037
727072729	ACC	-0.40438703	3.2476585	9.126823
727072738	ACC	-0.41874397	3.2045877	9.150752
727072748	ACC	-0.4235296	3.214159	9.189037
727072757	ACC	-0.41874397	3.2572298	9.227323
727072767	ACC	-0.4139583	3.2237303	9.203394
727072776	ACC	-0.42831525	3.1950164	9.203394
727072786	ACC	-0.39481574	3.2285159	9.193823
727072795	ACC	-0.39960137	3.266801	9.203394
727072805	ACC	-0.46181476	3.242873	9.232108
727072814	ACC	-0.4331009	3.242873	9.2177515
727072824	ACC	-0.42831525	3.281158	9.222537
727072833	ACC	-0.45224348	3.3003006	9.227323
727072843	ACC	-0.46660042	3.3194432	9.2177515
727072852	ACC	-0.5192425	3.3433714	9.241679
727072862	ACC	-0.50009996	3.295515	9.236894
727072871	ACC	-0.50488555	3.2476585	9.265608
727072881	ACC	-0.51445687	3.2715867	9.270393
727072890	ACC	-0.53359944	3.2907293	9.232108
727072900	ACC	-0.5192425	3.2476585	9.189037
727072909	ACC	-0.54317075	3.2524443	9.2177515
727072919	ACC	-0.5192425	3.2476585	9.145967
727072928	ACC	-0.51445687	3.2763724	9.179466
727072938	ACC	-0.53359944	3.281158	9.17468
727072947	ACC	-0.5288138	3.3050864	9.236894
727072957	ACC	-0.51445687	3.2763724	9.260822
727072966	ACC	-0.5383851	3.2524443	9.313464
727072976	ACC	-0.59581286	3.2859437	9.346964
727072985	ACC	-0.61016977	3.3242288	9.303893
727072995	ACC	-0.6580262	3.3242288	9.294321
727073004	ACC	-0.61016977	3.266801	9.25125
727073014	ACC	-0.5623133	3.2620156	9.232108
727073023	ACC	-0.5814559	3.281158	9.198608
727073033	ACC	-0.634098	3.266801	9.198608
727073042	ACC	-0.62452674	3.2380872	9.25125
727073052	ACC	-0.57188463	3.1232316	9.428319
727073061	ACC	-0.634098	3.0610185	9.605389
727073071	ACC	-0.6580262	3.1088748	9.457033
727073080	ACC	-0.59581286	3.2476585	9.270393
727073090	ACC	-0.46181476	3.3242288	8.98804
727073099	ACC	-0.3900301	3.3338	8.87797
727073109	ACC	-0.4426722	3.3146574	8.968898
727073118	ACC	-0.54317075	3.2620156	9.2895355
727073128	ACC	-0.5814559	3.2093735	9.557532
727073137	ACC	-0.5814559	3.1998022	9.667602
727073147	ACC	-0.5479564	3.1950164	9.610174
