727250450	ACC	-0.72502524	3.1663027	9.399606
727250460	ACC	-0.701097	3.1663027	9.299107
727250469	ACC	-0.70588267	3.1710882	9.227323
727250479	ACC	-0.7106683	3.214159	9.189037
727250488	ACC	-0.72023964	3.2189445	9.126823
727250498	ACC	-0.6723832	3.2476585	9.078967
727250507	ACC	-0.6436693	3.2045877	9.112467
727250517	ACC	-0.6580262	3.2093735	9.165109
727250526	ACC	-0.7106683	3.2045877	9.260822
727250536	ACC	-0.7968099	3.2572298	9.351749
727250545	ACC	-0.78723866	3.2572298	9.346964
727250555	ACC	-0.7393822	3.2572298	9.303893
727250564	ACC	-0.66759753	3.2189445	9.265608
727250574	ACC	-0.6580262	3.1663027	9.198608
727250583	ACC	-0.65324056	3.161517	9.165109
727250593	ACC	-0.6580262	3.1663027	9.203394
727250602	ACC	-0.6867401	3.1998022	9.241679
727250612	ACC	-0.6723832	3.185445	9.323035
727250621	ACC	-0.66759753	3.185445	9.366106
727250631	ACC	-0.64845496	3.1663027	9.404391
727250640	ACC	-0.6723832	3.1519456	9.375677
727250650	ACC	-0.70588267	3.161517	9.308679
727250659	ACC	-0.70588267	3.2045877	9.308679
727250669	ACC	-0.72502524	3.2093735	9.179466
727250678	ACC	-0.74416786	3.2189445	9.078967
727250688	ACC	-0.72023964	3.2189445	9.083753
727250697	ACC	-0.72023964	3.2045877	9.145967
727250707	ACC	-0.7298109	3.1902308	9.112467
727250716	ACC	-0.715454	3.2045877	9.145967
727250726	ACC	-0.7106683	3.2045877	9.169894
727250735	ACC	-0.70588267	3.1758738	9.184252
727250744	ACC	-0.6580262	3.132803	9.256036
727250754	ACC	-0.6580262	3.1136606	9.323035
727250763	ACC	-0.715454	3.118446	9.356535
727250773	ACC	-0.7393822	3.1663027	9.375677
727250782	ACC	-0.715454	3.1567314	9.323035
727250792	ACC	-0.68195444	3.1663027	9.299107
727250801	ACC	-0.6723832	3.161517	9.260822
727250811	ACC	-0.6963114	3.1950164	9.246465
727250820	ACC	-0.74416786	3.1375887	9.246465
727250830	ACC	-0.74416786	3.14716	9.25125
727250839	ACC	-0.7537391	3.1423743	9.260822
727250849	ACC	-0.7393822	3.1663027	9.332606
727250858	ACC	-0.74895346	3.1423743	9.323035
727250868	ACC	-0.77766734	3.1663027	9.232108
727250877	ACC	-0.78723866	3.1567314	9.126823
727250887	ACC	-0.7585248	3.14716	9.093325
727250896	ACC	-0.7728817	3.1567314	9.17468
727250906	ACC	-0.7728817	3.14716	9.222537
727250915	ACC	-0.7537391	3.161517	9.193823
727250925	ACC	-0.7298109	3.1375887	9.179466
727250934	ACC	-0.7106683	3.1375887	9.193823
727250944	ACC	-0.701097	3.14716	9.299107
727250953	ACC	-0.715454	3.1519456	9.3613205
727250963	ACC	-0.76331043	3.14716	9.370892
727250972	ACC	-0.77766734	3.161517	9.323035
727250982	ACC	-0.7728817	3.1663027	9.279964
727250991	ACC	-0.74895346	3.1806595	9.222537
727251001	ACC	-0.72502524	3.1519456	9.184252
727251010	ACC	-0.74416786	3.1663027	9.160323
727251020	ACC	-0.7537391	3.161517	9.17468
727251029	ACC	-0.782453	3.14716	9.193823
727251039	ACC	-0.74895346	3.1423743	9.193823
727251048	ACC	-0.76331043	3.1519456	9.222537
727251058	ACC	-0.78723866	3.132803	9.31825
727251067	ACC	-0.7968099	3.1232316	9.370892
727251077	ACC	-0.7968099	3.0993035	9.366106
727251086	ACC	-0.7537391	3.1136606	9.2895355
727251096	ACC	-0.7106683	3.1040893	9.25125
727251105	ACC	-0.72023964	3.1088748	9.236894
727251115	ACC	-0.74416786	3.1232316	9.25125
727251124	ACC	-0.7537391	3.1088748	9.279964
727251134	ACC	-0.7680961	3.1375887	9.299107
727251143	ACC	-0.7298109	3.1232316	9.279964
727251153	ACC	-0.7680961	3.1567314	9.25125
727251162	ACC	-0.7680961	3.1758738	9.193823
727251172	ACC	-0.7728817	3.1806595	9.126823
727251181	ACC	-0.74895346	3.1519456	9.107681
727251191	ACC	-0.7298109	3.1663027	9.126823
727251200	ACC	-0.74416786	3.1758738	9.184252
727251210	ACC	-0.7393822	3.1663027	9.208179
727251219	ACC	-0.715454	3.1375887	9.189037
727251229	ACC	-0.7393822	3.132803	9.232108
727251238	ACC	-0.74895346	3.1136606	9.279964
727251248	ACC	-0.77766734	3.14716	9.342177
727251257	ACC	-0.7680961	3.132803	9.356535
727251267	ACC	-0.76331043	3.0897322	9.327821
727251276	ACC	-0.73459655	3.0801609	9.2895355
727251286	ACC	-0.7298109	3.0753753	9.279964
727251295	ACC	-0.72023964	3.0753753	9.28475
727251305	ACC	-0.72502524	3.0849466	9.28475
727251314	ACC	-0.701097	3.0801609	9.260822
727251324	ACC	-0.701097	3.0849466	9.260822
727251333	ACC	-0.6963114	3.0849466	9.25125
727251343	ACC	-0.715454	3.065804	9.236894
727251352	ACC	-0.74416786	3.0705895	9.236894
727251362	ACC	-0.7728817	3.1040893	9.256036
727251371	ACC	-0.74416786	3.1040893	9.246465
727251381	ACC	-0.73459655	3.094518	9.260822
727251390	ACC	-0.76331043	3.118446	9.28475
727251400	ACC	-0.77766734	3.1040893	9.265608
727251409	ACC	-0.7585248	3.1232316	9.270393
727251419	ACC	-0.76331043	3.1040893	9.299107
727251428	ACC	-0.7920243	3.1088748	9.337392
727251438	ACC	-0.80159557	3.118446	9.303893
727251447	ACC	-0.8255238	3.1232316	9.256036
727251457	ACC	-0.80159557	3.1519456	9.303893
727251466	ACC	-0.80159557	3.1280174	9.303893
727251476	ACC	-0.80159557	3.14716	9.246465
727251485	ACC	-0.74895346	3.14716	9.169894
727251495	ACC	-0.72502524	3.14716	9.141181
727251504	ACC	-0.7106683	3.1423743	9.17468
727251514	ACC	-0.74895346	3.1519456	9.246465
727251523	ACC	-0.7393822	3.1519456	9.25125
727251533	ACC	-0.6963114	3.1375887	9.227323
727251542	ACC	-0.68195444	3.132803	9.222537
727251552	ACC	-0.6963114	3.132803	9.25125
727251561	ACC	-0.72023964	3.1136606	9.227323
727251571	ACC	-0.7393822	3.1280174	9.203394
727251580	ACC	-0.74895346	3.14716	9.208179
727251590	ACC	-0.7968099	3.1710882	9.265608
727251599	ACC	-0.8207382	3.185445	9.270393
727251609	ACC	-0.8063812	3.2093735	9.28475
727251618	ACC	-0.8063812	3.1950164	9.260822
727251628	ACC	-0.8063812	3.1998022	9.189037
727251637	ACC	-0.7968099	3.2189445	9.17468
727251647	ACC	-0.7968099	3.242873	9.169894
727251656	ACC	-0.7968099	3.2380872	9.155538
727251666	ACC	-0.7680961	3.2189445	9.17468
727251675	ACC	-0.7393822	3.1758738	9.208179
727251685	ACC	-0.6963114	3.14716	9.169894
727251694	ACC	-0.64845496	3.1375887	9.17468
727251704	ACC	-0.64845496	3.1375887	9.232108
727251713	ACC	-0.64845496	3.1040893	9.279964
727251723	ACC	-0.6723832	3.1136606	9.313464
727251732	ACC	-0.6867401	3.1040893	9.323035
727251742	ACC	-0.64845496	3.1040893	9.356535
727251751	ACC	-0.66759753	3.094518	9.366106
727251761	ACC	-0.6963114	3.0897322	9.356535
727251770	ACC	-0.72023964	3.065804	9.303893
727251780	ACC	-0.7393822	3.0849466	9.28475
727251789	ACC	-0.7298109	3.0897322	9.332606
727251799	ACC	-0.701097	3.0753753	9.313464
727251808	ACC	-0.66759753	3.094518	9.265608
727251818	ACC	-0.66759753	3.0705895	9.25125
727251827	ACC	-0.6771688	3.094518	9.241679
727251837	ACC	-0.70588267	3.0849466	9.25125
727251846	ACC	-0.6963114	3.1040893	9.260822
727251856	ACC	-0.6723832	3.118446	9.222537
727251865	ACC	-0.6723832	3.1232316	9.236894
727251875	ACC	-0.69152576	3.1232316	9.232108
727251884	ACC	-0.7106683	3.132803	9.2177515
727251894	ACC	-0.73459655	3.1280174	9.212965
727251903	ACC	-0.70588267	3.132803	9.222537
727251913	ACC	-0.7298109	3.1280174	9.236894
727251922	ACC	-0.7393822	3.1423743	9.2895355
727251932	ACC	-0.7393822	3.1423743	9.31825
727251941	ACC	-0.73459655	3.1423743	9.323035
727251951	ACC	-0.72502524	3.161517	9.25125
727251960	ACC	-0.72502524	3.1663027	9.208179
727251970	ACC	-0.701097	3.1519456	9.198608
727251979	ACC	-0.7298109	3.14716	9.241679
727251989	ACC	-0.73459655	3.1280174	9.222537
727251998	ACC	-0.7393822	3.1710882	9.2177515
727252008	ACC	-0.70588267	3.1423743	9.212965
727252017	ACC	-0.72023964	3.1423743	9.227323
727252027	ACC	-0.7393822	3.1567314	9.256036
727252036	ACC	-0.7537391	3.1758738	9.260822
727252046	ACC	-0.7393822	3.1423743	9.232108
727252055	ACC	-0.72502524	3.1136606	9.294321
727252065	ACC	-0.7585248	3.1375887	9.327821
727252074	ACC	-0.7393822	3.1423743	9.265608
727252084	ACC	-0.7298109	3.1280174	9.232108
727252093	ACC	-0.7393822	3.1280174	9.236894
727252103	ACC	-0.73459655	3.1423743	9.208179
727252112	ACC	-0.715454	3.14716	9.17468
727252122	ACC	-0.70588267	3.14716	9.198608
727252131	ACC	-0.69152576	3.1232316	9.256036
727252141	ACC	-0.6867401	3.1232316	9.28475
727252150	ACC	-0.6867401	3.1232316	9.265608
727252160	ACC	-0.6963114	3.1567314	9.25125
727252169	ACC	-0.70588267	3.1806595	9.25125
727252179	ACC	-0.72023964	3.1758738	9.227323
727252188	ACC	-0.72023964	3.1902308	9.208179
727252198	ACC	-0.7393822	3.2093735	9.203394
727252207	ACC	-0.7393822	3.2045877	9.212965
727252217	ACC	-0.7585248	3.1710882	9.275179
727252226	ACC	-0.7537391	3.1710882	9.2895355
727252236	ACC	-0.72502524	3.1088748	9.270393
727252245	ACC	-0.715454	3.0705895	9.275179
727252255	ACC	-0.7585248	3.0227332	9.303893
727252264	ACC	-0.7537391	3.0179477	9.327821
727252274	ACC	-0.7298109	2.998805	9.346964
727252283	ACC	-0.7393822	2.9892337	9.380463
727252293	ACC	-0.73459655	2.984448	9.366106
727252302	ACC	-0.72502524	2.9605198	9.342177
727252312	ACC	-0.72023964	2.984448	9.31825
727252321	ACC	-0.72023964	3.0035906	9.308679
727252331	ACC	-0.72502524	3.0323045	9.2895355
727252340	ACC	-0.7298109	3.0418758	9.25125
727252350	ACC	-0.7298109	3.0610185	9.236894
727252359	ACC	-0.72502524	3.0801609	9.236894
727252369	ACC	-0.76331043	3.1088748	9.256036
727252378	ACC	-0.77766734	3.1136606	9.294321
727252388	ACC	-0.8063812	3.118446	9.303893
727252397	ACC	-0.782453	3.132803	9.323035
727252407	ACC	-0.782453	3.1423743	9.337392
727252416	ACC	-0.7680961	3.1423743	9.31825
727252426	ACC	-0.782453	3.1710882	9.256036
727252435	ACC	-0.76331043	3.1998022	9.179466
727252445	ACC	-0.74416786	3.2045877	9.126823
727252454	ACC	-0.7298109	3.1902308	9.126823
727252464	ACC	-0.6867401	3.1519456	9.131609
727252473	ACC	-0.6867401	3.14716	9.131609
727252483	ACC	-0.6628119	3.118446	9.179466
727252492	ACC	-0.68195444	3.1232316	9.212965
727252502	ACC	-0.701097	3.118446	9.265608
727252511	ACC	-0.73459655	3.1519456	9.31825
727252521	ACC	-0.715454	3.1375887	9.299107
727252530	ACC	-0.6867401	3.1280174	9.2895355
727252540	ACC	-0.6867401	3.1040893	9.294321
727252549	ACC	-0.6723832	3.1280174	9.275179
727252559	ACC	-0.66759753	3.118446	9.2895355
727252568	ACC	-0.6723832	3.118446	9.2895355
727252578	ACC	-0.63888365	3.1088748	9.275179
727252587	ACC	-0.64845496	3.1088748	9.25125
727252597	ACC	-0.6436693	3.118446	9.246465
727252606	ACC	-0.6197411	3.0993035	9.222537
727252616	ACC	-0.634098	3.118446	9.25125
727252625	ACC	-0.6197411	3.0705895	9.256036
727252635	ACC	-0.62931234	3.0466614	9.246465
727252644	ACC	-0.62931234	3.0705895	9.275179
727252654	ACC	-0.6723832	3.0705895	9.2895355
727252663	ACC	-0.6867401	3.0801609	9.308679
727252673	ACC	-0.6963114	3.0849466	9.31825
727252682	ACC	-0.7298109	3.0753753	9.2895355
727252692	ACC	-0.7106683	3.0705895	9.299107
727252701	ACC	-0.72502524	3.0801609	9.299107
727252711	ACC	-0.7298109	3.1136606	9.260822
727252720	ACC	-0.74416786	3.1136606	9.241679
727252730	ACC	-0.72502524	3.1136606	9.236894
727252739	ACC	-0.7393822	3.1232316	9.246465
727252749	ACC	-0.7298109	3.1088748	9.265608
727252758	ACC	-0.73459655	3.1136606	9.28475
727252768	ACC	-0.70588267	3.1040893	9.2895355
727252777	ACC	-0.70588267	3.0993035	9.308679
727252787	ACC	-0.715454	3.0849466	9.279964
727252796	ACC	-0.70588267	3.0897322	9.241679
727252806	ACC	-0.70588267	3.0849466	9.232108
727252815	ACC	-0.73459655	3.0993035	9.236894
727252825	ACC	-0.715454	3.094518	9.275179
727252834	ACC	-0.7298109	3.094518	9.2895355
727252844	ACC	-0.7393822	3.0801609	9.308679
727252853	ACC	-0.72502524	3.1040893	9.299107
727252863	ACC	-0.72502524	3.0897322	9.270393
727252872	ACC	-0.715454	3.094518	9.25125
727252882	ACC	-0.6963114	3.0849466	9.227323
727252891	ACC	-0.701097	3.094518	9.246465
727252901	ACC	-0.701097	3.118446	9.270393
727252910	ACC	-0.7106683	3.1088748	9.270393
727252920	ACC	-0.6723832	3.1040893	9.246465
727252929	ACC	-0.66759753	3.1088748	9.260822
727252939	ACC	-0.69152576	3.1136606	9.299107
727252948	ACC	-0.701097	3.1136606	9.303893
727252957	ACC	-0.70588267	3.1040893	9.294321
727252967	ACC	-0.6867401	3.0993035	9.279964
727252976	ACC	-0.6867401	3.1232316	9.260822
727252986	ACC	-0.72502524	3.1375887	9.260822
727252995	ACC	-0.72023964	3.1423743	9.2177515
727253005	ACC	-0.70588267	3.132803	9.232108
727253014	ACC	-0.715454	3.1423743	9.222537
727253024	ACC	-0.7106683	3.1663027	9.236894
727253033	ACC	-0.72023964	3.1758738	9.246465
727253043	ACC	-0.7393822	3.1663027	9.212965
727253052	ACC	-0.73459655	3.1710882	9.2177515
727253062	ACC	-0.7106683	3.14716	9.198608
727253071	ACC	-0.6867401	3.161517	9.198608
727253081	ACC	-0.6867401	3.1375887	9.227323
727253090	ACC	-0.6771688	3.14716	9.246465
727253100	ACC	-0.6723832	3.1280174	9.25125
727253109	ACC	-0.66759753	3.1232316	9.299107
727253119	ACC	-0.6580262	3.118446	9.265608
727253128	ACC	-0.65324056	3.1088748	9.270393
727253138	ACC	-0.69152576	3.0993035	9.275179
727253147	ACC	-0.70588267	3.0849466	9.279964
727253157	ACC	-0.6963114	3.0849466	9.2895355
727253166	ACC	-0.701097	3.0801609	9.270393
727253176	ACC	-0.69152576	3.0610185	9.275179
727253185	ACC	-0.715454	3.0466614	9.299107
727253195	ACC	-0.72023964	3.0418758	9.337392
727253204	ACC	-0.715454	3.0514472	9.342177
727253214	ACC	-0.72023964	3.03709	9.332606
727253223	ACC	-0.76331043	3.0418758	9.308679
727253233	ACC	-0.77766734	3.0514472	9.265608
727253242	ACC	-0.76331043	3.0849466	9.275179
727253252	ACC	-0.72502524	3.0705895	9.270393
727253261	ACC	-0.701097	3.0514472	9.246465
727253271	ACC	-0.65324056	3.0323045	9.212965
727253280	ACC	-0.64845496	3.0466614	9.198608
727253290	ACC	-0.634098	3.065804	9.222537
727253299	ACC	-0.6580262	3.0849466	9.241679
727253309	ACC	-0.6723832	3.0753753	9.28475
727253318	ACC	-0.6723832	3.0801609	9.3613205
727253328	ACC	-0.68195444	3.065804	9.375677
727253337	ACC	-0.6723832	3.0610185	9.380463
727253347	ACC	-0.70588267	3.0514472	9.337392
727253356	ACC	-0.701097	3.0275187	9.323035
727253366	ACC	-0.701097	3.0562327	9.303893
727253375	ACC	-0.72023964	3.0705895	9.265608
727253385	ACC	-0.701097	3.065804	9.256036
727253394	ACC	-0.6963114	3.0705895	9.241679
727253404	ACC	-0.68195444	3.065804	9.256036
727253413	ACC	-0.6963114	3.0610185	9.246465
727253423	ACC	-0.68195444	3.03709	9.246465
727253432	ACC	-0.6963114	3.0323045	9.256036
727253442	ACC	-0.7106683	3.0514472	9.303893
727253451	ACC	-0.7298109	3.065804	9.308679
727253461	ACC	-0.72502524	3.065804	9.270393
727253470	ACC	-0.73459655	3.0610185	9.227323
727253480	ACC	-0.7393822	3.0801609	9.222537
727253489	ACC	-0.7298109	3.0993035	9.2895355
727253499	ACC	-0.72502524	3.1088748	9.279964
727253508	ACC	-0.715454	3.1232316	9.246465
727253518	ACC	-0.73459655	3.1040893	9.222537
727253527	ACC	-0.701097	3.1232316	9.232108
727253537	ACC	-0.6963114	3.1040893	9.260822
727253546	ACC	-0.701097	3.1088748	9.270393
727253556	ACC	-0.6867401	3.0993035	9.275179
727253565	ACC	-0.66759753	3.0705895	9.275179
727253575	ACC	-0.66759753	3.0610185	9.299107
727253584	ACC	-0.69152576	3.0562327	9.323035
727253594	ACC	-0.6867401	3.0418758	9.351749
727253603	ACC	-0.70588267	3.0227332	9.327821
727253613	ACC	-0.6963114	3.0227332	9.279964
727253622	ACC	-0.72023964	3.0179477	9.260822
727253632	ACC	-0.72023964	3.0083764	9.241679
727253641	ACC	-0.715454	3.0179477	9.270393
727253651	ACC	-0.70588267	2.9940193	9.299107
727253660	ACC	-0.69152576	3.0083764	9.308679
727253670	ACC	-0.6867401	3.0179477	9.308679
727253679	ACC	-0.68195444	3.0179477	9.308679
727253689	ACC	-0.68195444	3.0179477	9.299107
727253698	ACC	-0.68195444	3.0083764	9.327821
727253708	ACC	-0.6723832	2.998805	9.351749
727253717	ACC	-0.66759753	2.998805	9.342177
727253727	ACC	-0.68195444	3.013162	9.337392
727253736	ACC	-0.6628119	2.9892337	9.308679
727253746	ACC	-0.65324056	2.9892337	9.327821
727253755	ACC	-0.66759753	3.0227332	9.303893
727253765	ACC	-0.64845496	3.0227332	9.308679
727253774	ACC	-0.6628119	3.013162	9.294321
727253784	ACC	-0.6628119	3.0179477	9.279964
727253793	ACC	-0.68195444	3.0275187	9.279964
727253803	ACC	-0.7106683	3.03709	9.294321
727253812	ACC	-0.69152576	3.0275187	9.332606
727253822	ACC	-0.701097	3.03709	9.337392
727253831	ACC	-0.69152576	3.0514472	9.299107
727253841	ACC	-0.6867401	3.0083764	9.327821
727253850	ACC	-0.6867401	3.0083764	9.299107
727253860	ACC	-0.6867401	3.013162	9.28475
727253869	ACC	-0.68195444	3.0083764	9.2895355
727253879	ACC	-0.6867401	3.0083764	9.275179
727253888	ACC	-0.6723832	2.9796624	9.308679
727253898	ACC	-0.68195444	3.0323045	9.28475
727253907	ACC	-0.64845496	3.013162	9.246465
727253917	ACC	-0.6436693	2.9796624	9.236894
727253926	ACC	-0.634098	2.9892337	9.275179
727253936	ACC	-0.65324056	3.013162	9.342177
727253945	ACC	-0.66759753	3.0083764	9.332606
727253955	ACC	-0.66759753	2.9940193	9.327821
727253964	ACC	-0.65324056	2.9940193	9.332606
727253974	ACC	-0.65324056	2.9892337	9.3613205
727253983	ACC	-0.65324056	2.9940193	9.380463
727253993	ACC	-0.6580262	3.013162	9.346964
727254002	ACC	-0.66759753	2.9892337	9.327821
727254012	ACC	-0.70588267	2.9796624	9.308679
727254021	ACC	-0.6723832	2.998805	9.303893
727254031	ACC	-0.72023964	2.9892337	9.313464
727254040	ACC	-0.715454	2.9892337	9.323035
727254050	ACC	-0.70588267	2.9892337	9.294321
727254059	ACC	-0.6867401	2.998805	9.265608
727254069	ACC	-0.69152576	3.0083764	9.265608
727254078	ACC	-0.6867401	3.013162	9.279964
727254088	ACC	-0.65324056	2.9940193	9.303893
727254097	ACC	-0.634098	2.9653056	9.31825
727254107	ACC	-0.6197411	2.9796624	9.323035
727254116	ACC	-0.6436693	2.9509485	9.342177
727254126	ACC	-0.6053841	2.9557343	9.351749
727254135	ACC	-0.6197411	2.9413772	9.351749
727254145	ACC	-0.6580262	2.9605198	9.375677
727254154	ACC	-0.65324056	2.9653056	9.399606
727254164	ACC	-0.66759753	2.9509485	9.380463
727254173	ACC	-0.6628119	2.9509485	9.375677
727254183	ACC	-0.65324056	2.9605198	9.327821
727254192	ACC	-0.65324056	2.9653056	9.294321
727254202	ACC	-0.65324056	2.9940193	9.279964
727254211	ACC	-0.6628119	3.0179477	9.2895355
727254221	ACC	-0.6580262	3.0179477	9.260822
727254230	ACC	-0.6628119	3.013162	9.222537
727254240	ACC	-0.64845496	2.984448	9.246465
727254249	ACC	-0.64845496	3.0035906	9.256036
727254259	ACC	-0.634098	2.9892337	9.299107
727254268	ACC	-0.64845496	2.9748766	9.31825
727254278	ACC	-0.62931234	2.9557343	9.337392
727254287	ACC	-0.62931234	2.984448	9.370892
727254297	ACC	-0.64845496	2.9892337	9.327821
727254306	ACC	-0.6628119	2.9940193	9.299107
727254316	ACC	-0.6771688	2.9940193	9.260822
727254325	ACC	-0.6628119	2.998805	9.279964
727254335	ACC	-0.66759753	3.0083764	9.25125
727254344	ACC	-0.62931234	3.0035906	9.275179
727254354	ACC	-0.6197411	2.9892337	9.270393
727254363	ACC	-0.62931234	2.984448	9.2895355
727254373	ACC	-0.6580262	2.970091	9.313464
727254382	ACC	-0.6436693	2.9796624	9.327821
727254392	ACC	-0.634098	2.970091	9.327821
727254401	ACC	-0.634098	2.9605198	9.313464
727254411	ACC	-0.6436693	2.9509485	9.346964
727254420	ACC	-0.6723832	2.9605198	9.370892
727254430	ACC	-0.6723832	2.9509485	9.356535
727254439	ACC	-0.6628119	2.9557343	9.327821
727254449	ACC	-0.62931234	2.9270203	9.31825
727254458	ACC	-0.6149554	2.9509485	9.342177
727254468	ACC	-0.62452674	2.9413772	9.337392
727254477	ACC	-0.6436693	2.946163	9.327821
727254487	ACC	-0.64845496	2.9365916	9.308679
727254496	ACC	-0.6149554	2.9365916	9.2895355
727254506	ACC	-0.60059845	2.946163	9.31825
727254515	ACC	-0.60059845	2.9509485	9.337392
727254525	ACC	-0.634098	2.9413772	9.323035
727254534	ACC	-0.64845496	2.9270203	9.342177
727254544	ACC	-0.62452674	2.9509485	9.31825
727254553	ACC	-0.5814559	2.9318058	9.332606
727254563	ACC	-0.61016977	2.9222345	9.332606
727254572	ACC	-0.6197411	2.9509485	9.332606
727254582	ACC	-0.634098	2.9509485	9.337392
727254591	ACC	-0.634098	2.946163	9.356535
727254601	ACC	-0.62452674	2.9653056	9.351749
727254610	ACC	-0.6149554	2.9653056	9.356535
727254620	ACC	-0.63888365	2.9653056	9.351749
727254629	ACC	-0.6436693	2.970091	9.346964
727254639	ACC	-0.634098	2.9605198	9.356535
727254648	ACC	-0.6436693	2.9557343	9.31825
727254658	ACC	-0.64845496	2.9270203	9.279964
727254667	ACC	-0.62452674	2.9222345	9.28475
727254677	ACC	-0.6628119	2.946163	9.2895355
727254686	ACC	-0.6963114	2.8983064	9.308679
727254696	ACC	-0.61016977	2.9270203	9.356535
727254705	ACC	-0.59581286	2.9413772	9.294321
727254715	ACC	-0.6149554	2.9509485	9.303893
727254724	ACC	-0.6197411	2.9126635	9.299107
727254734	ACC	-0.6197411	2.9078777	9.313464
727254743	ACC	-0.62452674	2.9365916	9.327821
727254753	ACC	-0.61016977	2.9509485	9.332606
727254762	ACC	-0.6053841	2.9605198	9.31825
727254772	ACC	-0.6149554	2.9605198	9.323035
727254781	ACC	-0.634098	2.9748766	9.342177
727254791	ACC	-0.6963114	2.9748766	9.356535
727254800	ACC	-0.70588267	2.9653056	9.356535
727254810	ACC	-0.6963114	2.9653056	9.342177
727254819	ACC	-0.6867401	2.970091	9.346964
727254829	ACC	-0.701097	2.970091	9.337392
727254838	ACC	-0.72023964	2.9892337	9.2895355
727254848	ACC	-0.72023964	2.9940193	9.25125
727254857	ACC	-0.715454	2.9892337	9.222537
727254867	ACC	-0.6771688	2.9748766	9.232108
727254876	ACC	-0.65324056	2.9605198	9.275179
727254886	ACC	-0.6149554	2.9270203	9.327821
727254895	ACC	-0.5814559	2.888735	9.385248
727254905	ACC	-0.59581286	2.8791637	9.385248
727254914	ACC	-0.6149554	2.8983064	9.366106
727254923	ACC	-0.6053841	2.9126635	9.346964
727254933	ACC	-0.6197411	2.9270203	9.370892
727254942	ACC	-0.64845496	2.9222345	9.404391
727254952	ACC	-0.6628119	2.9605198	9.413962
727254961	ACC	-0.6771688	2.9509485	9.390035
727254971	ACC	-0.6723832	2.984448	9.346964
727254980	ACC	-0.69152576	2.984448	9.327821
727254990	ACC	-0.6867401	2.9940193	9.275179
727254999	ACC	-0.69152576	3.013162	9.299107
727255009	ACC	-0.69152576	2.9940193	9.31825
727255018	ACC	-0.69152576	2.9653056	9.294321
727255028	ACC	-0.66759753	2.9653056	9.303893
727255037	ACC	-0.66759753	2.9509485	9.299107
727255047	ACC	-0.66759753	2.9365916	9.303893
727255056	ACC	-0.6723832	2.9413772	9.308679
727255066	ACC	-0.6580262	2.9509485	9.303893
727255075	ACC	-0.6723832	2.9653056	9.313464
727255085	ACC	-0.6723832	2.9892337	9.31825
727255094	ACC	-0.6771688	2.9605198	9.342177
727255104	ACC	-0.69152576	2.9605198	9.327821
727255113	ACC	-0.68195444	2.9892337	9.294321
727255123	ACC	-0.701097	2.984448	9.275179
727255132	ACC	-0.69152576	2.9940193	9.270393
727255142	ACC	-0.6771688	2.9892337	9.28475
727255151	ACC	-0.6628119	2.9796624	9.294321
727255161	ACC	-0.64845496	3.013162	9.299107
727255170	ACC	-0.64845496	2.970091	9.303893
727255180	ACC	-0.634098	2.9748766	9.31825
727255189	ACC	-0.64845496	2.9605198	9.332606
727255199	ACC	-0.6628119	2.9605198	9.370892
727255208	ACC	-0.6867401	2.946163	9.342177
727255218	ACC	-0.68195444	2.9318058	9.351749
727255227	ACC	-0.701097	2.9509485	9.337392
727255237	ACC	-0.69152576	2.9557343	9.313464
727255246	ACC	-0.701097	2.9365916	9.323035
727255256	ACC	-0.6867401	2.9365916	9.313464
727255265	ACC	-0.6723832	2.9222345	9.323035
727255275	ACC	-0.66759753	2.9365916	9.351749
727255284	ACC	-0.66759753	2.9413772	9.323035
727255294	ACC	-0.6628119	2.9509485	9.332606
727255303	ACC	-0.6723832	2.9509485	9.313464
727255313	ACC	-0.6628119	2.970091	9.313464
727255322	ACC	-0.66759753	2.9605198	9.323035
727255332	ACC	-0.6436693	2.946163	9.332606
727255341	ACC	-0.6580262	2.9318058	9.351749
727255351	ACC	-0.6628119	2.9605198	9.351749
727255360	ACC	-0.65324056	2.9605198	9.327821
727255370	ACC	-0.66759753	2.9605198	9.313464
727255379	ACC	-0.6580262	2.9557343	9.313464
727255389	ACC	-0.6723832	2.9413772	9.351749
727255398	ACC	-0.68195444	2.9509485	9.370892
727255408	ACC	-0.69152576	2.9318058	9.351749
727255417	ACC	-0.6771688	2.9318058	9.323035
727255427	ACC	-0.6723832	2.9413772	9.308679
727255436	ACC	-0.68195444	2.970091	9.299107
727255446	ACC	-0.69152576	2.9509485	9.323035
727255455	ACC	-0.66759753	2.9413772	9.323035
727255465	ACC	-0.6628119	2.9270203	9.327821
727255474	ACC	-0.6771688	2.9365916	9.332606
727255484	ACC	-0.701097	2.9509485	9.327821
727255493	ACC	-0.6628119	2.9653056	9.303893
727255503	ACC	-0.64845496	2.9365916	9.299107
727255512	ACC	-0.6580262	2.9413772	9.332606
727255522	ACC	-0.68195444	2.9605198	9.356535
727255531	ACC	-0.69152576	2.9748766	9.351749
727255541	ACC	-0.6723832	2.984448	9.308679
727255550	ACC	-0.65324056	2.984448	9.303893
727255560	ACC	-0.66759753	2.9748766	9.28475
727255569	ACC	-0.701097	3.0035906	9.303893
727255579	ACC	-0.7106683	2.9796624	9.337392
727255588	ACC	-0.7106683	2.9748766	9.39482
727255598	ACC	-0.72502524	2.970091	9.409177
727255607	ACC	-0.7298109	2.9557343	9.356535
727255617	ACC	-0.70588267	2.946163	9.31825
727255626	ACC	-0.70588267	2.9748766	9.2895355
727255636	ACC	-0.701097	2.9605198	9.260822
727255645	ACC	-0.70588267	2.9270203	9.279964
727255655	ACC	-0.6771688	2.8983064	9.2895355
727255664	ACC	-0.6867401	2.8791637	9.279964
727255674	ACC	-0.6628119	2.8695927	9.279964
727255683	ACC	-0.715454	2.8791637	9.323035
727255693	ACC	-0.72023964	2.9126635	9.39482
727255702	ACC	-0.72502524	2.9222345	9.457033
727255712	ACC	-0.72023964	2.9318058	9.480962
727255721	ACC	-0.6723832	2.9365916	9.437891
727255731	ACC	-0.6053841	2.9653056	9.370892
727255740	ACC	-0.5910272	2.998805	9.241679
727255750	ACC	-0.59581286	3.0514472	9.169894
727255759	ACC	-0.6053841	3.1040893	9.112467
727255769	ACC	-0.65324056	3.14716	9.107681
727255778	ACC	-0.68195444	3.1567314	9.145967
727255788	ACC	-0.7585248	3.1710882	9.17468
727255797	ACC	-0.8446664	3.14716	9.212965
727255807	ACC	-0.88295156	3.14716	9.25125
727255816	ACC	-0.86859465	3.1136606	9.299107
727255826	ACC	-0.849452	3.065804	9.308679
727255835	ACC	-0.7728817	3.0275187	9.313464
727255845	ACC	-0.73459655	2.9796624	9.313464
727255854	ACC	-0.6771688	2.9270203	9.28475
727255864	ACC	-0.64845496	2.917449	9.28475
727255873	ACC	-0.6149554	2.8791637	9.31825
727255883	ACC	-0.5910272	2.864807	9.366106
727255892	ACC	-0.59581286	2.8600214	9.3613205
727255902	ACC	-0.6053841	2.864807	9.380463
727255911	ACC	-0.6053841	2.8600214	9.390035
727255921	ACC	-0.63888365	2.864807	9.390035
727255930	ACC	-0.701097	2.8983064	9.366106
727255940	ACC	-0.7537391	2.8935208	9.3613205
727255949	ACC	-0.782453	2.9078777	9.356535
727255959	ACC	-0.8255238	2.9222345	9.356535
727255968	ACC	-0.83030945	2.9413772	9.313464
727255978	ACC	-0.8207382	2.970091	9.308679
727255987	ACC	-0.78723866	2.9557343	9.270393
727255997	ACC	-0.7728817	2.9413772	9.246465
727256006	ACC	-0.7680961	2.946163	9.294321
727256016	ACC	-0.7298109	2.9365916	9.313464
727256025	ACC	-0.73459655	2.9413772	9.337392
727256035	ACC	-0.72023964	2.917449	9.375677
727256044	ACC	-0.7537391	2.9509485	9.404391
727256054	ACC	-0.76331043	2.9270203	9.390035
727256063	ACC	-0.7537391	2.9318058	9.375677
727256073	ACC	-0.74895346	2.9078777	9.380463
727256082	ACC	-0.74416786	2.9030921	9.380463
727256092	ACC	-0.73459655	2.888735	9.375677
727256101	ACC	-0.7298109	2.8839495	9.356535
727256111	ACC	-0.7298109	2.8839495	9.327821
727256120	ACC	-0.7298109	2.888735	9.327821
727256130	ACC	-0.70588267	2.9078777	9.313464
727256139	ACC	-0.7106683	2.917449	9.303893
727256149	ACC	-0.7585248	2.9365916	9.303893
727256158	ACC	-0.77766734	2.9413772	9.2895355
727256168	ACC	-0.782453	2.9413772	9.303893
727256177	ACC	-0.78723866	2.9509485	9.346964
727256187	ACC	-0.7728817	2.9365916	9.342177
727256196	ACC	-0.7393822	2.9318058	9.3613205
727256206	ACC	-0.7537391	2.9030921	9.375677
727256215	ACC	-0.72502524	2.8935208	9.413962
727256225	ACC	-0.715454	2.8935208	9.447462
727256234	ACC	-0.7298109	2.917449	9.418748
727256244	ACC	-0.72023964	2.9030921	9.380463
727256253	ACC	-0.72023964	2.9509485	9.327821
727256263	ACC	-0.70588267	2.9605198	9.28475
727256272	ACC	-0.7298109	3.0083764	9.256036
727256282	ACC	-0.6628119	2.970091	9.232108
727256291	ACC	-0.64845496	2.970091	9.2895355
727256301	ACC	-0.715454	2.9892337	9.279964
727256310	ACC	-0.76331043	3.0323045	9.303893
727256320	ACC	-0.7680961	2.9892337	9.308679
727256329	ACC	-0.7920243	2.9796624	9.303893
727256339	ACC	-0.81595254	2.9748766	9.28475
727256348	ACC	-0.83988076	2.9557343	9.28475
727256358	ACC	-0.86859465	2.9222345	9.308679
727256367	ACC	-0.863809	2.9078777	9.342177
727256377	ACC	-0.863809	2.9126635	9.342177
727256386	ACC	-0.83988076	2.9270203	9.337392
727256396	ACC	-0.8542377	2.9270203	9.342177
727256405	ACC	-0.86859465	2.9413772	9.327821
727256415	ACC	-0.849452	2.9509485	9.294321
727256424	ACC	-0.8063812	2.946163	9.275179
727256434	ACC	-0.8063812	2.9365916	9.294321
727256443	ACC	-0.7728817	2.9222345	9.28475
727256453	ACC	-0.7537391	2.9365916	9.279964
727256462	ACC	-0.7298109	2.9318058	9.294321
727256472	ACC	-0.782453	2.9318058	9.299107
727256481	ACC	-0.7920243	2.9365916	9.327821
727256491	ACC	-0.8063812	2.9318058	9.337392
727256500	ACC	-0.83030945	2.9222345	9.366106
727256510	ACC	-0.78723866	2.9222345	9.390035
727256519	ACC	-0.782453	2.9030921	9.385248
727256529	ACC	-0.78723866	2.888735	9.390035
727256538	ACC	-0.782453	2.9126635	9.375677
727256548	ACC	-0.8063812	2.917449	9.337392
727256557	ACC	-0.7968099	2.9365916	9.303893
727256567	ACC	-0.81595254	2.9270203	9.28475
727256576	ACC	-0.83030945	2.9557343	9.241679
727256586	ACC	-0.8446664	2.970091	9.2177515
727256595	ACC	-0.8111669	2.970091	9.260822
727256605	ACC	-0.8255238	2.9653056	9.294321
727256614	ACC	-0.80159557	2.9365916	9.31825
727256624	ACC	-0.7968099	2.9318058	9.337392
727256633	ACC	-0.7920243	2.9270203	9.342177
727256643	ACC	-0.7680961	2.9222345	9.31825
727256652	ACC	-0.74895346	2.9318058	9.31825
727256662	ACC	-0.7585248	2.9126635	9.346964
727256671	ACC	-0.78723866	2.9318058	9.356535
727256681	ACC	-0.7920243	2.9318058	9.366106
727256690	ACC	-0.782453	2.9557343	9.31825
727256700	ACC	-0.80159557	2.9509485	9.303893
727256709	ACC	-0.8207382	2.9653056	9.275179
727256719	ACC	-0.8350951	2.9605198	9.28475
727256728	ACC	-0.8350951	2.9605198	9.270393
727256738	ACC	-0.8207382	2.9605198	9.299107
727256747	ACC	-0.8350951	2.970091	9.299107
727256756	ACC	-0.83030945	2.9413772	9.28475
727256766	ACC	-0.8350951	2.9413772	9.294321
727256775	ACC	-0.81595254	2.9222345	9.342177
727256785	ACC	-0.78723866	2.9413772	9.346964
727256794	ACC	-0.8063812	2.9318058	9.337392
727256804	ACC	-0.8207382	2.9270203	9.337392
727256813	ACC	-0.8207382	2.9318058	9.346964
727256823	ACC	-0.7968099	2.9126635	9.323035
727256832	ACC	-0.782453	2.9222345	9.313464
727256842	ACC	-0.80159557	2.9222345	9.313464
727256851	ACC	-0.8207382	2.917449	9.303893
727256861	ACC	-0.81595254	2.9222345	9.28475
727256870	ACC	-0.7920243	2.9270203	9.31825
727256880	ACC	-0.782453	2.8983064	9.337392
727256889	ACC	-0.78723866	2.9030921	9.346964
727256899	ACC	-0.782453	2.9413772	9.332606
727256908	ACC	-0.78723866	2.9365916	9.342177
727256918	ACC	-0.7968099	2.9365916	9.3613205
727256927	ACC	-0.8111669	2.946163	9.327821
727256937	ACC	-0.83030945	2.9509485	9.327821
727256946	ACC	-0.8111669	2.946163	9.323035
727256956	ACC	-0.8063812	2.9509485	9.323035
727256965	ACC	-0.80159557	2.9318058	9.342177
727256975	ACC	-0.8255238	2.9270203	9.337392
727256984	ACC	-0.80159557	2.9365916	9.342177
727256994	ACC	-0.7920243	2.917449	9.351749
727257003	ACC	-0.81595254	2.9413772	9.323035
727257013	ACC	-0.81595254	2.9222345	9.351749
727257022	ACC	-0.8207382	2.9222345	9.356535
727257032	ACC	-0.83988076	2.9222345	9.327821
727257041	ACC	-0.8063812	2.917449	9.299107
727257051	ACC	-0.8207382	2.8935208	9.28475
727257060	ACC	-0.849452	2.8791637	9.31825
727257070	ACC	-0.88295156	2.888735	9.279964
727257079	ACC	-0.8542377	2.8743782	9.2895355
727257089	ACC	-0.8350951	2.9030921	9.308679
727257098	ACC	-0.8111669	2.888735	9.313464
727257108	ACC	-0.77766734	2.9078777	9.313464
727257117	ACC	-0.7393822	2.9270203	9.346964
727257127	ACC	-0.73459655	2.970091	9.3613205
727257136	ACC	-0.7298109	2.9892337	9.308679
727257146	ACC	-0.73459655	3.0179477	9.2895355
727257155	ACC	-0.78723866	3.0418758	9.294321
727257165	ACC	-0.8446664	3.0562327	9.28475
727257174	ACC	-0.8925229	3.0275187	9.265608
727257184	ACC	-0.9164511	3.0323045	9.270393
727257193	ACC	-0.9595219	3.0083764	9.232108
727257203	ACC	-0.95473623	2.9940193	9.265608
727257212	ACC	-0.930808	2.946163	9.299107
727257222	ACC	-0.8877372	2.9030921	9.28475
727257231	ACC	-0.8446664	2.9030921	9.265608
727257241	ACC	-0.83988076	2.917449	9.260822
727257250	ACC	-0.8063812	2.9126635	9.270393
727257260	ACC	-0.7920243	2.8935208	9.313464
727257269	ACC	-0.80159557	2.8983064	9.380463
727257279	ACC	-0.74895346	2.9030921	9.423533
727257288	ACC	-0.74895346	2.888735	9.418748
727257298	ACC	-0.72502524	2.888735	9.404391
727257307	ACC	-0.72023964	2.8743782	9.380463
727257317	ACC	-0.7298109	2.8839495	9.3613205
727257326	ACC	-0.73459655	2.9078777	9.351749
727257336	ACC	-0.7537391	2.8935208	9.342177
727257345	ACC	-0.77766734	2.9126635	9.351749
727257355	ACC	-0.80159557	2.9126635	9.332606
727257364	ACC	-0.8350951	2.9030921	9.308679
727257374	ACC	-0.85902333	2.9126635	9.265608
727257383	ACC	-0.85902333	2.9270203	9.256036
727257393	ACC	-0.86859465	2.9222345	9.236894
727257402	ACC	-0.86859465	2.9126635	9.270393
727257412	ACC	-0.849452	2.917449	9.299107
727257421	ACC	-0.8350951	2.9222345	9.313464
727257431	ACC	-0.80159557	2.9318058	9.308679
727257440	ACC	-0.7968099	2.9222345	9.332606
727257450	ACC	-0.78723866	2.917449	9.375677
727257459	ACC	-0.77766734	2.9126635	9.366106
727257469	ACC	-0.80159557	2.917449	9.370892
727257478	ACC	-0.80159557	2.9078777	9.375677
727257488	ACC	-0.7920243	2.8935208	9.346964
727257497	ACC	-0.782453	2.8839495	9.370892
727257507	ACC	-0.782453	2.888735	9.3613205
727257516	ACC	-0.78723866	2.888735	9.342177
727257526	ACC	-0.81595254	2.8839495	9.303893
727257535	ACC	-0.81595254	2.8743782	9.303893
727257545	ACC	-0.8542377	2.9126635	9.31825
727257554	ACC	-0.83988076	2.8935208	9.323035
727257564	ACC	-0.83030945	2.8695927	9.299107
727257573	ACC	-0.8255238	2.8839495	9.303893
727257583	ACC	-0.8350951	2.888735	9.327821
727257592	ACC	-0.8255238	2.8791637	9.337392
727257602	ACC	-0.8063812	2.8791637	9.346964
727257611	ACC	-0.8207382	2.8791637	9.370892
727257621	ACC	-0.8207382	2.8983064	9.356535
727257630	ACC	-0.8255238	2.888735	9.375677
727257640	ACC	-0.81595254	2.888735	9.356535
727257649	ACC	-0.83030945	2.8935208	9.3613205
727257659	ACC	-0.81595254	2.9030921	9.342177
727257668	ACC	-0.7920243	2.8983064	9.31825
727257678	ACC	-0.81595254	2.8983064	9.313464
727257687	ACC	-0.8063812	2.9030921	9.303893
727257697	ACC	-0.782453	2.9078777	9.308679
727257706	ACC	-0.8063812	2.888735	9.313464
727257716	ACC	-0.78723866	2.888735	9.337392
727257725	ACC	-0.80159557	2.8983064	9.3613205
727257735	ACC	-0.8111669	2.8839495	9.385248
727257744	ACC	-0.8111669	2.888735	9.375677
727257754	ACC	-0.80159557	2.8695927	9.370892
727257763	ACC	-0.782453	2.8791637	9.370892
727257773	ACC	-0.7728817	2.8983064	9.337392
727257782	ACC	-0.782453	2.8983064	9.332606
727257792	ACC	-0.7920243	2.8839495	9.303893
727257801	ACC	-0.78723866	2.8743782	9.299107
727257811	ACC	-0.76331043	2.8791637	9.31825
727257820	ACC	-0.7680961	2.8791637	9.323035
727257830	ACC	-0.7585248	2.9030921	9.308679
727257839	ACC	-0.7920243	2.8935208	9.337392
727257849	ACC	-0.78723866	2.9126635	9.332606
727257858	ACC	-0.7920243	2.9126635	9.294321
727257868	ACC	-0.8255238	2.9078777	9.2895355
727257877	ACC	-0.8063812	2.9126635	9.342177
727257887	ACC	-0.81595254	2.9318058	9.346964
727257896	ACC	-0.8255238	2.9318058	9.332606
727257906	ACC	-0.80159557	2.9509485	9.327821
727257915	ACC	-0.83030945	2.9270203	9.308679
727257925	ACC	-0.849452	2.9365916	9.323035
727257934	ACC	-0.8925229	2.9318058	9.332606
727257944	ACC	-0.8877372	2.9078777	9.342177
727257953	ACC	-0.8781659	2.9222345	9.332606
727257963	ACC	-0.863809	2.9222345	9.303893
727257972	ACC	-0.85902333	2.9270203	9.299107
727257982	ACC	-0.86859465	2.9557343	9.25125
727257991	ACC	-0.8542377	2.946163	9.241679
727258001	ACC	-0.8255238	2.9365916	9.270393
727258010	ACC	-0.80159557	2.888735	9.294321
727258020	ACC	-0.7680961	2.8839495	9.299107
727258029	ACC	-0.782453	2.8935208	9.2895355
727258039	ACC	-0.81595254	2.9030921	9.323035
727258048	ACC	-0.83030945	2.9126635	9.332606
727258058	ACC	-0.83988076	2.917449	9.351749
727258067	ACC	-0.8542377	2.9030921	9.380463
727258077	ACC	-0.8446664	2.9030921	9.399606
727258086	ACC	-0.83988076	2.9126635	9.370892
727258096	ACC	-0.8255238	2.9030921	9.327821
727258105	ACC	-0.83030945	2.8983064	9.332606
727258115	ACC	-0.8542377	2.917449	9.313464
727258124	ACC	-0.85902333	2.9030921	9.303893
727258134	ACC	-0.83988076	2.9126635	9.294321
727258143	ACC	-0.8350951	2.9030921	9.265608
727258153	ACC	-0.8446664	2.9126635	9.246465
727258162	ACC	-0.81595254	2.8791637	9.270393
727258172	ACC	-0.83030945	2.8695927	9.2895355
727258181	ACC	-0.849452	2.8552356	9.279964
727258191	ACC	-0.849452	2.8791637	9.370892
727258200	ACC	-0.81595254	2.8313074	9.39482
727258210	ACC	-0.8111669	2.8552356	9.3613205
727258219	ACC	-0.83030945	2.8743782	9.332606
727258229	ACC	-0.85902333	2.9030921	9.346964
727258238	ACC	-0.8446664	2.9078777	9.323035
727258248	ACC	-0.8542377	2.8983064	9.294321
727258257	ACC	-0.8350951	2.9222345	9.303893
727258267	ACC	-0.8350951	2.9270203	9.299107
727258276	ACC	-0.8255238	2.9222345	9.303893
727258285	ACC	-0.8207382	2.9078777	9.342177
727258295	ACC	-0.81595254	2.9222345	9.337392
727258304	ACC	-0.8446664	2.9318058	9.342177
727258314	ACC	-0.83030945	2.9270203	9.337392
727258323	ACC	-0.8255238	2.8983064	9.323035
727258333	ACC	-0.85902333	2.9078777	9.342177
727258342	ACC	-0.86859465	2.9126635	9.308679
727258352	ACC	-0.85902333	2.8983064	9.313464
727258361	ACC	-0.8350951	2.8743782	9.313464
727258371	ACC	-0.81595254	2.8839495	9.323035
727258380	ACC	-0.80159557	2.8839495	9.342177
727258390	ACC	-0.80159557	2.8983064	9.337392
727258399	ACC	-0.81595254	2.8983064	9.323035
727258409	ACC	-0.782453	2.9030921	9.31825
727258418	ACC	-0.7393822	2.8743782	9.303893
727258428	ACC	-0.7393822	2.8695927	9.332606
727258437	ACC	-0.7585248	2.888735	9.370892
727258447	ACC	-0.81595254	2.8983064	9.356535
727258456	ACC	-0.8063812	2.8839495	9.342177
727258466	ACC	-0.8111669	2.8695927	9.308679
727258475	ACC	-0.8542377	2.8935208	9.2895355
727258485	ACC	-0.8542377	2.9318058	9.294321
727258494	ACC	-0.81595254	2.9318058	9.327821
727258504	ACC	-0.73459655	2.9030921	9.39482
727258513	ACC	-0.7393822	2.8839495	9.442677
727258523	ACC	-0.7728817	2.8743782	9.442677
727258532	ACC	-0.8111669	2.8839495	9.370892
727258542	ACC	-0.80159557	2.8695927	9.337392
727258551	ACC	-0.8063812	2.8695927	9.337392
727258561	ACC	-0.8111669	2.8743782	9.332606
727258570	ACC	-0.81595254	2.9030921	9.327821
727258580	ACC	-0.8207382	2.8983064	9.370892
727258589	ACC	-0.81595254	2.8600214	9.351749
727258599	ACC	-0.77766734	2.8600214	9.342177
727258608	ACC	-0.73459655	2.864807	9.342177
727258618	ACC	-0.73459655	2.8743782	9.303893
727258627	ACC	-0.7585248	2.8983064	9.294321
727258637	ACC	-0.74895346	2.917449	9.265608
727258646	ACC	-0.76331043	2.9126635	9.313464
727258656	ACC	-0.74416786	2.8983064	9.31825
727258665	ACC	-0.7680961	2.8839495	9.337392
727258675	ACC	-0.77766734	2.9030921	9.337392
727258684	ACC	-0.77766734	2.8935208	9.327821
727258694	ACC	-0.782453	2.9126635	9.323035
727258703	ACC	-0.7920243	2.9030921	9.346964
727258713	ACC	-0.782453	2.8839495	9.342177
727258722	ACC	-0.7968099	2.8983064	9.327821
727258732	ACC	-0.78723866	2.8839495	9.346964
727258741	ACC	-0.7968099	2.888735	9.346964
727258751	ACC	-0.8111669	2.8935208	9.337392
727258760	ACC	-0.782453	2.8935208	9.356535
727258770	ACC	-0.77766734	2.888735	9.332606
727258779	ACC	-0.7728817	2.9270203	9.323035
727258789	ACC	-0.782453	2.9126635	9.308679
727258798	ACC	-0.7728817	2.8695927	9.294321
727258808	ACC	-0.74895346	2.8600214	9.313464
727258817	ACC	-0.715454	2.85045	9.351749
727258827	ACC	-0.74895346	2.8791637	9.342177
727258836	ACC	-0.73459655	2.8839495	9.385248
727258846	ACC	-0.7298109	2.8791637	9.404391
727258855	ACC	-0.7585248	2.8839495	9.423533
727258865	ACC	-0.74416786	2.9030921	9.418748
727258874	ACC	-0.70588267	2.9078777	9.418748
727258884	ACC	-0.66759753	2.9222345	9.447462
727258893	ACC	-0.72502524	2.8839495	9.380463
727258903	ACC	-0.7537391	2.9078777	9.351749
727258912	ACC	-0.72502524	2.917449	9.31825
727258922	ACC	-0.72502524	2.9413772	9.270393
727258931	ACC	-0.73459655	2.9605198	9.212965
727258941	ACC	-0.74416786	2.9413772	9.232108
727258950	ACC	-0.7680961	2.9318058	9.260822
727258960	ACC	-0.77766734	2.9126635	9.299107
727258969	ACC	-0.7728817	2.9365916	9.313464
727258979	ACC	-0.73459655	2.917449	9.327821
727258988	ACC	-0.70588267	2.9318058	9.351749
727258998	ACC	-0.64845496	2.9270203	9.356535
727259007	ACC	-0.66759753	2.9557343	9.342177
727259017	ACC	-0.72502524	2.9605198	9.313464
727259026	ACC	-0.78723866	3.0035906	9.332606
727259036	ACC	-0.7537391	2.9892337	9.385248
727259045	ACC	-0.66759753	2.8791637	9.342177
727259055	ACC	-0.63888365	2.9557343	9.270393
727259064	ACC	-0.69152576	2.9940193	9.208179
727259074	ACC	-0.715454	3.0035906	9.203394
727259083	ACC	-0.701097	2.9796624	9.2177515
727259093	ACC	-0.69152576	2.9796624	9.232108
727259102	ACC	-0.66759753	3.0227332	9.260822
727259112	ACC	-0.62452674	2.9892337	9.299107
727259121	ACC	-0.6580262	2.9748766	9.337392
727259131	ACC	-0.6580262	2.9509485	9.342177
727259140	ACC	-0.70588267	2.9605198	9.380463
727259150	ACC	-0.6963114	2.984448	9.390035
727259159	ACC	-0.64845496	2.9605198	9.409177
727259169	ACC	-0.62931234	2.9078777	9.399606
727259178	ACC	-0.634098	2.946163	9.3613205
727259188	ACC	-0.6580262	2.9796624	9.299107
727259197	ACC	-0.6436693	2.9748766	9.227323
727259207	ACC	-0.64845496	2.984448	9.155538
727259216	ACC	-0.6771688	3.0035906	9.169894
727259226	ACC	-0.6436693	2.984448	9.246465
727259235	ACC	-0.5623133	2.9748766	9.2895355
727259245	ACC	-0.5383851	2.9509485	9.28475
727259254	ACC	-0.5479564	2.9413772	9.327821
727259264	ACC	-0.60059845	2.984448	9.327821
727259273	ACC	-0.6149554	3.0083764	9.313464
727259283	ACC	-0.6197411	2.9605198	9.390035
727259292	ACC	-0.63888365	2.9653056	9.385248
727259302	ACC	-0.65324056	2.9796624	9.3613205
727259311	ACC	-0.6580262	3.0083764	9.337392
727259321	ACC	-0.634098	2.9892337	9.28475
727259330	ACC	-0.6436693	2.9653056	9.246465
727259340	ACC	-0.61016977	2.9222345	9.232108
727259349	ACC	-0.5623133	2.9653056	9.260822
727259359	ACC	-0.50009996	2.9509485	9.294321
727259368	ACC	-0.3804588	2.998805	9.189037
727259378	ACC	-0.18424734	2.7786653	9.313464
727259387	ACC	-0.30867413	2.8073792	9.528818
727259397	ACC	-0.44745782	2.9126635	9.562318
727259406	ACC	-0.5479564	2.998805	9.509675
727259416	ACC	-0.6149554	3.0610185	9.399606
727259425	ACC	-0.64845496	3.0323045	9.356535
727259435	ACC	-0.63888365	2.984448	9.299107
727259444	ACC	-0.6197411	2.8408787	9.313464
727259454	ACC	-0.5910272	2.8408787	9.327821
