727124485	ACC	-0.6628119	4.4057846	9.212965
727124495	ACC	-0.7106683	4.3579283	9.270393
727124504	ACC	-0.83988076	4.434499	9.332606
727124514	ACC	-0.93559366	4.5014977	9.2895355
727124523	ACC	-0.9499506	4.511069	9.2177515
727124533	ACC	-0.93559366	4.563711	9.059825
727124542	ACC	-0.9212367	4.5876393	8.87797
727124552	ACC	-0.91166544	4.6498528	8.643474
727124561	ACC	-0.8446664	4.6689954	8.413763
727124571	ACC	-0.76331043	4.6929235	8.279764
727124580	ACC	-0.6628119	4.697709	8.198408
727124590	ACC	-0.60059845	4.697709	8.107481
727124599	ACC	-0.58624154	4.683352	8.054839
727124609	ACC	-0.6053841	4.6881375	8.054839
727124618	ACC	-0.6771688	4.712066	8.13141
727124628	ACC	-0.74895346	4.6785665	8.294122
727124637	ACC	-0.7680961	4.6546383	8.456834
727124647	ACC	-0.7920243	4.6546383	8.643474
727124656	ACC	-0.7680961	4.6929235	8.69133
727124666	ACC	-0.7106683	4.6450667	8.667402
727124675	ACC	-0.6723832	4.6259246	8.653045
727124685	ACC	-0.66759753	4.640281	8.653045
727124694	ACC	-0.72502524	4.6546383	8.700901
727124704	ACC	-0.72502524	4.6259246	8.662616
727124713	ACC	-0.7298109	4.6259246	8.667402
727124723	ACC	-0.72023964	4.640281	8.614759
727124732	ACC	-0.68195444	4.63071	8.542975
727124742	ACC	-0.63888365	4.616353	8.523832
727124751	ACC	-0.6723832	4.601996	8.442476
727124761	ACC	-0.66759753	4.5972104	8.452047
727124770	ACC	-0.7106683	4.601996	8.452047
727124780	ACC	-0.7537391	4.6642094	8.42812
727124789	ACC	-0.7680961	4.640281	8.452047
727124799	ACC	-0.7585248	4.6211386	8.499905
727124808	ACC	-0.74895346	4.616353	8.528618
727124818	ACC	-0.7537391	4.6546383	8.514261
727124827	ACC	-0.715454	4.6498528	8.562118
727124837	ACC	-0.6867401	4.6354957	8.605188
727124846	ACC	-0.70588267	4.640281	8.619545
727124856	ACC	-0.73459655	4.616353	8.648259
727124865	ACC	-0.78723866	4.63071	8.710473
727124875	ACC	-0.8063812	4.6259246	8.772686
727124884	ACC	-0.78723866	4.616353	8.815757
727124894	ACC	-0.73459655	4.5972104	8.777472
727124903	ACC	-0.68195444	4.5876393	8.6961155
727124913	ACC	-0.70588267	4.578068	8.619545
727124922	ACC	-0.7106683	4.582854	8.557332
727124932	ACC	-0.7106683	4.5732822	8.557332
727124941	ACC	-0.72023964	4.582854	8.562118
727124951	ACC	-0.701097	4.5972104	8.538189
727124960	ACC	-0.68195444	4.5732822	8.538189
727124970	ACC	-0.7106683	4.5876393	8.528618
727124979	ACC	-0.7728817	4.6259246	8.542975
727124989	ACC	-0.7968099	4.606782	8.533403
727124998	ACC	-0.7298109	4.592425	8.533403
727125008	ACC	-0.701097	4.6115675	8.547761
727125017	ACC	-0.72023964	4.659424	8.566903
727125027	ACC	-0.76331043	4.6642094	8.566903
727125036	ACC	-0.74895346	4.63071	8.557332
727125046	ACC	-0.7298109	4.606782	8.566903
727125055	ACC	-0.715454	4.5876393	8.595617
727125065	ACC	-0.7537391	4.582854	8.619545
727125074	ACC	-0.8111669	4.6115675	8.662616
727125084	ACC	-0.83030945	4.6354957	8.681759
727125093	ACC	-0.8063812	4.6498528	8.638688
727125103	ACC	-0.74895346	4.6642094	8.586046
727125112	ACC	-0.72502524	4.6354957	8.533403
727125122	ACC	-0.7393822	4.601996	8.562118
727125131	ACC	-0.72502524	4.578068	8.586046
727125141	ACC	-0.69152576	4.558925	8.590832
727125150	ACC	-0.6723832	4.5732822	8.576474
727125160	ACC	-0.6771688	4.592425	8.557332
727125169	ACC	-0.64845496	4.5972104	8.528618
727125179	ACC	-0.6436693	4.5876393	8.509476
727125188	ACC	-0.6628119	4.578068	8.557332
727125198	ACC	-0.74416786	4.6259246	8.581261
727125207	ACC	-0.80159557	4.616353	8.609974
727125217	ACC	-0.8111669	4.606782	8.609974
727125226	ACC	-0.8063812	4.616353	8.715259
727125236	ACC	-0.80159557	4.6115675	8.777472
727125245	ACC	-0.80159557	4.63071	8.743972
727125255	ACC	-0.7920243	4.6354957	8.681759
727125264	ACC	-0.782453	4.640281	8.619545
727125274	ACC	-0.76331043	4.63071	8.547761
727125283	ACC	-0.715454	4.6211386	8.475976
727125293	ACC	-0.701097	4.601996	8.418549
727125302	ACC	-0.7106683	4.5732822	8.418549
727125312	ACC	-0.715454	4.5732822	8.485547
727125321	ACC	-0.74895346	4.563711	8.528618
727125331	ACC	-0.7585248	4.563711	8.542975
727125340	ACC	-0.76331043	4.5876393	8.533403
727125350	ACC	-0.78723866	4.601996	8.542975
727125359	ACC	-0.782453	4.6354957	8.562118
727125369	ACC	-0.77766734	4.6211386	8.590832
727125378	ACC	-0.7728817	4.616353	8.643474
727125388	ACC	-0.7920243	4.6259246	8.686544
727125397	ACC	-0.77766734	4.6354957	8.667402
727125407	ACC	-0.7537391	4.63071	8.643474
727125416	ACC	-0.7298109	4.6115675	8.648259
727125426	ACC	-0.73459655	4.616353	8.619545
727125435	ACC	-0.73459655	4.606782	8.566903
727125445	ACC	-0.73459655	4.616353	8.562118
727125454	ACC	-0.74895346	4.63071	8.581261
727125464	ACC	-0.7680961	4.640281	8.590832
727125473	ACC	-0.7968099	4.6211386	8.629117
727125483	ACC	-0.8063812	4.616353	8.653045
727125492	ACC	-0.7728817	4.601996	8.643474
727125502	ACC	-0.74416786	4.5876393	8.595617
727125511	ACC	-0.7106683	4.582854	8.542975
727125521	ACC	-0.701097	4.5972104	8.509476
727125530	ACC	-0.70588267	4.6259246	8.499905
727125540	ACC	-0.74895346	4.6115675	8.523832
727125549	ACC	-0.7585248	4.6354957	8.571689
727125559	ACC	-0.7680961	4.6211386	8.586046
727125568	ACC	-0.7298109	4.5732822	8.566903
727125578	ACC	-0.7393822	4.606782	8.566903
727125587	ACC	-0.72502524	4.6354957	8.5525465
727125597	ACC	-0.7537391	4.6259246	8.576474
727125606	ACC	-0.7680961	4.6115675	8.576474
727125616	ACC	-0.7728817	4.6211386	8.609974
727125625	ACC	-0.7393822	4.592425	8.614759
727125635	ACC	-0.72502524	4.592425	8.576474
727125644	ACC	-0.7298109	4.601996	8.562118
727125654	ACC	-0.7680961	4.616353	8.557332
727125663	ACC	-0.7680961	4.6259246	8.609974
727125673	ACC	-0.7585248	4.6450667	8.600403
727125682	ACC	-0.7585248	4.6642094	8.605188
727125692	ACC	-0.74416786	4.6498528	8.581261
727125701	ACC	-0.74895346	4.640281	8.547761
727125711	ACC	-0.76331043	4.6450667	8.538189
727125720	ACC	-0.80159557	4.6259246	8.581261
727125730	ACC	-0.8063812	4.6115675	8.590832
727125739	ACC	-0.7680961	4.6259246	8.609974
727125749	ACC	-0.7393822	4.606782	8.638688
727125758	ACC	-0.74416786	4.616353	8.662616
727125768	ACC	-0.72502524	4.616353	8.633903
727125777	ACC	-0.72502524	4.616353	8.590832
727125787	ACC	-0.715454	4.606782	8.571689
727125796	ACC	-0.7393822	4.6115675	8.557332
727125806	ACC	-0.74416786	4.63071	8.557332
727125815	ACC	-0.7680961	4.6354957	8.514261
727125825	ACC	-0.7298109	4.6354957	8.47119
727125834	ACC	-0.7537391	4.63071	8.514261
727125844	ACC	-0.74895346	4.6115675	8.533403
727125853	ACC	-0.7393822	4.582854	8.547761
727125863	ACC	-0.701097	4.5972104	8.523832
727125872	ACC	-0.715454	4.659424	8.495118
727125882	ACC	-0.74416786	4.673781	8.538189
727125891	ACC	-0.77766734	4.6450667	8.624331
727125901	ACC	-0.78723866	4.606782	8.643474
727125910	ACC	-0.782453	4.592425	8.643474
727125920	ACC	-0.7585248	4.6498528	8.648259
727125929	ACC	-0.80159557	4.6785665	8.633903
727125939	ACC	-0.849452	4.6785665	8.624331
727125948	ACC	-0.8925229	4.6450667	8.619545
727125958	ACC	-0.83030945	4.6450667	8.576474
727125967	ACC	-0.7537391	4.659424	8.562118
727125977	ACC	-0.69152576	4.6689954	8.519047
727125986	ACC	-0.69152576	4.640281	8.514261
727125996	ACC	-0.7298109	4.6115675	8.562118
727126005	ACC	-0.80159557	4.6211386	8.566903
727126015	ACC	-0.80159557	4.63071	8.533403
727126024	ACC	-0.69152576	4.6115675	8.50469
727126034	ACC	-0.5814559	4.5684967	8.485547
727126043	ACC	-0.5766702	4.606782	8.495118
727126053	ACC	-0.7106683	4.673781	8.519047
727126062	ACC	-0.83030945	4.6689954	8.566903
727126072	ACC	-0.8255238	4.6354957	8.605188
727126081	ACC	-0.78723866	4.63071	8.643474
727126091	ACC	-0.8111669	4.616353	8.729615
727126100	ACC	-0.83030945	4.6354957	8.753544
727126110	ACC	-0.7920243	4.6498528	8.743972
727126119	ACC	-0.7585248	4.6689954	8.69133
727126129	ACC	-0.7537391	4.6881375	8.576474
727126138	ACC	-0.7680961	4.6881375	8.519047
727126148	ACC	-0.782453	4.6642094	8.509476
727126157	ACC	-0.72023964	4.6354957	8.495118
727126167	ACC	-0.6867401	4.6115675	8.509476
727126176	ACC	-0.6867401	4.592425	8.47119
727126186	ACC	-0.73459655	4.582854	8.447262
727126195	ACC	-0.78723866	4.5972104	8.432905
727126205	ACC	-0.782453	4.6211386	8.408977
727126214	ACC	-0.78723866	4.6259246	8.452047
727126224	ACC	-0.7728817	4.6354957	8.519047
727126233	ACC	-0.78723866	4.6450667	8.586046
727126243	ACC	-0.76331043	4.6689954	8.609974
727126252	ACC	-0.76331043	4.6546383	8.619545
727126262	ACC	-0.7298109	4.6354957	8.619545
727126271	ACC	-0.73459655	4.6689954	8.633903
727126281	ACC	-0.73459655	4.659424	8.653045
727126290	ACC	-0.76331043	4.640281	8.681759
727126300	ACC	-0.77766734	4.6211386	8.667402
727126309	ACC	-0.7728817	4.616353	8.648259
727126319	ACC	-0.782453	4.640281	8.629117
727126328	ACC	-0.7728817	4.6354957	8.586046
727126338	ACC	-0.7920243	4.63071	8.576474
727126347	ACC	-0.81595254	4.63071	8.566903
727126357	ACC	-0.8207382	4.6689954	8.542975
727126366	ACC	-0.83988076	4.683352	8.514261
727126376	ACC	-0.782453	4.659424	8.509476
727126385	ACC	-0.72502524	4.6354957	8.47119
727126395	ACC	-0.69152576	4.6259246	8.50469
727126404	ACC	-0.7393822	4.6642094	8.528618
727126414	ACC	-0.7680961	4.6689954	8.528618
727126423	ACC	-0.73459655	4.6450667	8.50469
727126433	ACC	-0.6963114	4.6211386	8.514261
727126442	ACC	-0.69152576	4.616353	8.533403
727126452	ACC	-0.7298109	4.63071	8.586046
727126461	ACC	-0.8350951	4.6642094	8.648259
727126471	ACC	-0.849452	4.6354957	8.633903
727126480	ACC	-0.7968099	4.6115675	8.619545
727126490	ACC	-0.72502524	4.5972104	8.600403
727126499	ACC	-0.6771688	4.6211386	8.571689
727126509	ACC	-0.7298109	4.6689954	8.562118
727126518	ACC	-0.8063812	4.697709	8.571689
727126528	ACC	-0.83988076	4.6689954	8.581261
727126537	ACC	-0.81595254	4.6354957	8.590832
727126547	ACC	-0.74416786	4.606782	8.595617
727126556	ACC	-0.715454	4.659424	8.566903
727126566	ACC	-0.7298109	4.6642094	8.519047
727126575	ACC	-0.7680961	4.683352	8.50469
727126585	ACC	-0.7920243	4.683352	8.509476
727126594	ACC	-0.8063812	4.659424	8.533403
727126604	ACC	-0.7537391	4.6211386	8.595617
727126613	ACC	-0.7585248	4.6115675	8.609974
727126623	ACC	-0.74416786	4.601996	8.614759
727126632	ACC	-0.7298109	4.6115675	8.609974
727126642	ACC	-0.74895346	4.6211386	8.609974
727126651	ACC	-0.7968099	4.659424	8.586046
727126661	ACC	-0.7968099	4.6498528	8.562118
727126670	ACC	-0.76331043	4.606782	8.571689
727126680	ACC	-0.70588267	4.601996	8.581261
727126689	ACC	-0.70588267	4.606782	8.595617
727126699	ACC	-0.74895346	4.640281	8.566903
727126708	ACC	-0.7920243	4.640281	8.519047
727126718	ACC	-0.8063812	4.6259246	8.490333
727126727	ACC	-0.76331043	4.606782	8.499905
727126737	ACC	-0.7106683	4.6259246	8.509476
727126746	ACC	-0.7298109	4.640281	8.5525465
727126756	ACC	-0.74895346	4.6450667	8.605188
727126765	ACC	-0.76331043	4.6450667	8.638688
727126775	ACC	-0.7680961	4.6498528	8.648259
727126784	ACC	-0.77766734	4.6689954	8.638688
727126794	ACC	-0.7728817	4.6546383	8.600403
727126803	ACC	-0.7537391	4.6259246	8.576474
727126813	ACC	-0.76331043	4.640281	8.566903
727126822	ACC	-0.8255238	4.6642094	8.600403
727126832	ACC	-0.83030945	4.6546383	8.605188
727126841	ACC	-0.8542377	4.6450667	8.586046
727126851	ACC	-0.7968099	4.673781	8.538189
727126860	ACC	-0.782453	4.6929235	8.499905
727126870	ACC	-0.76331043	4.6929235	8.480762
727126879	ACC	-0.74895346	4.6689954	8.509476
727126889	ACC	-0.76331043	4.6115675	8.533403
727126898	ACC	-0.701097	4.606782	8.5525465
727126908	ACC	-0.6580262	4.616353	8.571689
727126917	ACC	-0.6628119	4.606782	8.566903
727126927	ACC	-0.68195444	4.6354957	8.571689
727126936	ACC	-0.73459655	4.6115675	8.571689
727126946	ACC	-0.7728817	4.601996	8.619545
727126955	ACC	-0.7680961	4.640281	8.653045
727126965	ACC	-0.80159557	4.6689954	8.65783
727126974	ACC	-0.83988076	4.683352	8.638688
727126984	ACC	-0.83030945	4.6546383	8.653045
727126993	ACC	-0.8063812	4.6929235	8.633903
727127003	ACC	-0.7680961	4.6881375	8.595617
727127012	ACC	-0.77766734	4.70728	8.562118
727127022	ACC	-0.7728817	4.6785665	8.557332
727127031	ACC	-0.7537391	4.6546383	8.519047
727127041	ACC	-0.7537391	4.63071	8.452047
727127050	ACC	-0.701097	4.606782	8.437691
727127060	ACC	-0.70588267	4.606782	8.466405
727127069	ACC	-0.7298109	4.601996	8.480762
727127079	ACC	-0.7298109	4.6115675	8.509476
727127088	ACC	-0.74416786	4.5972104	8.519047
727127098	ACC	-0.76331043	4.6450667	8.519047
727127107	ACC	-0.77766734	4.6642094	8.509476
727127117	ACC	-0.77766734	4.673781	8.519047
727127126	ACC	-0.7968099	4.6881375	8.557332
727127136	ACC	-0.782453	4.6642094	8.576474
727127145	ACC	-0.7728817	4.6642094	8.605188
727127155	ACC	-0.74895346	4.673781	8.619545
727127164	ACC	-0.7537391	4.6785665	8.595617
727127174	ACC	-0.7537391	4.6546383	8.624331
727127183	ACC	-0.73459655	4.6546383	8.643474
727127193	ACC	-0.74895346	4.659424	8.600403
727127202	ACC	-0.7585248	4.6546383	8.566903
727127212	ACC	-0.7728817	4.6498528	8.595617
727127221	ACC	-0.8063812	4.6259246	8.586046
727127231	ACC	-0.7728817	4.6450667	8.581261
727127240	ACC	-0.7680961	4.6689954	8.581261
727127250	ACC	-0.7920243	4.697709	8.557332
727127259	ACC	-0.81595254	4.70728	8.547761
727127269	ACC	-0.81595254	4.659424	8.5525465
727127278	ACC	-0.7920243	4.63071	8.571689
727127288	ACC	-0.73459655	4.601996	8.571689
727127297	ACC	-0.6771688	4.6115675	8.566903
727127307	ACC	-0.6723832	4.640281	8.528618
727127316	ACC	-0.701097	4.6498528	8.485547
727127326	ACC	-0.7585248	4.6546383	8.475976
727127335	ACC	-0.76331043	4.6450667	8.514261
727127345	ACC	-0.7680961	4.6450667	8.571689
727127354	ACC	-0.782453	4.6498528	8.595617
727127364	ACC	-0.78723866	4.6498528	8.576474
727127373	ACC	-0.80159557	4.6642094	8.581261
727127383	ACC	-0.7968099	4.6546383	8.566903
727127392	ACC	-0.7728817	4.6546383	8.576474
727127402	ACC	-0.77766734	4.6642094	8.590832
727127411	ACC	-0.76331043	4.6546383	8.566903
727127421	ACC	-0.7537391	4.6546383	8.590832
727127430	ACC	-0.73459655	4.6642094	8.566903
727127440	ACC	-0.73459655	4.6689954	8.571689
727127449	ACC	-0.77766734	4.6498528	8.566903
727127459	ACC	-0.78723866	4.6498528	8.600403
727127468	ACC	-0.7728817	4.6450667	8.595617
727127478	ACC	-0.7393822	4.6689954	8.542975
727127487	ACC	-0.74416786	4.6642094	8.528618
727127497	ACC	-0.7680961	4.6881375	8.562118
727127506	ACC	-0.81595254	4.6785665	8.576474
727127516	ACC	-0.7968099	4.6259246	8.590832
727127525	ACC	-0.7298109	4.616353	8.586046
727127535	ACC	-0.69152576	4.63071	8.581261
727127544	ACC	-0.72502524	4.6785665	8.547761
727127554	ACC	-0.77766734	4.683352	8.542975
727127563	ACC	-0.77766734	4.63071	8.547761
727127573	ACC	-0.74416786	4.606782	8.557332
727127582	ACC	-0.7106683	4.6115675	8.562118
727127592	ACC	-0.73459655	4.6115675	8.538189
727127601	ACC	-0.7298109	4.6259246	8.566903
727127611	ACC	-0.74416786	4.63071	8.581261
727127620	ACC	-0.77766734	4.6498528	8.576474
727127630	ACC	-0.782453	4.683352	8.581261
727127639	ACC	-0.782453	4.6929235	8.562118
727127649	ACC	-0.74895346	4.659424	8.547761
727127658	ACC	-0.72502524	4.6354957	8.562118
727127668	ACC	-0.7298109	4.6642094	8.595617
727127677	ACC	-0.73459655	4.659424	8.600403
727127687	ACC	-0.7728817	4.63071	8.619545
727127696	ACC	-0.7585248	4.6450667	8.638688
727127706	ACC	-0.77766734	4.640281	8.614759
727127715	ACC	-0.7680961	4.6354957	8.581261
727127725	ACC	-0.7728817	4.6498528	8.566903
727127734	ACC	-0.81595254	4.6642094	8.571689
727127744	ACC	-0.8063812	4.6642094	8.576474
727127753	ACC	-0.8111669	4.6689954	8.547761
727127763	ACC	-0.8063812	4.6929235	8.538189
727127772	ACC	-0.76331043	4.673781	8.528618
727127782	ACC	-0.715454	4.6259246	8.533403
727127791	ACC	-0.72023964	4.5876393	8.533403
727127801	ACC	-0.715454	4.5684967	8.581261
727127810	ACC	-0.72023964	4.5876393	8.624331
727127820	ACC	-0.7106683	4.592425	8.614759
727127829	ACC	-0.66759753	4.6115675	8.614759
727127839	ACC	-0.6867401	4.6259246	8.609974
727127848	ACC	-0.72023964	4.6354957	8.619545
727127858	ACC	-0.7728817	4.640281	8.609974
727127867	ACC	-0.7728817	4.6642094	8.638688
727127877	ACC	-0.7920243	4.673781	8.633903
727127886	ACC	-0.8063812	4.70728	8.629117
727127896	ACC	-0.8207382	4.6689954	8.614759
727127905	ACC	-0.78723866	4.6498528	8.662616
727127915	ACC	-0.76331043	4.6450667	8.619545
727127924	ACC	-0.7680961	4.6498528	8.581261
727127934	ACC	-0.782453	4.6354957	8.562118
727127943	ACC	-0.76331043	4.6115675	8.533403
727127953	ACC	-0.7106683	4.578068	8.509476
727127962	ACC	-0.6963114	4.578068	8.519047
727127972	ACC	-0.72502524	4.578068	8.519047
727127981	ACC	-0.72502524	4.582854	8.485547
727127991	ACC	-0.74895346	4.606782	8.485547
727128000	ACC	-0.7537391	4.640281	8.475976
727128010	ACC	-0.7537391	4.6259246	8.499905
727128019	ACC	-0.7537391	4.6211386	8.576474
727128029	ACC	-0.77766734	4.63071	8.624331
727128038	ACC	-0.7680961	4.6259246	8.638688
727128048	ACC	-0.7680961	4.6115675	8.676973
727128057	ACC	-0.782453	4.6211386	8.686544
727128067	ACC	-0.7585248	4.601996	8.672188
727128076	ACC	-0.74416786	4.616353	8.633903
727128086	ACC	-0.72502524	4.6115675	8.638688
727128095	ACC	-0.74895346	4.6211386	8.629117
727128105	ACC	-0.7537391	4.616353	8.609974
727128114	ACC	-0.76331043	4.5972104	8.619545
727128124	ACC	-0.7728817	4.6211386	8.590832
727128133	ACC	-0.81595254	4.63071	8.576474
727128143	ACC	-0.80159557	4.6115675	8.586046
727128152	ACC	-0.77766734	4.601996	8.590832
727128162	ACC	-0.7680961	4.601996	8.590832
727128171	ACC	-0.76331043	4.6115675	8.595617
727128181	ACC	-0.7537391	4.606782	8.605188
727128190	ACC	-0.7298109	4.6259246	8.581261
727128200	ACC	-0.7298109	4.6354957	8.576474
727128209	ACC	-0.7106683	4.63071	8.566903
727128219	ACC	-0.72502524	4.6450667	8.5525465
727128228	ACC	-0.72023964	4.6115675	8.571689
727128238	ACC	-0.7393822	4.601996	8.576474
727128247	ACC	-0.7393822	4.6211386	8.581261
727128257	ACC	-0.7298109	4.601996	8.595617
727128266	ACC	-0.74416786	4.5732822	8.605188
727128276	ACC	-0.7728817	4.592425	8.619545
727128285	ACC	-0.7728817	4.5876393	8.586046
727128295	ACC	-0.7585248	4.578068	8.571689
727128304	ACC	-0.74895346	4.601996	8.571689
727128314	ACC	-0.74895346	4.601996	8.590832
727128323	ACC	-0.73459655	4.592425	8.624331
727128333	ACC	-0.72502524	4.6115675	8.643474
727128342	ACC	-0.74416786	4.592425	8.662616
727128352	ACC	-0.7585248	4.5876393	8.638688
727128361	ACC	-0.76331043	4.592425	8.619545
727128371	ACC	-0.7680961	4.601996	8.605188
727128380	ACC	-0.7728817	4.606782	8.609974
727128390	ACC	-0.7585248	4.601996	8.633903
727128399	ACC	-0.7585248	4.6259246	8.609974
727128409	ACC	-0.78723866	4.6259246	8.653045
727128418	ACC	-0.76331043	4.616353	8.571689
727128428	ACC	-0.7106683	4.5732822	8.533403
727128437	ACC	-0.701097	4.606782	8.519047
727128447	ACC	-0.7298109	4.5876393	8.538189
727128456	ACC	-0.73459655	4.578068	8.566903
727128466	ACC	-0.7537391	4.592425	8.586046
727128475	ACC	-0.7298109	4.563711	8.600403
727128485	ACC	-0.70588267	4.5684967	8.571689
727128494	ACC	-0.69152576	4.5732822	8.595617
727128504	ACC	-0.701097	4.5732822	8.65783
727128513	ACC	-0.72502524	4.601996	8.633903
727128523	ACC	-0.7393822	4.5876393	8.609974
727128532	ACC	-0.7537391	4.578068	8.586046
727128542	ACC	-0.7680961	4.616353	8.590832
727128551	ACC	-0.7585248	4.616353	8.643474
727128561	ACC	-0.7393822	4.5972104	8.633903
727128570	ACC	-0.715454	4.5876393	8.633903
727128580	ACC	-0.7298109	4.582854	8.65783
727128589	ACC	-0.76331043	4.592425	8.609974
727128599	ACC	-0.76331043	4.606782	8.600403
727128608	ACC	-0.7728817	4.5876393	8.605188
727128618	ACC	-0.782453	4.5876393	8.609974
727128627	ACC	-0.7920243	4.592425	8.614759
727128637	ACC	-0.77766734	4.616353	8.571689
727128646	ACC	-0.78723866	4.63071	8.533403
727128656	ACC	-0.7920243	4.6689954	8.562118
727128665	ACC	-0.7728817	4.659424	8.557332
727128675	ACC	-0.73459655	4.606782	8.557332
727128684	ACC	-0.70588267	4.5732822	8.562118
727128694	ACC	-0.6963114	4.5732822	8.614759
727128703	ACC	-0.70588267	4.549354	8.614759
727128713	ACC	-0.70588267	4.5684967	8.633903
727128722	ACC	-0.68195444	4.5541396	8.614759
727128732	ACC	-0.6771688	4.549354	8.638688
727128741	ACC	-0.7298109	4.592425	8.676973
727128751	ACC	-0.76331043	4.6115675	8.672188
727128760	ACC	-0.7968099	4.6354957	8.686544
727128770	ACC	-0.7920243	4.6259246	8.65783
727128779	ACC	-0.7968099	4.640281	8.614759
727128789	ACC	-0.80159557	4.640281	8.605188
727128798	ACC	-0.80159557	4.6450667	8.576474
727128808	ACC	-0.782453	4.6354957	8.576474
727128817	ACC	-0.74416786	4.63071	8.557332
727128827	ACC	-0.7537391	4.6498528	8.533403
727128836	ACC	-0.76331043	4.6354957	8.514261
727128846	ACC	-0.74895346	4.592425	8.50469
727128855	ACC	-0.701097	4.578068	8.509476
727128865	ACC	-0.6771688	4.578068	8.533403
727128874	ACC	-0.69152576	4.592425	8.523832
727128884	ACC	-0.73459655	4.616353	8.528618
727128893	ACC	-0.7585248	4.6450667	8.538189
727128903	ACC	-0.74416786	4.5972104	8.562118
727128912	ACC	-0.74895346	4.616353	8.595617
727128922	ACC	-0.7728817	4.6354957	8.600403
727128931	ACC	-0.7728817	4.6450667	8.576474
727128941	ACC	-0.77766734	4.63071	8.600403
727128950	ACC	-0.7537391	4.659424	8.633903
727128960	ACC	-0.7393822	4.640281	8.629117
727128969	ACC	-0.73459655	4.640281	8.600403
727128979	ACC	-0.74895346	4.6785665	8.590832
727128988	ACC	-0.7537391	4.659424	8.609974
727128998	ACC	-0.7537391	4.6354957	8.633903
727129007	ACC	-0.74416786	4.6115675	8.586046
727129017	ACC	-0.76331043	4.640281	8.576474
727129026	ACC	-0.8111669	4.6498528	8.590832
727129036	ACC	-0.8255238	4.673781	8.605188
727129045	ACC	-0.78723866	4.63071	8.609974
727129055	ACC	-0.7537391	4.6259246	8.581261
727129064	ACC	-0.74416786	4.63071	8.5525465
727129074	ACC	-0.7728817	4.6498528	8.542975
727129083	ACC	-0.7537391	4.6546383	8.542975
727129093	ACC	-0.7537391	4.659424	8.538189
727129102	ACC	-0.74895346	4.640281	8.528618
727129112	ACC	-0.72023964	4.6259246	8.542975
727129121	ACC	-0.72023964	4.616353	8.5525465
727129131	ACC	-0.7298109	4.6259246	8.557332
727129140	ACC	-0.7728817	4.6354957	8.5525465
727129150	ACC	-0.77766734	4.616353	8.586046
727129159	ACC	-0.7680961	4.6259246	8.590832
727129169	ACC	-0.76331043	4.616353	8.595617
727129178	ACC	-0.7585248	4.6259246	8.609974
727129188	ACC	-0.8063812	4.6450667	8.619545
727129197	ACC	-0.78723866	4.6546383	8.590832
727129207	ACC	-0.77766734	4.6498528	8.562118
727129216	ACC	-0.7585248	4.6354957	8.595617
727129226	ACC	-0.7920243	4.6689954	8.614759
727129235	ACC	-0.80159557	4.6642094	8.605188
727129245	ACC	-0.78723866	4.6498528	8.586046
727129254	ACC	-0.74895346	4.6354957	8.5525465
727129264	ACC	-0.76331043	4.63071	8.538189
727129273	ACC	-0.7920243	4.6450667	8.609974
727129283	ACC	-0.80159557	4.640281	8.700901
727129292	ACC	-0.8111669	4.6354957	8.715259
727129302	ACC	-0.8063812	4.6498528	8.653045
727129311	ACC	-0.7537391	4.6259246	8.605188
727129321	ACC	-0.715454	4.606782	8.547761
727129330	ACC	-0.7298109	4.63071	8.542975
727129340	ACC	-0.74416786	4.640281	8.562118
727129349	ACC	-0.7728817	4.6450667	8.538189
727129359	ACC	-0.77766734	4.6259246	8.542975
727129368	ACC	-0.7537391	4.6498528	8.538189
727129378	ACC	-0.7680961	4.6450667	8.490333
727129387	ACC	-0.74895346	4.6546383	8.47119
727129397	ACC	-0.7585248	4.640281	8.514261
727129406	ACC	-0.76331043	4.63071	8.519047
727129416	ACC	-0.80159557	4.6450667	8.595617
727129425	ACC	-0.782453	4.6498528	8.653045
727129435	ACC	-0.782453	4.6498528	8.65783
727129444	ACC	-0.80159557	4.659424	8.653045
727129454	ACC	-0.7920243	4.640281	8.600403
727129463	ACC	-0.7968099	4.6354957	8.586046
727129473	ACC	-0.7920243	4.6498528	8.609974
727129482	ACC	-0.83988076	4.6450667	8.595617
727129492	ACC	-0.8350951	4.6642094	8.609974
727129501	ACC	-0.83988076	4.6642094	8.571689
727129511	ACC	-0.7968099	4.697709	8.533403
727129520	ACC	-0.7728817	4.6689954	8.519047
727129530	ACC	-0.7537391	4.640281	8.499905
727129539	ACC	-0.72502524	4.616353	8.533403
727129549	ACC	-0.72023964	4.601996	8.547761
727129558	ACC	-0.7298109	4.616353	8.5525465
727129568	ACC	-0.72502524	4.6211386	8.600403
727129577	ACC	-0.701097	4.601996	8.638688
727129587	ACC	-0.69152576	4.6211386	8.595617
727129596	ACC	-0.7537391	4.6498528	8.566903
727129606	ACC	-0.8063812	4.673781	8.586046
727129615	ACC	-0.8111669	4.6546383	8.643474
727129625	ACC	-0.8207382	4.6498528	8.672188
727129634	ACC	-0.83030945	4.6450667	8.662616
727129644	ACC	-0.8207382	4.6881375	8.595617
727129653	ACC	-0.8350951	4.7024946	8.538189
727129663	ACC	-0.78723866	4.6929235	8.5525465
727129672	ACC	-0.7585248	4.697709	8.562118
727129682	ACC	-0.7680961	4.6642094	8.5525465
727129691	ACC	-0.7680961	4.6498528	8.533403
727129701	ACC	-0.7393822	4.6450667	8.499905
727129710	ACC	-0.7585248	4.6450667	8.495118
727129720	ACC	-0.74895346	4.63071	8.499905
727129729	ACC	-0.74895346	4.606782	8.523832
727129739	ACC	-0.74416786	4.6115675	8.519047
727129748	ACC	-0.76331043	4.6354957	8.509476
727129758	ACC	-0.8063812	4.659424	8.533403
727129767	ACC	-0.7968099	4.6642094	8.547761
727129777	ACC	-0.7680961	4.6450667	8.566903
727129786	ACC	-0.8111669	4.6498528	8.586046
727129796	ACC	-0.8111669	4.683352	8.590832
727129805	ACC	-0.81595254	4.6881375	8.595617
727129815	ACC	-0.77766734	4.6929235	8.600403
727129824	ACC	-0.74895346	4.6689954	8.653045
727129834	ACC	-0.7585248	4.6642094	8.653045
727129843	ACC	-0.7680961	4.673781	8.614759
727129853	ACC	-0.7968099	4.673781	8.586046
727129862	ACC	-0.7968099	4.6546383	8.562118
727129872	ACC	-0.7920243	4.659424	8.542975
727129881	ACC	-0.80159557	4.616353	8.547761
727129891	ACC	-0.78723866	4.616353	8.576474
727129900	ACC	-0.7968099	4.6354957	8.586046
727129910	ACC	-0.8063812	4.6546383	8.600403
727129919	ACC	-0.8063812	4.6546383	8.609974
727129929	ACC	-0.7968099	4.63071	8.600403
727129938	ACC	-0.7537391	4.659424	8.562118
727129948	ACC	-0.74895346	4.6546383	8.542975
727129957	ACC	-0.74416786	4.6689954	8.519047
727129967	ACC	-0.73459655	4.6785665	8.533403
727129976	ACC	-0.74895346	4.673781	8.523832
727129986	ACC	-0.7585248	4.6546383	8.538189
727129995	ACC	-0.782453	4.6450667	8.5525465
727130005	ACC	-0.7920243	4.6450667	8.590832
727130014	ACC	-0.77766734	4.63071	8.595617
727130024	ACC	-0.782453	4.63071	8.595617
727130033	ACC	-0.782453	4.6450667	8.557332
727130043	ACC	-0.782453	4.659424	8.5525465
727130052	ACC	-0.7728817	4.6354957	8.557332
727130062	ACC	-0.7680961	4.6450667	8.595617
727130071	ACC	-0.782453	4.640281	8.595617
727130081	ACC	-0.7968099	4.6689954	8.581261
727130090	ACC	-0.8063812	4.6546383	8.571689
727130100	ACC	-0.81595254	4.673781	8.566903
727130109	ACC	-0.80159557	4.6642094	8.614759
727130119	ACC	-0.7728817	4.6498528	8.605188
727130128	ACC	-0.7728817	4.6450667	8.595617
727130138	ACC	-0.77766734	4.6546383	8.605188
727130147	ACC	-0.77766734	4.6546383	8.619545
727130157	ACC	-0.7920243	4.6498528	8.614759
727130166	ACC	-0.77766734	4.6354957	8.600403
727130176	ACC	-0.7393822	4.63071	8.562118
727130185	ACC	-0.74895346	4.6689954	8.528618
727130195	ACC	-0.7728817	4.659424	8.490333
727130204	ACC	-0.7537391	4.6259246	8.490333
727130214	ACC	-0.72502524	4.6211386	8.490333
727130223	ACC	-0.73459655	4.6546383	8.499905
727130233	ACC	-0.78723866	4.659424	8.50469
727130242	ACC	-0.7968099	4.6498528	8.509476
727130252	ACC	-0.7968099	4.6354957	8.528618
727130261	ACC	-0.782453	4.6546383	8.576474
727130271	ACC	-0.7968099	4.6689954	8.609974
727130280	ACC	-0.7728817	4.6881375	8.624331
727130290	ACC	-0.77766734	4.659424	8.619545
727130299	ACC	-0.7920243	4.6546383	8.605188
727130309	ACC	-0.81595254	4.6546383	8.609974
727130318	ACC	-0.81595254	4.6689954	8.667402
727130328	ACC	-0.81595254	4.6498528	8.638688
727130337	ACC	-0.8207382	4.6498528	8.619545
727130347	ACC	-0.8063812	4.659424	8.557332
727130356	ACC	-0.7968099	4.70728	8.523832
727130366	ACC	-0.8063812	4.712066	8.485547
727130375	ACC	-0.80159557	4.7024946	8.47119
727130385	ACC	-0.76331043	4.6689954	8.466405
727130394	ACC	-0.73459655	4.63071	8.475976
727130404	ACC	-0.6963114	4.5972104	8.533403
727130413	ACC	-0.701097	4.616353	8.586046
727130423	ACC	-0.72502524	4.6354957	8.600403
727130432	ACC	-0.74416786	4.63071	8.595617
727130442	ACC	-0.74416786	4.6259246	8.600403
727130451	ACC	-0.7585248	4.6211386	8.633903
727130461	ACC	-0.782453	4.6450667	8.653045
727130470	ACC	-0.83988076	4.6689954	8.653045
727130480	ACC	-0.863809	4.6785665	8.65783
727130489	ACC	-0.849452	4.6642094	8.653045
727130499	ACC	-0.8063812	4.673781	8.614759
727130508	ACC	-0.77766734	4.697709	8.586046
727130518	ACC	-0.8063812	4.731209	8.547761
727130527	ACC	-0.80159557	4.712066	8.499905
727130537	ACC	-0.7728817	4.6450667	8.499905
727130546	ACC	-0.72023964	4.6450667	8.475976
727130556	ACC	-0.72023964	4.640281	8.47119
727130565	ACC	-0.7393822	4.640281	8.485547
727130575	ACC	-0.7680961	4.6211386	8.519047
727130584	ACC	-0.78723866	4.63071	8.514261
727130594	ACC	-0.7728817	4.6211386	8.50469
727130603	ACC	-0.7728817	4.659424	8.519047
727130613	ACC	-0.7920243	4.673781	8.50469
727130622	ACC	-0.7920243	4.659424	8.533403
727130632	ACC	-0.7968099	4.6642094	8.562118
727130641	ACC	-0.78723866	4.6642094	8.600403
727130651	ACC	-0.7968099	4.6546383	8.609974
727130660	ACC	-0.80159557	4.673781	8.648259
727130670	ACC	-0.8063812	4.673781	8.65783
727130679	ACC	-0.782453	4.6546383	8.653045
727130689	ACC	-0.74416786	4.659424	8.648259
727130698	ACC	-0.74416786	4.6546383	8.629117
727130708	ACC	-0.78723866	4.6642094	8.600403
727130717	ACC	-0.8111669	4.6642094	8.576474
727130727	ACC	-0.83030945	4.6498528	8.557332
727130736	ACC	-0.81595254	4.6498528	8.547761
727130746	ACC	-0.782453	4.6546383	8.547761
727130755	ACC	-0.8063812	4.6881375	8.538189
727130765	ACC	-0.83988076	4.6785665	8.528618
727130774	ACC	-0.8063812	4.659424	8.5525465
727130784	ACC	-0.7680961	4.6498528	8.542975
727130793	ACC	-0.74895346	4.640281	8.538189
727130803	ACC	-0.715454	4.6354957	8.528618
727130812	ACC	-0.73459655	4.6498528	8.557332
727130822	ACC	-0.7728817	4.6498528	8.571689
727130831	ACC	-0.76331043	4.6450667	8.576474
727130841	ACC	-0.7680961	4.640281	8.562118
727130850	ACC	-0.7920243	4.659424	8.571689
727130860	ACC	-0.78723866	4.659424	8.586046
727130869	ACC	-0.7968099	4.6546383	8.566903
727130879	ACC	-0.8063812	4.6546383	8.557332
727130888	ACC	-0.80159557	4.659424	8.5525465
727130898	ACC	-0.7968099	4.6498528	8.542975
727130907	ACC	-0.7920243	4.673781	8.557332
727130917	ACC	-0.7728817	4.673781	8.562118
727130926	ACC	-0.7585248	4.6689954	8.557332
727130936	ACC	-0.7585248	4.6546383	8.595617
727130945	ACC	-0.78723866	4.659424	8.576474
727130955	ACC	-0.7968099	4.673781	8.600403
727130964	ACC	-0.7968099	4.659424	8.595617
727130974	ACC	-0.782453	4.6642094	8.605188
727130983	ACC	-0.7728817	4.6689954	8.609974
727130993	ACC	-0.77766734	4.659424	8.609974
727131002	ACC	-0.7585248	4.6354957	8.629117
727131012	ACC	-0.782453	4.673781	8.614759
727131021	ACC	-0.7920243	4.6642094	8.571689
727131031	ACC	-0.7585248	4.6259246	8.533403
727131040	ACC	-0.7298109	4.6211386	8.528618
727131050	ACC	-0.72023964	4.6450667	8.499905
727131059	ACC	-0.73459655	4.6354957	8.485547
727131069	ACC	-0.7728817	4.673781	8.499905
727131078	ACC	-0.77766734	4.6785665	8.514261
727131088	ACC	-0.77766734	4.659424	8.523832
727131097	ACC	-0.78723866	4.6498528	8.5525465
727131107	ACC	-0.7968099	4.659424	8.581261
727131116	ACC	-0.8111669	4.659424	8.619545
727131126	ACC	-0.782453	4.6642094	8.633903
727131135	ACC	-0.7920243	4.6546383	8.643474
727131145	ACC	-0.7728817	4.6689954	8.638688
727131154	ACC	-0.8063812	4.6689954	8.638688
727131164	ACC	-0.8207382	4.640281	8.629117
727131173	ACC	-0.7968099	4.6498528	8.595617
727131183	ACC	-0.782453	4.673781	8.562118
727131192	ACC	-0.7968099	4.6929235	8.542975
727131202	ACC	-0.8255238	4.6929235	8.514261
727131211	ACC	-0.8255238	4.7024946	8.519047
727131221	ACC	-0.77766734	4.6881375	8.475976
727131230	ACC	-0.73459655	4.640281	8.499905
727131240	ACC	-0.7298109	4.63071	8.533403
727131249	ACC	-0.7298109	4.606782	8.547761
727131259	ACC	-0.70588267	4.6354957	8.566903
727131268	ACC	-0.72023964	4.63071	8.609974
727131278	ACC	-0.715454	4.640281	8.624331
727131287	ACC	-0.7585248	4.640281	8.648259
727131297	ACC	-0.7920243	4.659424	8.662616
727131306	ACC	-0.8255238	4.659424	8.638688
727131316	ACC	-0.83988076	4.673781	8.619545
727131325	ACC	-0.8446664	4.6881375	8.600403
727131335	ACC	-0.83030945	4.712066	8.5525465
727131344	ACC	-0.8255238	4.726423	8.528618
727131354	ACC	-0.8063812	4.712066	8.5525465
727131363	ACC	-0.7728817	4.7024946	8.562118
727131373	ACC	-0.76331043	4.683352	8.538189
727131382	ACC	-0.7585248	4.673781	8.50469
727131392	ACC	-0.74895346	4.659424	8.495118
727131401	ACC	-0.74416786	4.640281	8.475976
727131411	ACC	-0.73459655	4.6259246	8.495118
727131420	ACC	-0.74895346	4.6354957	8.50469
727131430	ACC	-0.74895346	4.640281	8.528618
727131439	ACC	-0.76331043	4.659424	8.542975
727131449	ACC	-0.7920243	4.659424	8.528618
727131458	ACC	-0.80159557	4.683352	8.542975
727131468	ACC	-0.80159557	4.6785665	8.542975
727131477	ACC	-0.7920243	4.6642094	8.542975
727131487	ACC	-0.7920243	4.6689954	8.571689
727131496	ACC	-0.782453	4.6689954	8.595617
727131506	ACC	-0.782453	4.6689954	8.595617
727131515	ACC	-0.7728817	4.6785665	8.614759
727131525	ACC	-0.74895346	4.659424	8.633903
727131534	ACC	-0.74416786	4.6450667	8.633903
727131544	ACC	-0.7728817	4.6689954	8.619545
727131553	ACC	-0.83030945	4.6689954	8.629117
727131563	ACC	-0.8207382	4.659424	8.605188
727131572	ACC	-0.78723866	4.6259246	8.586046
727131582	ACC	-0.78723866	4.6546383	8.576474
727131591	ACC	-0.7920243	4.683352	8.566903
727131601	ACC	-0.81595254	4.697709	8.533403
727131610	ACC	-0.7968099	4.6689954	8.495118
727131620	ACC	-0.76331043	4.6546383	8.475976
727131629	ACC	-0.7585248	4.6642094	8.490333
727131639	ACC	-0.7393822	4.6785665	8.523832
727131648	ACC	-0.74895346	4.697709	8.547761
727131658	ACC	-0.7728817	4.6642094	8.533403
727131667	ACC	-0.74895346	4.6450667	8.557332
727131677	ACC	-0.7537391	4.640281	8.571689
727131686	ACC	-0.7537391	4.6354957	8.605188
727131696	ACC	-0.782453	4.6642094	8.605188
727131705	ACC	-0.7968099	4.640281	8.595617
727131715	ACC	-0.8111669	4.63071	8.566903
727131724	ACC	-0.7968099	4.6354957	8.538189
727131734	ACC	-0.782453	4.6689954	8.499905
727131743	ACC	-0.77766734	4.673781	8.523832
727131753	ACC	-0.7680961	4.6689954	8.538189
727131762	ACC	-0.76331043	4.659424	8.542975
727131772	ACC	-0.76331043	4.6498528	8.590832
727131781	ACC	-0.782453	4.673781	8.590832
727131791	ACC	-0.7968099	4.70728	8.590832
727131800	ACC	-0.8207382	4.683352	8.629117
727131810	ACC	-0.8207382	4.6689954	8.624331
727131819	ACC	-0.78723866	4.6498528	8.624331
727131829	ACC	-0.7728817	4.659424	8.605188
727131838	ACC	-0.7728817	4.6354957	8.614759
727131848	ACC	-0.7680961	4.6450667	8.590832
727131857	ACC	-0.77766734	4.6546383	8.557332
727131867	ACC	-0.7537391	4.659424	8.523832
727131876	ACC	-0.72023964	4.6354957	8.514261
727131886	ACC	-0.73459655	4.6450667	8.50469
727131895	ACC	-0.74416786	4.6546383	8.480762
727131905	ACC	-0.782453	4.6689954	8.50469
727131914	ACC	-0.77766734	4.6642094	8.542975
727131924	ACC	-0.76331043	4.6642094	8.557332
727131933	ACC	-0.782453	4.6498528	8.533403
727131943	ACC	-0.7537391	4.6642094	8.538189
727131952	ACC	-0.782453	4.659424	8.571689
727131962	ACC	-0.782453	4.673781	8.605188
727131971	ACC	-0.782453	4.6929235	8.619545
727131981	ACC	-0.78723866	4.683352	8.619545
727131990	ACC	-0.78723866	4.6689954	8.629117
727132000	ACC	-0.77766734	4.6546383	8.600403
727132009	ACC	-0.77766734	4.6546383	8.571689
727132019	ACC	-0.8255238	4.6689954	8.562118
727132028	ACC	-0.83030945	4.6689954	8.557332
727132038	ACC	-0.8255238	4.659424	8.557332
727132047	ACC	-0.8111669	4.6546383	8.519047
727132057	ACC	-0.81595254	4.6881375	8.485547
727132066	ACC	-0.8063812	4.7024946	8.509476
727132076	ACC	-0.782453	4.6929235	8.542975
727132085	ACC	-0.7585248	4.659424	8.5525465
727132095	ACC	-0.72502524	4.6259246	8.5525465
727132104	ACC	-0.715454	4.5972104	8.571689
727132114	ACC	-0.70588267	4.6115675	8.600403
727132123	ACC	-0.6963114	4.6354957	8.571689
727132133	ACC	-0.7393822	4.6498528	8.538189
727132142	ACC	-0.7728817	4.6689954	8.538189
727132152	ACC	-0.7968099	4.6498528	8.566903
727132161	ACC	-0.8207382	4.6354957	8.633903
727132171	ACC	-0.7968099	4.6450667	8.653045
727132180	ACC	-0.83030945	4.683352	8.648259
727132190	ACC	-0.8542377	4.6929235	8.619545
727132199	ACC	-0.849452	4.70728	8.600403
727132209	ACC	-0.8063812	4.7216372	8.571689
727132218	ACC	-0.77766734	4.712066	8.547761
727132228	ACC	-0.7537391	4.712066	8.495118
727132237	ACC	-0.74416786	4.673781	8.50469
727132247	ACC	-0.7728817	4.6546383	8.490333
727132256	ACC	-0.7585248	4.6354957	8.490333
727132266	ACC	-0.74895346	4.63071	8.499905
727132275	ACC	-0.7537391	4.6259246	8.495118
727132285	ACC	-0.76331043	4.6546383	8.50469
727132294	ACC	-0.7728817	4.6450667	8.50469
727132304	ACC	-0.78723866	4.6689954	8.480762
727132313	ACC	-0.7728817	4.6498528	8.523832
727132323	ACC	-0.76331043	4.6642094	8.557332
727132332	ACC	-0.80159557	4.6929235	8.605188
727132342	ACC	-0.83030945	4.6785665	8.619545
727132351	ACC	-0.80159557	4.6642094	8.633903
727132361	ACC	-0.782453	4.6498528	8.600403
727132370	ACC	-0.77766734	4.683352	8.595617
727132380	ACC	-0.76331043	4.6642094	8.595617
727132389	ACC	-0.74895346	4.6498528	8.581261
727132399	ACC	-0.7537391	4.6546383	8.557332
727132408	ACC	-0.7920243	4.673781	8.576474
727132418	ACC	-0.8255238	4.673781	8.571689
727132427	ACC	-0.83988076	4.659424	8.571689
727132437	ACC	-0.7920243	4.63071	8.562118
727132446	ACC	-0.782453	4.6450667	8.576474
727132456	ACC	-0.8063812	4.673781	8.586046
727132465	ACC	-0.8255238	4.6689954	8.581261
727132475	ACC	-0.8063812	4.6546383	8.571689
727132484	ACC	-0.715454	4.6785665	8.519047
727132494	ACC	-0.701097	4.6450667	8.523832
727132503	ACC	-0.715454	4.6689954	8.542975
727132513	ACC	-0.77766734	4.683352	8.523832
727132522	ACC	-0.7968099	4.70728	8.519047
727132532	ACC	-0.782453	4.673781	8.499905
727132541	ACC	-0.7585248	4.6546383	8.542975
727132551	ACC	-0.7680961	4.6450667	8.528618
727132560	ACC	-0.80159557	4.6450667	8.528618
727132570	ACC	-0.78723866	4.6498528	8.547761
727132579	ACC	-0.7968099	4.6642094	8.576474
727132589	ACC	-0.78723866	4.6546383	8.576474
727132598	ACC	-0.782453	4.6546383	8.581261
727132608	ACC	-0.76331043	4.6642094	8.566903
727132617	ACC	-0.77766734	4.6881375	8.581261
727132627	ACC	-0.78723866	4.673781	8.566903
727132636	ACC	-0.7920243	4.6881375	8.576474
727132646	ACC	-0.78723866	4.673781	8.605188
727132655	ACC	-0.782453	4.673781	8.590832
727132665	ACC	-0.80159557	4.6689954	8.586046
727132674	ACC	-0.78723866	4.659424	8.562118
727132684	ACC	-0.8063812	4.673781	8.562118
727132693	ACC	-0.7680961	4.6546383	8.576474
727132703	ACC	-0.7728817	4.6450667	8.576474
727132712	ACC	-0.74895346	4.6354957	8.586046
727132722	ACC	-0.7585248	4.6354957	8.586046
727132731	ACC	-0.76331043	4.6211386	8.566903
727132741	ACC	-0.76331043	4.6450667	8.566903
727132750	ACC	-0.7680961	4.659424	8.533403
727132760	ACC	-0.7585248	4.640281	8.523832
727132769	ACC	-0.7537391	4.659424	8.533403
727132779	ACC	-0.76331043	4.659424	8.523832
727132788	ACC	-0.76331043	4.673781	8.480762
727132798	ACC	-0.7585248	4.6642094	8.499905
727132807	ACC	-0.7680961	4.683352	8.509476
727132817	ACC	-0.78723866	4.6689954	8.528618
727132826	ACC	-0.7728817	4.6498528	8.566903
727132836	ACC	-0.7680961	4.6259246	8.576474
727132845	ACC	-0.77766734	4.6642094	8.633903
727132855	ACC	-0.7920243	4.6881375	8.662616
727132864	ACC	-0.8111669	4.6642094	8.667402
727132874	ACC	-0.8063812	4.659424	8.662616
727132883	ACC	-0.80159557	4.659424	8.619545
727132893	ACC	-0.8063812	4.6785665	8.566903
727132902	ACC	-0.8255238	4.6689954	8.519047
727132912	ACC	-0.80159557	4.6689954	8.533403
727132921	ACC	-0.78723866	4.6498528	8.523832
727132931	ACC	-0.7920243	4.6689954	8.499905
727132940	ACC	-0.7920243	4.697709	8.475976
727132950	ACC	-0.78723866	4.7216372	8.514261
727132959	ACC	-0.7968099	4.7024946	8.514261
727132969	ACC	-0.7680961	4.6546383	8.519047
727132978	ACC	-0.7298109	4.6211386	8.547761
727132988	ACC	-0.7106683	4.616353	8.566903
727132997	ACC	-0.72502524	4.6354957	8.590832
727133007	ACC	-0.7393822	4.6642094	8.586046
727133016	ACC	-0.74416786	4.6450667	8.576474
727133026	ACC	-0.74895346	4.6354957	8.566903
727133035	ACC	-0.7728817	4.6498528	8.590832
727133045	ACC	-0.8063812	4.6689954	8.609974
727133054	ACC	-0.8446664	4.683352	8.629117
727133064	ACC	-0.8446664	4.6881375	8.629117
727133073	ACC	-0.8350951	4.7024946	8.629117
727133083	ACC	-0.8350951	4.70728	8.600403
727133092	ACC	-0.8063812	4.7216372	8.562118
727133102	ACC	-0.7680961	4.6881375	8.523832
727133111	ACC	-0.74895346	4.7024946	8.519047
727133121	ACC	-0.74416786	4.6546383	8.523832
727133130	ACC	-0.715454	4.6498528	8.509476
727133140	ACC	-0.715454	4.6498528	8.50469
727133149	ACC	-0.7537391	4.6498528	8.509476
727133159	ACC	-0.7680961	4.659424	8.50469
727133168	ACC	-0.77766734	4.6546383	8.480762
727133178	ACC	-0.7680961	4.6498528	8.452047
727133187	ACC	-0.7537391	4.659424	8.442476
727133197	ACC	-0.7728817	4.683352	8.47119
727133206	ACC	-0.7920243	4.6689954	8.538189
727133216	ACC	-0.8063812	4.697709	8.576474
727133225	ACC	-0.8111669	4.6929235	8.629117
727133235	ACC	-0.77766734	4.683352	8.633903
727133244	ACC	-0.7680961	4.6689954	8.619545
727133254	ACC	-0.7585248	4.673781	8.600403
727133263	ACC	-0.782453	4.6929235	8.581261
727133273	ACC	-0.7585248	4.6642094	8.566903
727133282	ACC	-0.76331043	4.6881375	8.576474
727133292	ACC	-0.77766734	4.6642094	8.581261
727133301	ACC	-0.7728817	4.6689954	8.576474
727133311	ACC	-0.78723866	4.6498528	8.581261
727133320	ACC	-0.7968099	4.6498528	8.566903
727133330	ACC	-0.80159557	4.659424	8.562118
727133339	ACC	-0.8255238	4.6642094	8.557332
727133349	ACC	-0.78723866	4.6689954	8.538189
727133358	ACC	-0.7585248	4.6498528	8.5525465
727133368	ACC	-0.7728817	4.6689954	8.562118
727133377	ACC	-0.76331043	4.6785665	8.566903
727133387	ACC	-0.74895346	4.6785665	8.566903
727133396	ACC	-0.76331043	4.683352	8.542975
727133406	ACC	-0.7680961	4.683352	8.533403
727133415	ACC	-0.76331043	4.6785665	8.50469
727133425	ACC	-0.7298109	4.6546383	8.519047
727133434	ACC	-0.74416786	4.6211386	8.547761
727133444	ACC	-0.7585248	4.63071	8.576474
727133453	ACC	-0.74895346	4.63071	8.576474
727133463	ACC	-0.7585248	4.6211386	8.600403
727133472	ACC	-0.7298109	4.601996	8.638688
727133482	ACC	-0.74895346	4.601996	8.648259
727133491	ACC	-0.7585248	4.63071	8.619545
727133501	ACC	-0.7968099	4.659424	8.595617
727133510	ACC	-0.76331043	4.640281	8.581261
727133520	ACC	-0.7298109	4.6259246	8.566903
727133529	ACC	-0.7585248	4.6354957	8.576474
727133539	ACC	-0.78723866	4.659424	8.571689
727133548	ACC	-0.78723866	4.6642094	8.576474
727133558	ACC	-0.7920243	4.6546383	8.609974
727133567	ACC	-0.782453	4.63071	8.586046
727133577	ACC	-0.7585248	4.6115675	8.619545
727133586	ACC	-0.74416786	4.616353	8.624331
727133596	ACC	-0.7393822	4.640281	8.595617
727133605	ACC	-0.77766734	4.6211386	8.576474
727133615	ACC	-0.80159557	4.63071	8.571689
727133624	ACC	-0.73459655	4.6115675	8.562118
727133634	ACC	-0.7393822	4.606782	8.590832
727133643	ACC	-0.74416786	4.640281	8.586046
727133653	ACC	-0.7585248	4.616353	8.595617
727133662	ACC	-0.7728817	4.5972104	8.595617
727133672	ACC	-0.7585248	4.592425	8.581261
727133681	ACC	-0.7298109	4.592425	8.566903
727133691	ACC	-0.7298109	4.5972104	8.566903
727133700	ACC	-0.7585248	4.6115675	8.571689
727133710	ACC	-0.74416786	4.640281	8.586046
727133719	ACC	-0.7585248	4.6354957	8.581261
727133729	ACC	-0.74895346	4.6211386	8.576474
727133738	ACC	-0.7393822	4.616353	8.590832
727133748	ACC	-0.7537391	4.601996	8.619545
727133757	ACC	-0.76331043	4.6259246	8.65783
727133767	ACC	-0.7680961	4.6354957	8.681759
727133776	ACC	-0.78723866	4.6259246	8.667402
727133786	ACC	-0.7680961	4.6115675	8.629117
727133795	ACC	-0.77766734	4.592425	8.614759
727133805	ACC	-0.7537391	4.606782	8.590832
727133814	ACC	-0.76331043	4.616353	8.566903
727133824	ACC	-0.77766734	4.5876393	8.586046
727133833	ACC	-0.77766734	4.5876393	8.576474
727133843	ACC	-0.7968099	4.6115675	8.566903
727133852	ACC	-0.7680961	4.6642094	8.581261
727133862	ACC	-0.7728817	4.63071	8.581261
727133871	ACC	-0.7537391	4.5972104	8.595617
727133881	ACC	-0.7298109	4.5732822	8.619545
727133890	ACC	-0.7106683	4.5541396	8.624331
727133900	ACC	-0.7106683	4.549354	8.586046
727133909	ACC	-0.72023964	4.5876393	8.562118
727133919	ACC	-0.701097	4.592425	8.571689
727133928	ACC	-0.6963114	4.5876393	8.595617
727133938	ACC	-0.715454	4.5972104	8.614759
727133947	ACC	-0.7680961	4.601996	8.629117
727133957	ACC	-0.78723866	4.616353	8.648259
727133966	ACC	-0.7920243	4.6115675	8.672188
727133976	ACC	-0.7968099	4.616353	8.667402
727133985	ACC	-0.74895346	4.6115675	8.65783
727133995	ACC	-0.77766734	4.6115675	8.676973
727134004	ACC	-0.76331043	4.6211386	8.648259
727134014	ACC	-0.7585248	4.6211386	8.633903
727134023	ACC	-0.7585248	4.5684967	8.619545
727134033	ACC	-0.74416786	4.558925	8.586046
727134042	ACC	-0.7106683	4.563711	8.533403
727134052	ACC	-0.7298109	4.558925	8.519047
727134061	ACC	-0.74895346	4.5732822	8.495118
727134071	ACC	-0.7585248	4.5684967	8.514261
727134080	ACC	-0.74895346	4.578068	8.499905
727134090	ACC	-0.73459655	4.5732822	8.514261
727134099	ACC	-0.7298109	4.592425	8.533403
727134109	ACC	-0.7585248	4.601996	8.595617
727134118	ACC	-0.77766734	4.582854	8.624331
727134128	ACC	-0.76331043	4.5732822	8.662616
727134137	ACC	-0.7298109	4.582854	8.662616
727134147	ACC	-0.7585248	4.5972104	8.672188
727134156	ACC	-0.74416786	4.592425	8.667402
727134166	ACC	-0.72502524	4.5732822	8.65783
727134175	ACC	-0.70588267	4.549354	8.676973
727134185	ACC	-0.74895346	4.582854	8.667402
727134194	ACC	-0.7585248	4.578068	8.609974
727134204	ACC	-0.782453	4.549354	8.629117
727134213	ACC	-0.782453	4.549354	8.643474
727134223	ACC	-0.7920243	4.558925	8.638688
727134232	ACC	-0.7728817	4.5732822	8.643474
727134242	ACC	-0.78723866	4.558925	8.638688
727134251	ACC	-0.782453	4.5684967	8.614759
727134261	ACC	-0.7537391	4.578068	8.571689
727134270	ACC	-0.7393822	4.563711	8.581261
727134280	ACC	-0.72502524	4.549354	8.562118
727134289	ACC	-0.701097	4.5684967	8.595617
727134299	ACC	-0.7106683	4.563711	8.595617
727134308	ACC	-0.7393822	4.578068	8.590832
727134318	ACC	-0.74416786	4.549354	8.590832
727134327	ACC	-0.7537391	4.5684967	8.595617
727134337	ACC	-0.74895346	4.563711	8.629117
727134346	ACC	-0.74895346	4.5684967	8.633903
727134356	ACC	-0.7728817	4.5541396	8.624331
727134365	ACC	-0.7728817	4.5732822	8.600403
727134375	ACC	-0.782453	4.563711	8.581261
727134384	ACC	-0.73459655	4.5541396	8.614759
727134394	ACC	-0.7393822	4.558925	8.629117
727134403	ACC	-0.7537391	4.563711	8.624331
727134413	ACC	-0.7585248	4.578068	8.638688
727134422	ACC	-0.7298109	4.582854	8.676973
727134432	ACC	-0.7298109	4.5732822	8.739186
727134441	ACC	-0.73459655	4.534997	8.753544
727134451	ACC	-0.7298109	4.534997	8.667402
727134460	ACC	-0.72502524	4.5206404	8.748757
727134470	ACC	-0.7728817	4.534997	8.681759
727134479	ACC	-0.8255238	4.5397825	8.648259
727134489	ACC	-0.7968099	4.5014977	8.667402
727134498	ACC	-0.76331043	4.5158544	8.653045
727134508	ACC	-0.7106683	4.5158544	8.681759
727134517	ACC	-0.7393822	4.534997	8.700901
727134527	ACC	-0.7298109	4.5732822	8.638688
727134536	ACC	-0.74895346	4.5541396	8.643474
727134546	ACC	-0.7585248	4.511069	8.595617
727134555	ACC	-0.72502524	4.5206404	8.586046
727134565	ACC	-0.6963114	4.5397825	8.629117
727134574	ACC	-0.70588267	4.558925	8.595617
727134584	ACC	-0.7106683	4.5732822	8.624331
727134593	ACC	-0.7728817	4.5732822	8.600403
727134603	ACC	-0.72023964	4.5397825	8.538189
727134612	ACC	-0.6963114	4.5206404	8.490333
727134622	ACC	-0.69152576	4.563711	8.547761
727134631	ACC	-0.7298109	4.5445685	8.638688
727134641	ACC	-0.8350951	4.5397825	8.65783
727134650	ACC	-0.91166544	4.5206404	8.6961155
727134660	ACC	-0.9164511	4.491926	8.734401
727134669	ACC	-0.9164511	4.5014977	8.705687
727134679	ACC	-0.7728817	4.5397825	8.662616
727134688	ACC	-0.715454	4.606782	8.609974
727134698	ACC	-0.7968099	4.6546383	8.5525465
727134707	ACC	-0.8781659	4.6785665	8.461619
727134717	ACC	-0.8446664	4.6689954	8.442476
727134726	ACC	-0.7728817	4.7024946	8.452047
727134736	ACC	-0.8781659	4.8269215	8.413763
727134745	ACC	-0.74895346	4.63071	8.251051
727134755	ACC	-0.46181476	4.5062833	8.7679
727134764	ACC	-0.48095736	4.563711	8.839685
727134774	ACC	-0.5240282	4.5397825	8.576474
727134783	ACC	-0.6197411	4.5541396	8.566903
727134793	ACC	-0.69152576	4.5158544	8.662616
727134802	ACC	-0.73459655	4.5445685	8.720044
727134812	ACC	-0.70588267	4.5876393	8.681759
727134821	ACC	-0.6867401	4.6211386	8.65783
727134831	ACC	-0.64845496	4.6259246	8.686544
727134840	ACC	-0.63888365	4.6211386	8.681759
727134850	ACC	-0.6867401	4.6498528	8.643474
727134859	ACC	-0.76331043	4.6689954	8.667402
727134869	ACC	-0.76331043	4.6211386	8.700901
727134878	ACC	-0.73459655	4.578068	8.69133
727134888	ACC	-0.6963114	4.5206404	8.743972
727134897	ACC	-0.70588267	4.525426	8.743972
727134907	ACC	-0.72502524	4.5684967	8.681759
727134916	ACC	-0.7298109	4.606782	8.609974
727134926	ACC	-0.70588267	4.5684967	8.581261
727134935	ACC	-0.66759753	4.5541396	8.50469
727134945	ACC	-0.65324056	4.5732822	8.452047
727134954	ACC	-0.66759753	4.5732822	8.42812
727134964	ACC	-0.66759753	4.592425	8.432905
727134973	ACC	-0.634098	4.5972104	8.480762
727134983	ACC	-0.6436693	4.6546383	8.566903
727134992	ACC	-0.61016977	4.6498528	8.595617
727135002	ACC	-0.60059845	4.6642094	8.643474
727135011	ACC	-0.5766702	4.6211386	8.667402
727135021	ACC	-0.6197411	4.6259246	8.643474
727135030	ACC	-0.6580262	4.6450667	8.590832
727135040	ACC	-0.6436693	4.683352	8.562118
727135049	ACC	-0.6197411	4.712066	8.557332
727135059	ACC	-0.6436693	4.7024946	8.523832
727135068	ACC	-0.6436693	4.6642094	8.485547
727135078	ACC	-0.62931234	4.6498528	8.495118
727135087	ACC	-0.6436693	4.6450667	8.581261
727135097	ACC	-0.68195444	4.6498528	8.672188
727135106	ACC	-0.6963114	4.6546383	8.710473
727135116	ACC	-0.701097	4.6498528	8.715259
727135125	ACC	-0.6628119	4.6689954	8.720044
727135135	ACC	-0.63888365	4.6546383	8.710473
727135144	ACC	-0.6053841	4.6642094	8.720044
727135154	ACC	-0.64845496	4.6785665	8.69133
727135163	ACC	-0.68195444	4.7216372	8.590832
727135173	ACC	-0.72023964	4.7168517	8.519047
727135182	ACC	-0.70588267	4.7455654	8.452047
727135192	ACC	-0.66759753	4.755137	8.375478
727135201	ACC	-0.6723832	4.7359943	8.351549
727135211	ACC	-0.6628119	4.755137	8.337193
727135220	ACC	-0.6628119	4.7599225	8.365906
727135230	ACC	-0.65324056	4.7455654	8.3994055
727135239	ACC	-0.701097	4.7455654	8.375478
727135249	ACC	-0.701097	4.764708	8.442476
727135258	ACC	-0.6867401	4.755137	8.499905
727135268	ACC	-0.6723832	4.726423	8.571689
727135277	ACC	-0.6771688	4.7024946	8.624331
727135287	ACC	-0.715454	4.7216372	8.619545
727135296	ACC	-0.7298109	4.7216372	8.605188
727135306	ACC	-0.701097	4.726423	8.562118
727135315	ACC	-0.6723832	4.70728	8.5525465
727135325	ACC	-0.6580262	4.712066	8.5525465
727135334	ACC	-0.65324056	4.697709	8.571689
727135344	ACC	-0.64845496	4.6929235	8.600403
727135353	ACC	-0.6628119	4.697709	8.624331
727135363	ACC	-0.64845496	4.659424	8.595617
727135372	ACC	-0.62452674	4.659424	8.571689
727135382	ACC	-0.64845496	4.673781	8.547761
727135391	ACC	-0.6580262	4.6546383	8.514261
727135401	ACC	-0.6963114	4.673781	8.495118
727135410	ACC	-0.72023964	4.6689954	8.466405
727135420	ACC	-0.70588267	4.6689954	8.437691
727135429	ACC	-0.68195444	4.683352	8.475976
727135439	ACC	-0.7106683	4.731209	8.47119
727135448	ACC	-0.715454	4.74078	8.480762
727135458	ACC	-0.7106683	4.7168517	8.514261
727135467	ACC	-0.66759753	4.7168517	8.533403
727135477	ACC	-0.62452674	4.731209	8.571689
727135486	ACC	-0.63888365	4.74078	8.629117
727135496	ACC	-0.64845496	4.7455654	8.65783
727135505	ACC	-0.63888365	4.7359943	8.653045
727135515	ACC	-0.64845496	4.755137	8.624331
727135524	ACC	-0.63888365	4.7599225	8.590832
727135534	ACC	-0.6436693	4.7455654	8.557332
727135543	ACC	-0.64845496	4.726423	8.523832
727135553	ACC	-0.6963114	4.755137	8.456834
727135562	ACC	-0.70588267	4.755137	8.456834
727135572	ACC	-0.6628119	4.726423	8.47119
727135581	ACC	-0.61016977	4.697709	8.519047
727135591	ACC	-0.61016977	4.6785665	8.50469
727135600	ACC	-0.6149554	4.70728	8.514261
727135610	ACC	-0.6580262	4.74078	8.533403
727135619	ACC	-0.6723832	4.7838507	8.542975
727135629	ACC	-0.65324056	4.7838507	8.542975
727135638	ACC	-0.62452674	4.7838507	8.571689
727135648	ACC	-0.6580262	4.7694936	8.605188
727135657	ACC	-0.6963114	4.807779	8.586046
727135667	ACC	-0.7298109	4.7982078	8.5525465
727135676	ACC	-0.6963114	4.7982078	8.519047
727135686	ACC	-0.68195444	4.7982078	8.514261
727135695	ACC	-0.66759753	4.7934217	8.50469
727135705	ACC	-0.66759753	4.7934217	8.490333
727135714	ACC	-0.66759753	4.788636	8.47119
727135724	ACC	-0.6867401	4.764708	8.452047
727135733	ACC	-0.6867401	4.7359943	8.452047
727135743	ACC	-0.6723832	4.7599225	8.466405
727135752	ACC	-0.65324056	4.7216372	8.466405
727135762	ACC	-0.6149554	4.731209	8.495118
727135771	ACC	-0.6580262	4.74078	8.514261
727135781	ACC	-0.715454	4.7599225	8.50469
727135790	ACC	-0.7106683	4.731209	8.5525465
727135800	ACC	-0.70588267	4.712066	8.600403
727135809	ACC	-0.6723832	4.7216372	8.619545
727135819	ACC	-0.6436693	4.750351	8.609974
727135828	ACC	-0.64845496	4.7694936	8.624331
727135838	ACC	-0.65324056	4.779065	8.595617
727135847	ACC	-0.6197411	4.764708	8.571689
727135857	ACC	-0.60059845	4.7216372	8.586046
727135866	ACC	-0.5814559	4.7024946	8.571689
727135876	ACC	-0.61016977	4.712066	8.576474
727135885	ACC	-0.6580262	4.74078	8.586046
727135895	ACC	-0.68195444	4.764708	8.519047
727135904	ACC	-0.6723832	4.755137	8.456834
727135914	ACC	-0.68195444	4.7934217	8.42812
727135923	ACC	-0.70588267	4.7982078	8.42812
727135933	ACC	-0.69152576	4.807779	8.475976
727135942	ACC	-0.6628119	4.7599225	8.614759
727135952	ACC	-0.701097	4.755137	8.753544
727135961	ACC	-0.7106683	4.755137	8.772686
