727260251	ACC	-0.5910272	2.9365916	9.313464
727260261	ACC	-0.61016977	2.9605198	9.313464
727260270	ACC	-0.5814559	2.9557343	9.313464
727260280	ACC	-0.5383851	2.9605198	9.303893
727260289	ACC	-0.5288138	2.9748766	9.2895355
727260299	ACC	-0.5383851	2.984448	9.275179
727260308	ACC	-0.51445687	2.9605198	9.256036
727260318	ACC	-0.5288138	2.9413772	9.28475
727260327	ACC	-0.5288138	2.9030921	9.342177
727260337	ACC	-0.5240282	2.8552356	9.385248
727260346	ACC	-0.5192425	2.8313074	9.390035
727260356	ACC	-0.51445687	2.8169506	9.39482
727260365	ACC	-0.53359944	2.85045	9.413962
727260375	ACC	-0.5383851	2.8456643	9.413962
727260384	ACC	-0.552742	2.8935208	9.418748
727260394	ACC	-0.5479564	2.8935208	9.380463
727260403	ACC	-0.51445687	2.9126635	9.370892
727260413	ACC	-0.50488555	2.9270203	9.366106
727260422	ACC	-0.5288138	2.9365916	9.342177
727260432	ACC	-0.552742	2.9413772	9.294321
727260441	ACC	-0.5479564	2.9365916	9.294321
727260451	ACC	-0.51445687	2.9222345	9.246465
727260460	ACC	-0.485743	2.888735	9.31825
727260470	ACC	-0.5240282	2.8935208	9.370892
727260479	ACC	-0.5240282	2.8313074	9.433105
727260489	ACC	-0.54317075	2.836093	9.480962
727260498	ACC	-0.55752766	2.864807	9.442677
727260508	ACC	-0.552742	2.8600214	9.3613205
727260517	ACC	-0.5623133	2.8600214	9.346964
727260527	ACC	-0.567099	2.8791637	9.31825
727260536	ACC	-0.5814559	2.8983064	9.2895355
727260546	ACC	-0.58624154	2.888735	9.2895355
727260555	ACC	-0.5479564	2.8839495	9.313464
727260565	ACC	-0.5623133	2.888735	9.342177
727260574	ACC	-0.5766702	2.8983064	9.346964
727260584	ACC	-0.5623133	2.9030921	9.342177
727260593	ACC	-0.552742	2.8935208	9.351749
727260603	ACC	-0.55752766	2.8695927	9.346964
727260612	ACC	-0.5766702	2.8839495	9.356535
727260622	ACC	-0.58624154	2.9126635	9.337392
727260631	ACC	-0.5814559	2.8983064	9.303893
727260641	ACC	-0.60059845	2.8695927	9.346964
727260650	ACC	-0.5814559	2.8456643	9.346964
727260660	ACC	-0.5766702	2.85045	9.342177
727260669	ACC	-0.5766702	2.864807	9.337392
727260679	ACC	-0.5910272	2.8695927	9.346964
727260688	ACC	-0.57188463	2.864807	9.366106
727260698	ACC	-0.567099	2.8456643	9.385248
727260707	ACC	-0.5814559	2.8552356	9.399606
727260717	ACC	-0.5766702	2.8552356	9.399606
727260726	ACC	-0.5766702	2.8600214	9.370892
727260736	ACC	-0.5766702	2.864807	9.342177
727260745	ACC	-0.5623133	2.864807	9.332606
727260755	ACC	-0.57188463	2.864807	9.31825
727260764	ACC	-0.567099	2.8695927	9.303893
727260774	ACC	-0.5766702	2.864807	9.308679
727260783	ACC	-0.5814559	2.8456643	9.313464
727260793	ACC	-0.5766702	2.8600214	9.332606
727260802	ACC	-0.5479564	2.8456643	9.370892
727260812	ACC	-0.5814559	2.85045	9.39482
727260821	ACC	-0.552742	2.8600214	9.428319
727260831	ACC	-0.5623133	2.8408787	9.437891
727260840	ACC	-0.567099	2.8265216	9.418748
727260850	ACC	-0.58624154	2.836093	9.409177
727260859	ACC	-0.60059845	2.8600214	9.370892
727260869	ACC	-0.6053841	2.864807	9.337392
727260878	ACC	-0.60059845	2.8600214	9.31825
727260888	ACC	-0.5910272	2.8695927	9.323035
727260897	ACC	-0.5814559	2.864807	9.332606
727260907	ACC	-0.5814559	2.8695927	9.323035
727260916	ACC	-0.5910272	2.8791637	9.313464
727260926	ACC	-0.5766702	2.864807	9.3613205
727260935	ACC	-0.55752766	2.8695927	9.366106
727260945	ACC	-0.567099	2.8600214	9.375677
727260954	ACC	-0.5766702	2.8552356	9.370892
727260964	ACC	-0.5814559	2.836093	9.370892
727260973	ACC	-0.5814559	2.8313074	9.375677
727260983	ACC	-0.59581286	2.8408787	9.380463
727260992	ACC	-0.5814559	2.8552356	9.366106
727261002	ACC	-0.57188463	2.8600214	9.3613205
727261011	ACC	-0.6053841	2.8695927	9.342177
727261021	ACC	-0.62452674	2.8600214	9.342177
727261030	ACC	-0.63888365	2.8743782	9.351749
727261040	ACC	-0.62931234	2.85045	9.356535
727261049	ACC	-0.6580262	2.8839495	9.370892
727261059	ACC	-0.6628119	2.8695927	9.370892
727261068	ACC	-0.66759753	2.8839495	9.323035
727261078	ACC	-0.6436693	2.8791637	9.31825
727261087	ACC	-0.6197411	2.85045	9.323035
727261097	ACC	-0.61016977	2.821736	9.323035
727261106	ACC	-0.5910272	2.836093	9.337392
727261116	ACC	-0.57188463	2.821736	9.332606
727261125	ACC	-0.5479564	2.8169506	9.332606
727261135	ACC	-0.54317075	2.8265216	9.375677
727261144	ACC	-0.5766702	2.85045	9.385248
727261154	ACC	-0.6053841	2.8600214	9.390035
727261163	ACC	-0.60059845	2.8791637	9.399606
727261173	ACC	-0.6149554	2.8839495	9.418748
727261182	ACC	-0.61016977	2.8935208	9.390035
727261192	ACC	-0.6053841	2.8839495	9.366106
727261201	ACC	-0.5910272	2.8983064	9.3613205
727261211	ACC	-0.60059845	2.85045	9.351749
727261220	ACC	-0.59581286	2.836093	9.342177
727261230	ACC	-0.63888365	2.8839495	9.346964
727261239	ACC	-0.61016977	2.8743782	9.323035
727261249	ACC	-0.6053841	2.8600214	9.337392
727261258	ACC	-0.6197411	2.8456643	9.346964
727261268	ACC	-0.634098	2.8743782	9.346964
727261277	ACC	-0.6436693	2.888735	9.31825
727261287	ACC	-0.634098	2.8600214	9.308679
727261296	ACC	-0.60059845	2.8600214	9.303893
727261306	ACC	-0.59581286	2.8743782	9.299107
727261315	ACC	-0.61016977	2.888735	9.327821
727261325	ACC	-0.62931234	2.8743782	9.346964
727261334	ACC	-0.63888365	2.8791637	9.342177
727261344	ACC	-0.62452674	2.864807	9.346964
727261353	ACC	-0.63888365	2.888735	9.366106
727261363	ACC	-0.66759753	2.888735	9.380463
727261372	ACC	-0.6771688	2.8791637	9.366106
727261382	ACC	-0.66759753	2.8791637	9.332606
727261391	ACC	-0.63888365	2.8935208	9.303893
727261401	ACC	-0.6197411	2.8552356	9.31825
727261410	ACC	-0.61016977	2.864807	9.337392
727261420	ACC	-0.6197411	2.8695927	9.337392
727261429	ACC	-0.634098	2.8695927	9.332606
727261439	ACC	-0.62931234	2.8791637	9.351749
727261448	ACC	-0.62452674	2.8600214	9.3613205
727261458	ACC	-0.6197411	2.8456643	9.380463
727261467	ACC	-0.62452674	2.8313074	9.375677
727261477	ACC	-0.6436693	2.8552356	9.366106
727261486	ACC	-0.63888365	2.8695927	9.332606
727261496	ACC	-0.62931234	2.8552356	9.370892
727261505	ACC	-0.6436693	2.85045	9.366106
727261515	ACC	-0.634098	2.864807	9.332606
727261524	ACC	-0.6149554	2.8743782	9.337392
727261534	ACC	-0.6197411	2.8456643	9.337392
727261543	ACC	-0.61016977	2.8408787	9.3613205
727261553	ACC	-0.6149554	2.8743782	9.356535
727261562	ACC	-0.62452674	2.8600214	9.346964
727261572	ACC	-0.6197411	2.8456643	9.356535
727261581	ACC	-0.62931234	2.8600214	9.385248
727261591	ACC	-0.6580262	2.8552356	9.323035
727261600	ACC	-0.6436693	2.8695927	9.31825
727261610	ACC	-0.634098	2.8743782	9.323035
727261619	ACC	-0.6628119	2.8791637	9.351749
727261629	ACC	-0.64845496	2.8839495	9.370892
727261638	ACC	-0.65324056	2.8839495	9.356535
727261648	ACC	-0.64845496	2.8791637	9.380463
727261657	ACC	-0.634098	2.8695927	9.39482
727261667	ACC	-0.62931234	2.864807	9.390035
727261676	ACC	-0.634098	2.8695927	9.366106
727261686	ACC	-0.6436693	2.8695927	9.337392
727261695	ACC	-0.634098	2.8552356	9.303893
727261705	ACC	-0.6197411	2.8552356	9.323035
727261714	ACC	-0.6149554	2.8456643	9.323035
727261724	ACC	-0.63888365	2.85045	9.327821
727261733	ACC	-0.62452674	2.8600214	9.337392
727261743	ACC	-0.61016977	2.8456643	9.370892
727261752	ACC	-0.62452674	2.8600214	9.346964
727261762	ACC	-0.6149554	2.864807	9.337392
727261771	ACC	-0.63888365	2.8743782	9.346964
727261781	ACC	-0.634098	2.864807	9.327821
727261790	ACC	-0.6436693	2.8600214	9.370892
727261800	ACC	-0.62931234	2.8743782	9.351749
727261809	ACC	-0.6436693	2.8695927	9.356535
727261819	ACC	-0.66759753	2.8695927	9.375677
727261828	ACC	-0.6867401	2.85045	9.385248
727261838	ACC	-0.6867401	2.8695927	9.399606
727261847	ACC	-0.6723832	2.8695927	9.39482
727261857	ACC	-0.6771688	2.864807	9.375677
727261866	ACC	-0.6867401	2.8791637	9.313464
727261876	ACC	-0.6580262	2.864807	9.303893
727261885	ACC	-0.634098	2.8695927	9.303893
727261895	ACC	-0.6580262	2.8743782	9.342177
727261904	ACC	-0.63888365	2.8456643	9.356535
727261914	ACC	-0.634098	2.8456643	9.308679
727261923	ACC	-0.61016977	2.8408787	9.308679
727261933	ACC	-0.59581286	2.8695927	9.351749
727261942	ACC	-0.58624154	2.8552356	9.351749
727261952	ACC	-0.62452674	2.8791637	9.351749
727261961	ACC	-0.62452674	2.864807	9.370892
727261971	ACC	-0.63888365	2.864807	9.409177
727261980	ACC	-0.634098	2.8839495	9.418748
727261990	ACC	-0.6628119	2.8743782	9.409177
727261999	ACC	-0.6580262	2.8552356	9.380463
727262009	ACC	-0.6628119	2.836093	9.380463
727262018	ACC	-0.66759753	2.85045	9.346964
727262028	ACC	-0.63888365	2.8695927	9.31825
727262037	ACC	-0.6197411	2.8695927	9.313464
727262047	ACC	-0.64845496	2.8600214	9.342177
727262056	ACC	-0.634098	2.8791637	9.337392
727262066	ACC	-0.634098	2.8552356	9.303893
727262075	ACC	-0.634098	2.8552356	9.313464
727262085	ACC	-0.62931234	2.8552356	9.332606
727262094	ACC	-0.62931234	2.8695927	9.346964
727262104	ACC	-0.6053841	2.8839495	9.346964
727262113	ACC	-0.62931234	2.8600214	9.337392
727262123	ACC	-0.64845496	2.8695927	9.332606
727262132	ACC	-0.6580262	2.8695927	9.346964
727262142	ACC	-0.68195444	2.888735	9.342177
727262151	ACC	-0.6436693	2.864807	9.337392
727262161	ACC	-0.6771688	2.8600214	9.39482
727262170	ACC	-0.701097	2.888735	9.366106
727262180	ACC	-0.6963114	2.9030921	9.332606
727262189	ACC	-0.64845496	2.8743782	9.303893
727262199	ACC	-0.62452674	2.8695927	9.31825
727262208	ACC	-0.62931234	2.8791637	9.356535
727262218	ACC	-0.63888365	2.8695927	9.370892
727262227	ACC	-0.65324056	2.8552356	9.366106
727262236	ACC	-0.634098	2.85045	9.342177
727262246	ACC	-0.6436693	2.85045	9.351749
727262255	ACC	-0.6580262	2.836093	9.3613205
727262265	ACC	-0.6580262	2.8552356	9.3613205
727262274	ACC	-0.6723832	2.8695927	9.366106
727262284	ACC	-0.6580262	2.8600214	9.366106
727262293	ACC	-0.64845496	2.836093	9.3613205
727262303	ACC	-0.64845496	2.8695927	9.346964
727262312	ACC	-0.62452674	2.8552356	9.332606
727262322	ACC	-0.62452674	2.8552356	9.323035
727262331	ACC	-0.62452674	2.8552356	9.31825
727262341	ACC	-0.6197411	2.8552356	9.337392
727262350	ACC	-0.63888365	2.8456643	9.351749
727262360	ACC	-0.634098	2.864807	9.366106
727262369	ACC	-0.6436693	2.8695927	9.356535
727262379	ACC	-0.62452674	2.8791637	9.346964
727262388	ACC	-0.62931234	2.8408787	9.370892
727262398	ACC	-0.65324056	2.864807	9.3613205
727262407	ACC	-0.6723832	2.864807	9.342177
727262417	ACC	-0.6771688	2.8600214	9.337392
727262426	ACC	-0.65324056	2.836093	9.337392
727262436	ACC	-0.6580262	2.8935208	9.370892
727262445	ACC	-0.63888365	2.8743782	9.385248
727262455	ACC	-0.63888365	2.8552356	9.351749
727262464	ACC	-0.6436693	2.8743782	9.351749
727262474	ACC	-0.64845496	2.888735	9.346964
727262483	ACC	-0.63888365	2.8695927	9.3613205
727262493	ACC	-0.6580262	2.8600214	9.370892
727262502	ACC	-0.6628119	2.8695927	9.380463
727262512	ACC	-0.6723832	2.8600214	9.370892
727262521	ACC	-0.6628119	2.8408787	9.351749
727262531	ACC	-0.6580262	2.85045	9.332606
727262540	ACC	-0.6723832	2.8456643	9.31825
727262550	ACC	-0.6867401	2.85045	9.31825
727262559	ACC	-0.66759753	2.8600214	9.323035
727262569	ACC	-0.63888365	2.8743782	9.342177
727262578	ACC	-0.634098	2.864807	9.351749
727262588	ACC	-0.6197411	2.8600214	9.3613205
727262597	ACC	-0.6149554	2.8552356	9.356535
727262607	ACC	-0.62931234	2.864807	9.3613205
727262616	ACC	-0.62452674	2.85045	9.370892
727262626	ACC	-0.634098	2.8552356	9.375677
727262635	ACC	-0.6723832	2.8791637	9.370892
727262645	ACC	-0.66759753	2.864807	9.351749
727262654	ACC	-0.6580262	2.8552356	9.342177
727262664	ACC	-0.62931234	2.8695927	9.3613205
727262673	ACC	-0.66759753	2.8695927	9.346964
727262683	ACC	-0.69152576	2.8743782	9.346964
727262692	ACC	-0.6867401	2.8600214	9.342177
727262702	ACC	-0.68195444	2.8695927	9.3613205
727262711	ACC	-0.6867401	2.8743782	9.39482
727262721	ACC	-0.68195444	2.8935208	9.346964
727262730	ACC	-0.68195444	2.888735	9.313464
727262740	ACC	-0.68195444	2.8839495	9.299107
727262749	ACC	-0.6436693	2.8743782	9.303893
727262759	ACC	-0.62452674	2.8743782	9.332606
727262768	ACC	-0.634098	2.8313074	9.342177
727262778	ACC	-0.6149554	2.8552356	9.332606
727262787	ACC	-0.6149554	2.85045	9.346964
727262797	ACC	-0.61016977	2.8456643	9.337392
727262806	ACC	-0.6197411	2.8552356	9.346964
727262816	ACC	-0.6436693	2.8695927	9.385248
727262825	ACC	-0.65324056	2.8743782	9.409177
727262835	ACC	-0.65324056	2.8695927	9.433105
727262844	ACC	-0.65324056	2.8791637	9.404391
727262854	ACC	-0.6580262	2.8552356	9.366106
727262863	ACC	-0.6436693	2.8791637	9.332606
727262873	ACC	-0.6580262	2.864807	9.313464
727262882	ACC	-0.66759753	2.864807	9.323035
727262892	ACC	-0.64845496	2.8695927	9.332606
727262901	ACC	-0.63888365	2.864807	9.366106
727262911	ACC	-0.6436693	2.8552356	9.351749
727262920	ACC	-0.63888365	2.8456643	9.351749
727262930	ACC	-0.64845496	2.85045	9.346964
727262939	ACC	-0.6628119	2.85045	9.342177
727262949	ACC	-0.65324056	2.8600214	9.356535
727262958	ACC	-0.6436693	2.85045	9.342177
727262968	ACC	-0.6436693	2.85045	9.31825
727262977	ACC	-0.63888365	2.8695927	9.2895355
727262987	ACC	-0.6771688	2.8839495	9.323035
727262996	ACC	-0.6723832	2.864807	9.346964
727263006	ACC	-0.6580262	2.8791637	9.366106
727263015	ACC	-0.66759753	2.8839495	9.3613205
727263025	ACC	-0.6628119	2.8791637	9.3613205
727263034	ACC	-0.6723832	2.888735	9.337392
727263044	ACC	-0.68195444	2.9030921	9.323035
727263053	ACC	-0.6771688	2.888735	9.327821
727263063	ACC	-0.65324056	2.8695927	9.346964
727263072	ACC	-0.62452674	2.836093	9.356535
727263082	ACC	-0.63888365	2.8313074	9.3613205
727263091	ACC	-0.63888365	2.85045	9.346964
727263101	ACC	-0.65324056	2.8552356	9.351749
727263110	ACC	-0.65324056	2.864807	9.356535
727263120	ACC	-0.65324056	2.8552356	9.342177
727263129	ACC	-0.6436693	2.8600214	9.356535
727263139	ACC	-0.64845496	2.864807	9.332606
727263148	ACC	-0.64845496	2.864807	9.342177
727263158	ACC	-0.6580262	2.8552356	9.39482
727263167	ACC	-0.65324056	2.8456643	9.3613205
727263177	ACC	-0.62931234	2.8552356	9.327821
727263186	ACC	-0.65324056	2.85045	9.351749
727263196	ACC	-0.6580262	2.8552356	9.342177
727263205	ACC	-0.62931234	2.8552356	9.332606
727263215	ACC	-0.6149554	2.8552356	9.346964
727263224	ACC	-0.63888365	2.8456643	9.3613205
727263234	ACC	-0.6580262	2.8552356	9.366106
727263243	ACC	-0.6723832	2.85045	9.346964
727263253	ACC	-0.6580262	2.8743782	9.3613205
727263262	ACC	-0.6436693	2.8408787	9.370892
727263272	ACC	-0.6628119	2.8456643	9.385248
727263281	ACC	-0.64845496	2.85045	9.370892
727263291	ACC	-0.634098	2.8695927	9.351749
727263300	ACC	-0.634098	2.8743782	9.3613205
727263310	ACC	-0.62452674	2.8839495	9.370892
727263319	ACC	-0.63888365	2.8839495	9.351749
727263329	ACC	-0.63888365	2.864807	9.337392
727263338	ACC	-0.61016977	2.8552356	9.346964
727263348	ACC	-0.6149554	2.8600214	9.346964
727263357	ACC	-0.634098	2.8552356	9.351749
727263367	ACC	-0.63888365	2.8552356	9.342177
727263376	ACC	-0.634098	2.864807	9.332606
727263386	ACC	-0.6197411	2.8408787	9.351749
727263395	ACC	-0.6197411	2.85045	9.356535
727263405	ACC	-0.6436693	2.85045	9.370892
727263414	ACC	-0.64845496	2.8552356	9.3613205
727263424	ACC	-0.6197411	2.8552356	9.3613205
727263433	ACC	-0.61016977	2.836093	9.375677
727263443	ACC	-0.6149554	2.797808	9.380463
727263452	ACC	-0.6053841	2.8313074	9.390035
727263462	ACC	-0.60059845	2.8408787	9.370892
727263471	ACC	-0.62452674	2.8408787	9.375677
727263481	ACC	-0.62931234	2.836093	9.356535
727263490	ACC	-0.62452674	2.8313074	9.356535
727263500	ACC	-0.62452674	2.8265216	9.351749
727263509	ACC	-0.6197411	2.8313074	9.366106
727263519	ACC	-0.62452674	2.8313074	9.356535
727263528	ACC	-0.59581286	2.8313074	9.337392
727263538	ACC	-0.5910272	2.8313074	9.323035
727263547	ACC	-0.59581286	2.8456643	9.342177
727263557	ACC	-0.60059845	2.85045	9.351749
727263566	ACC	-0.6149554	2.8265216	9.399606
727263576	ACC	-0.5910272	2.836093	9.399606
727263585	ACC	-0.59581286	2.8121648	9.390035
727263595	ACC	-0.59581286	2.821736	9.380463
727263604	ACC	-0.62931234	2.8265216	9.385248
727263614	ACC	-0.634098	2.8313074	9.375677
727263623	ACC	-0.65324056	2.836093	9.375677
727263633	ACC	-0.6436693	2.8456643	9.3613205
727263642	ACC	-0.64845496	2.8552356	9.351749
727263652	ACC	-0.6628119	2.8552356	9.337392
727263661	ACC	-0.6436693	2.85045	9.332606
727263671	ACC	-0.61016977	2.864807	9.303893
727263680	ACC	-0.60059845	2.8600214	9.332606
727263690	ACC	-0.60059845	2.8456643	9.346964
727263699	ACC	-0.5814559	2.797808	9.366106
727263709	ACC	-0.57188463	2.7930222	9.332606
727263718	ACC	-0.55752766	2.797808	9.375677
727263728	ACC	-0.54317075	2.8073792	9.409177
727263737	ACC	-0.54317075	2.8025935	9.447462
727263747	ACC	-0.5766702	2.821736	9.466604
727263756	ACC	-0.60059845	2.8408787	9.452248
727263766	ACC	-0.5814559	2.821736	9.404391
727263775	ACC	-0.58624154	2.8313074	9.399606
727263785	ACC	-0.59581286	2.8121648	9.366106
727263794	ACC	-0.59581286	2.8265216	9.346964
727263804	ACC	-0.61016977	2.8408787	9.351749
727263813	ACC	-0.5910272	2.8169506	9.346964
727263823	ACC	-0.5910272	2.8265216	9.3613205
727263832	ACC	-0.58624154	2.821736	9.3613205
727263842	ACC	-0.5623133	2.7930222	9.356535
727263851	ACC	-0.5814559	2.7930222	9.346964
727263861	ACC	-0.567099	2.797808	9.385248
727263870	ACC	-0.567099	2.8025935	9.390035
727263880	ACC	-0.552742	2.8121648	9.380463
727263889	ACC	-0.5479564	2.797808	9.380463
727263899	ACC	-0.5814559	2.8073792	9.346964
727263908	ACC	-0.57188463	2.8073792	9.346964
727263917	ACC	-0.5814559	2.8169506	9.351749
727263927	ACC	-0.60059845	2.821736	9.366106
727263936	ACC	-0.6149554	2.85045	9.380463
727263946	ACC	-0.62931234	2.8552356	9.385248
727263955	ACC	-0.6149554	2.8552356	9.370892
727263965	ACC	-0.5814559	2.8121648	9.375677
727263974	ACC	-0.6053841	2.8313074	9.370892
727263984	ACC	-0.5814559	2.836093	9.3613205
727263993	ACC	-0.58624154	2.8169506	9.370892
727264003	ACC	-0.5766702	2.8073792	9.356535
727264012	ACC	-0.57188463	2.8121648	9.366106
727264022	ACC	-0.5623133	2.797808	9.375677
727264031	ACC	-0.58624154	2.797808	9.385248
727264041	ACC	-0.5814559	2.797808	9.370892
727264050	ACC	-0.58624154	2.8073792	9.366106
727264060	ACC	-0.5814559	2.8025935	9.351749
727264069	ACC	-0.55752766	2.8025935	9.356535
727264079	ACC	-0.552742	2.797808	9.366106
727264088	ACC	-0.5623133	2.8169506	9.370892
727264098	ACC	-0.55752766	2.8313074	9.3613205
727264107	ACC	-0.55752766	2.8025935	9.375677
727264117	ACC	-0.552742	2.797808	9.370892
727264126	ACC	-0.5479564	2.8025935	9.3613205
727264136	ACC	-0.54317075	2.8073792	9.385248
727264145	ACC	-0.55752766	2.7882366	9.399606
727264155	ACC	-0.55752766	2.7930222	9.399606
727264164	ACC	-0.5479564	2.7930222	9.39482
727264174	ACC	-0.5479564	2.7834508	9.390035
727264183	ACC	-0.55752766	2.7834508	9.370892
727264193	ACC	-0.552742	2.7834508	9.385248
727264202	ACC	-0.54317075	2.7882366	9.385248
727264212	ACC	-0.55752766	2.8025935	9.366106
727264221	ACC	-0.55752766	2.797808	9.351749
727264231	ACC	-0.5623133	2.8073792	9.375677
727264240	ACC	-0.552742	2.8073792	9.385248
727264250	ACC	-0.53359944	2.7882366	9.409177
727264259	ACC	-0.5479564	2.7930222	9.39482
727264269	ACC	-0.53359944	2.8025935	9.385248
727264278	ACC	-0.5383851	2.797808	9.385248
727264288	ACC	-0.54317075	2.8121648	9.375677
727264297	ACC	-0.55752766	2.7834508	9.356535
727264307	ACC	-0.552742	2.8121648	9.366106
727264316	ACC	-0.552742	2.797808	9.370892
727264326	ACC	-0.552742	2.8025935	9.385248
727264335	ACC	-0.54317075	2.7786653	9.390035
727264345	ACC	-0.5479564	2.7834508	9.39482
727264354	ACC	-0.5479564	2.797808	9.366106
727264364	ACC	-0.552742	2.7834508	9.366106
727264373	ACC	-0.57188463	2.7930222	9.375677
727264383	ACC	-0.57188463	2.7882366	9.375677
727264392	ACC	-0.567099	2.7786653	9.385248
727264402	ACC	-0.5623133	2.7882366	9.375677
727264411	ACC	-0.567099	2.7882366	9.390035
727264421	ACC	-0.552742	2.7738798	9.380463
727264430	ACC	-0.54317075	2.7738798	9.385248
727264440	ACC	-0.54317075	2.7786653	9.380463
727264449	ACC	-0.5192425	2.7882366	9.380463
727264459	ACC	-0.5288138	2.769094	9.366106
727264468	ACC	-0.5288138	2.7834508	9.375677
727264478	ACC	-0.5192425	2.7738798	9.399606
727264487	ACC	-0.54317075	2.797808	9.404391
727264497	ACC	-0.567099	2.7882366	9.370892
727264506	ACC	-0.55752766	2.769094	9.3613205
727264516	ACC	-0.5623133	2.7786653	9.3613205
727264525	ACC	-0.58624154	2.7738798	9.370892
727264535	ACC	-0.5910272	2.7834508	9.390035
727264544	ACC	-0.59581286	2.7882366	9.418748
727264554	ACC	-0.58624154	2.7930222	9.423533
727264563	ACC	-0.59581286	2.7834508	9.366106
727264573	ACC	-0.59581286	2.7882366	9.332606
727264582	ACC	-0.59581286	2.8169506	9.294321
727264592	ACC	-0.5766702	2.8408787	9.313464
727264601	ACC	-0.54317075	2.8073792	9.337392
727264611	ACC	-0.53359944	2.7547371	9.399606
727264620	ACC	-0.5383851	2.7547371	9.409177
727264630	ACC	-0.53359944	2.7882366	9.413962
727264639	ACC	-0.50009996	2.7882366	9.409177
727264649	ACC	-0.50009996	2.7834508	9.423533
727264658	ACC	-0.5383851	2.769094	9.423533
727264668	ACC	-0.55752766	2.8025935	9.437891
727264677	ACC	-0.55752766	2.8265216	9.399606
727264687	ACC	-0.58624154	2.821736	9.399606
727264696	ACC	-0.5814559	2.8073792	9.390035
727264706	ACC	-0.59581286	2.7930222	9.366106
727264715	ACC	-0.58624154	2.8073792	9.346964
727264725	ACC	-0.5814559	2.8073792	9.366106
727264734	ACC	-0.567099	2.7930222	9.380463
727264744	ACC	-0.5766702	2.7930222	9.380463
727264753	ACC	-0.5623133	2.797808	9.390035
727264763	ACC	-0.552742	2.7834508	9.370892
727264772	ACC	-0.55752766	2.769094	9.3613205
727264782	ACC	-0.5383851	2.7834508	9.3613205
727264791	ACC	-0.5479564	2.7882366	9.385248
727264801	ACC	-0.54317075	2.7738798	9.385248
727264810	ACC	-0.5623133	2.7834508	9.385248
727264820	ACC	-0.57188463	2.8073792	9.356535
727264829	ACC	-0.58624154	2.821736	9.323035
727264839	ACC	-0.6053841	2.821736	9.342177
727264848	ACC	-0.61016977	2.8169506	9.375677
727264858	ACC	-0.6149554	2.8169506	9.370892
727264867	ACC	-0.6053841	2.836093	9.385248
727264877	ACC	-0.5814559	2.8169506	9.375677
727264886	ACC	-0.5814559	2.8073792	9.356535
727264896	ACC	-0.5623133	2.8121648	9.370892
727264905	ACC	-0.54317075	2.8121648	9.385248
727264915	ACC	-0.5479564	2.8073792	9.39482
727264924	ACC	-0.5623133	2.7834508	9.399606
727264934	ACC	-0.5479564	2.7786653	9.380463
727264943	ACC	-0.552742	2.7738798	9.385248
727264953	ACC	-0.567099	2.7738798	9.380463
727264962	ACC	-0.5910272	2.7786653	9.370892
727264972	ACC	-0.5766702	2.7882366	9.3613205
727264981	ACC	-0.58624154	2.7930222	9.346964
727264991	ACC	-0.567099	2.8073792	9.366106
727265000	ACC	-0.5814559	2.7930222	9.380463
727265010	ACC	-0.5766702	2.7882366	9.356535
727265019	ACC	-0.58624154	2.8121648	9.337392
727265029	ACC	-0.5766702	2.797808	9.375677
727265038	ACC	-0.57188463	2.8121648	9.375677
727265048	ACC	-0.5623133	2.7834508	9.39482
727265057	ACC	-0.57188463	2.7834508	9.404391
727265067	ACC	-0.5766702	2.797808	9.39482
727265076	ACC	-0.5910272	2.7930222	9.380463
727265086	ACC	-0.5814559	2.7930222	9.404391
727265095	ACC	-0.5910272	2.7834508	9.409177
727265105	ACC	-0.5766702	2.7882366	9.370892
727265114	ACC	-0.5814559	2.797808	9.375677
727265124	ACC	-0.57188463	2.8025935	9.370892
727265133	ACC	-0.5814559	2.797808	9.380463
727265143	ACC	-0.59581286	2.797808	9.39482
727265152	ACC	-0.59581286	2.8121648	9.399606
727265162	ACC	-0.5814559	2.7930222	9.342177
727265171	ACC	-0.57188463	2.7930222	9.342177
727265181	ACC	-0.59581286	2.7882366	9.380463
727265190	ACC	-0.5814559	2.8073792	9.3613205
727265200	ACC	-0.5766702	2.8073792	9.39482
727265209	ACC	-0.5766702	2.8073792	9.423533
727265219	ACC	-0.5814559	2.7930222	9.399606
727265228	ACC	-0.5814559	2.7786653	9.39482
727265238	ACC	-0.60059845	2.7834508	9.39482
727265247	ACC	-0.55752766	2.7786653	9.380463
727265257	ACC	-0.5814559	2.7643085	9.366106
727265266	ACC	-0.5814559	2.769094	9.375677
727265276	ACC	-0.5814559	2.769094	9.366106
727265285	ACC	-0.5766702	2.7834508	9.366106
727265295	ACC	-0.5814559	2.7738798	9.342177
727265304	ACC	-0.59581286	2.7595227	9.366106
727265314	ACC	-0.5814559	2.7786653	9.375677
727265323	ACC	-0.58624154	2.8121648	9.380463
727265333	ACC	-0.55752766	2.8025935	9.385248
727265342	ACC	-0.5623133	2.7738798	9.39482
727265352	ACC	-0.5623133	2.7930222	9.390035
727265361	ACC	-0.5623133	2.797808	9.380463
727265371	ACC	-0.5766702	2.7882366	9.390035
727265380	ACC	-0.59581286	2.7930222	9.399606
727265390	ACC	-0.59581286	2.797808	9.370892
727265399	ACC	-0.60059845	2.7930222	9.366106
727265409	ACC	-0.59581286	2.8073792	9.356535
727265418	ACC	-0.62931234	2.7930222	9.342177
727265428	ACC	-0.62452674	2.8025935	9.375677
727265437	ACC	-0.63888365	2.8073792	9.404391
727265447	ACC	-0.6053841	2.8025935	9.433105
727265456	ACC	-0.6197411	2.8073792	9.390035
727265466	ACC	-0.65324056	2.8121648	9.356535
727265475	ACC	-0.6197411	2.8313074	9.327821
727265485	ACC	-0.62931234	2.836093	9.31825
727265494	ACC	-0.5910272	2.8169506	9.337392
727265504	ACC	-0.5910272	2.7930222	9.3613205
727265513	ACC	-0.55752766	2.7643085	9.380463
727265523	ACC	-0.567099	2.769094	9.390035
727265532	ACC	-0.57188463	2.7834508	9.39482
727265542	ACC	-0.5623133	2.7738798	9.375677
727265551	ACC	-0.5814559	2.7882366	9.418748
727265561	ACC	-0.58624154	2.7930222	9.418748
727265570	ACC	-0.6197411	2.821736	9.437891
727265580	ACC	-0.6149554	2.8121648	9.409177
727265589	ACC	-0.61016977	2.8169506	9.390035
727265599	ACC	-0.6053841	2.8073792	9.346964
727265608	ACC	-0.6149554	2.8025935	9.346964
727265618	ACC	-0.60059845	2.7930222	9.356535
727265627	ACC	-0.5910272	2.797808	9.3613205
727265637	ACC	-0.5814559	2.8025935	9.366106
727265646	ACC	-0.60059845	2.769094	9.390035
727265656	ACC	-0.61016977	2.797808	9.399606
727265665	ACC	-0.5910272	2.7834508	9.380463
727265675	ACC	-0.59581286	2.7834508	9.3613205
727265684	ACC	-0.59581286	2.797808	9.356535
727265694	ACC	-0.60059845	2.8025935	9.356535
727265703	ACC	-0.59581286	2.7930222	9.346964
727265713	ACC	-0.60059845	2.797808	9.351749
727265722	ACC	-0.634098	2.8121648	9.342177
727265732	ACC	-0.62452674	2.836093	9.351749
727265741	ACC	-0.62931234	2.8265216	9.375677
727265751	ACC	-0.63888365	2.821736	9.39482
727265760	ACC	-0.62931234	2.8265216	9.375677
727265770	ACC	-0.6197411	2.8313074	9.366106
727265779	ACC	-0.62931234	2.836093	9.3613205
727265789	ACC	-0.62931234	2.821736	9.356535
727265798	ACC	-0.6053841	2.821736	9.370892
727265808	ACC	-0.58624154	2.797808	9.370892
727265817	ACC	-0.59581286	2.7930222	9.366106
727265827	ACC	-0.59581286	2.7834508	9.3613205
727265836	ACC	-0.5910272	2.7930222	9.380463
727265846	ACC	-0.62452674	2.7834508	9.390035
727265855	ACC	-0.60059845	2.769094	9.390035
727265865	ACC	-0.6053841	2.7834508	9.370892
727265874	ACC	-0.6197411	2.8025935	9.375677
727265884	ACC	-0.58624154	2.7930222	9.370892
727265893	ACC	-0.6149554	2.7882366	9.385248
727265903	ACC	-0.5910272	2.8073792	9.390035
727265912	ACC	-0.6053841	2.7882366	9.390035
727265922	ACC	-0.60059845	2.8025935	9.375677
727265931	ACC	-0.59581286	2.797808	9.351749
727265941	ACC	-0.5910272	2.821736	9.3613205
727265950	ACC	-0.60059845	2.8073792	9.380463
727265960	ACC	-0.60059845	2.797808	9.385248
727265969	ACC	-0.60059845	2.7834508	9.390035
727265979	ACC	-0.60059845	2.7882366	9.385248
727265988	ACC	-0.59581286	2.8073792	9.385248
727265998	ACC	-0.6149554	2.8073792	9.370892
727266007	ACC	-0.62452674	2.821736	9.370892
727266017	ACC	-0.62452674	2.8073792	9.370892
727266026	ACC	-0.60059845	2.8169506	9.356535
727266036	ACC	-0.60059845	2.7930222	9.356535
727266045	ACC	-0.62931234	2.8073792	9.366106
727266055	ACC	-0.62931234	2.8121648	9.375677
727266064	ACC	-0.6053841	2.8169506	9.375677
727266074	ACC	-0.59581286	2.797808	9.385248
727266083	ACC	-0.59581286	2.797808	9.380463
727266093	ACC	-0.61016977	2.8025935	9.356535
727266102	ACC	-0.6149554	2.7882366	9.375677
727266111	ACC	-0.6053841	2.7882366	9.39482
727266121	ACC	-0.5910272	2.7834508	9.399606
727266130	ACC	-0.61016977	2.797808	9.399606
727266140	ACC	-0.62452674	2.8121648	9.390035
727266149	ACC	-0.634098	2.8073792	9.375677
727266159	ACC	-0.63888365	2.7930222	9.356535
727266168	ACC	-0.61016977	2.7930222	9.342177
727266178	ACC	-0.62452674	2.7930222	9.351749
727266187	ACC	-0.59581286	2.7882366	9.366106
727266197	ACC	-0.60059845	2.7882366	9.375677
727266206	ACC	-0.60059845	2.7786653	9.399606
727266216	ACC	-0.6053841	2.7643085	9.399606
727266225	ACC	-0.59581286	2.7882366	9.413962
727266235	ACC	-0.5910272	2.797808	9.399606
727266244	ACC	-0.5910272	2.8025935	9.380463
727266254	ACC	-0.60059845	2.7930222	9.366106
727266263	ACC	-0.61016977	2.8169506	9.370892
727266273	ACC	-0.5910272	2.797808	9.370892
727266282	ACC	-0.59581286	2.8025935	9.375677
727266292	ACC	-0.61016977	2.7834508	9.399606
727266301	ACC	-0.6197411	2.797808	9.390035
727266311	ACC	-0.62931234	2.8073792	9.370892
727266320	ACC	-0.64845496	2.8025935	9.366106
727266330	ACC	-0.6436693	2.7930222	9.390035
727266339	ACC	-0.6580262	2.8313074	9.39482
727266349	ACC	-0.62452674	2.8025935	9.404391
727266358	ACC	-0.6436693	2.8121648	9.375677
727266368	ACC	-0.65324056	2.8169506	9.342177
727266377	ACC	-0.634098	2.821736	9.303893
727266387	ACC	-0.62931234	2.8265216	9.308679
727266396	ACC	-0.6149554	2.8169506	9.327821
727266406	ACC	-0.6053841	2.769094	9.351749
727266415	ACC	-0.57188463	2.7786653	9.39482
727266425	ACC	-0.57188463	2.769094	9.39482
727266434	ACC	-0.58624154	2.769094	9.390035
727266444	ACC	-0.60059845	2.7786653	9.423533
727266453	ACC	-0.61016977	2.7786653	9.423533
727266463	ACC	-0.61016977	2.7834508	9.433105
727266472	ACC	-0.634098	2.8121648	9.437891
727266482	ACC	-0.6197411	2.8073792	9.428319
727266491	ACC	-0.6197411	2.8265216	9.399606
727266501	ACC	-0.62452674	2.821736	9.366106
727266510	ACC	-0.6149554	2.8025935	9.346964
727266520	ACC	-0.6053841	2.8121648	9.332606
727266529	ACC	-0.61016977	2.8121648	9.332606
727266539	ACC	-0.58624154	2.8025935	9.366106
727266548	ACC	-0.59581286	2.7834508	9.385248
727266558	ACC	-0.5910272	2.7882366	9.390035
727266567	ACC	-0.59581286	2.7643085	9.39482
727266577	ACC	-0.60059845	2.7786653	9.380463
727266586	ACC	-0.6149554	2.7930222	9.366106
727266596	ACC	-0.62452674	2.8121648	9.366106
727266605	ACC	-0.6197411	2.8121648	9.346964
727266615	ACC	-0.60059845	2.8169506	9.346964
727266624	ACC	-0.62452674	2.8169506	9.346964
727266634	ACC	-0.62931234	2.8121648	9.346964
727266643	ACC	-0.634098	2.8313074	9.346964
727266653	ACC	-0.6436693	2.8265216	9.390035
727266662	ACC	-0.65324056	2.836093	9.39482
727266672	ACC	-0.6436693	2.821736	9.390035
727266681	ACC	-0.62931234	2.8121648	9.39482
727266691	ACC	-0.61016977	2.8121648	9.385248
727266700	ACC	-0.60059845	2.8025935	9.366106
727266710	ACC	-0.5766702	2.8025935	9.366106
727266719	ACC	-0.5766702	2.7882366	9.380463
727266729	ACC	-0.61016977	2.7738798	9.375677
727266738	ACC	-0.62452674	2.7930222	9.375677
727266748	ACC	-0.62452674	2.7834508	9.370892
727266757	ACC	-0.62452674	2.8025935	9.346964
727266767	ACC	-0.62452674	2.7930222	9.370892
727266776	ACC	-0.634098	2.7930222	9.356535
727266786	ACC	-0.62931234	2.8025935	9.399606
727266795	ACC	-0.62452674	2.7834508	9.39482
727266805	ACC	-0.62452674	2.7930222	9.370892
727266814	ACC	-0.6197411	2.8025935	9.380463
727266824	ACC	-0.60059845	2.7930222	9.366106
727266833	ACC	-0.58624154	2.797808	9.346964
727266843	ACC	-0.6053841	2.7930222	9.3613205
727266852	ACC	-0.60059845	2.7786653	9.385248
727266862	ACC	-0.61016977	2.7930222	9.390035
727266871	ACC	-0.62452674	2.797808	9.390035
727266881	ACC	-0.62931234	2.7882366	9.413962
727266890	ACC	-0.62931234	2.7882366	9.390035
727266900	ACC	-0.63888365	2.7738798	9.375677
727266909	ACC	-0.6197411	2.7930222	9.380463
727266919	ACC	-0.62931234	2.8025935	9.346964
727266928	ACC	-0.634098	2.8121648	9.337392
727266938	ACC	-0.62452674	2.8025935	9.356535
727266947	ACC	-0.63888365	2.8025935	9.366106
727266957	ACC	-0.6149554	2.7930222	9.385248
727266966	ACC	-0.61016977	2.7930222	9.390035
727266976	ACC	-0.6149554	2.797808	9.39482
727266985	ACC	-0.6149554	2.8025935	9.409177
727266995	ACC	-0.6053841	2.797808	9.390035
727267004	ACC	-0.59581286	2.7930222	9.356535
727267014	ACC	-0.6197411	2.7882366	9.366106
727267023	ACC	-0.6149554	2.7882366	9.3613205
727267033	ACC	-0.62452674	2.797808	9.380463
727267042	ACC	-0.6149554	2.7930222	9.375677
727267052	ACC	-0.6197411	2.7930222	9.385248
727267061	ACC	-0.634098	2.8073792	9.39482
727267071	ACC	-0.62452674	2.7786653	9.399606
727267080	ACC	-0.63888365	2.797808	9.404391
727267090	ACC	-0.62452674	2.769094	9.380463
727267099	ACC	-0.62452674	2.7786653	9.380463
727267109	ACC	-0.6053841	2.769094	9.356535
727267118	ACC	-0.6149554	2.7882366	9.370892
727267128	ACC	-0.634098	2.7882366	9.385248
727267137	ACC	-0.6149554	2.7834508	9.3613205
727267147	ACC	-0.6053841	2.797808	9.366106
727267156	ACC	-0.5910272	2.7882366	9.390035
727267166	ACC	-0.58624154	2.7786653	9.356535
727267175	ACC	-0.5910272	2.7738798	9.356535
727267185	ACC	-0.60059845	2.797808	9.370892
727267194	ACC	-0.5814559	2.7882366	9.3613205
727267204	ACC	-0.61016977	2.8025935	9.380463
727267213	ACC	-0.61016977	2.797808	9.375677
727267223	ACC	-0.59581286	2.8073792	9.375677
727267232	ACC	-0.6197411	2.797808	9.385248
727267242	ACC	-0.6436693	2.8025935	9.390035
727267251	ACC	-0.6771688	2.821736	9.399606
727267261	ACC	-0.6580262	2.7834508	9.3613205
727267270	ACC	-0.64845496	2.8073792	9.423533
727267280	ACC	-0.66759753	2.821736	9.418748
727267289	ACC	-0.6436693	2.8169506	9.342177
727267299	ACC	-0.65324056	2.821736	9.327821
727267308	ACC	-0.64845496	2.8456643	9.308679
727267318	ACC	-0.62931234	2.8552356	9.28475
727267327	ACC	-0.62931234	2.821736	9.308679
727267337	ACC	-0.5910272	2.7786653	9.3613205
727267346	ACC	-0.5623133	2.7547371	9.375677
727267356	ACC	-0.57188463	2.7547371	9.385248
727267365	ACC	-0.567099	2.7738798	9.418748
727267375	ACC	-0.60059845	2.7834508	9.447462
727267384	ACC	-0.6149554	2.7643085	9.433105
727267394	ACC	-0.63888365	2.7930222	9.461819
727267403	ACC	-0.64845496	2.8073792	9.428319
727267413	ACC	-0.634098	2.8121648	9.404391
727267422	ACC	-0.63888365	2.7882366	9.385248
727267432	ACC	-0.634098	2.8025935	9.342177
727267441	ACC	-0.62452674	2.8121648	9.327821
727267451	ACC	-0.63888365	2.797808	9.323035
727267460	ACC	-0.60059845	2.8025935	9.332606
727267470	ACC	-0.61016977	2.7930222	9.366106
727267479	ACC	-0.59581286	2.7882366	9.375677
727267489	ACC	-0.60059845	2.7738798	9.380463
727267498	ACC	-0.59581286	2.7738798	9.390035
727267508	ACC	-0.62931234	2.7643085	9.39482
727267517	ACC	-0.60059845	2.7834508	9.390035
727267527	ACC	-0.6149554	2.7882366	9.366106
727267536	ACC	-0.61016977	2.8025935	9.342177
727267546	ACC	-0.62452674	2.8265216	9.31825
727267555	ACC	-0.62931234	2.8313074	9.31825
727267565	ACC	-0.64845496	2.821736	9.346964
727267574	ACC	-0.64845496	2.8408787	9.370892
727267584	ACC	-0.63888365	2.8121648	9.399606
727267593	ACC	-0.63888365	2.8121648	9.428319
727267603	ACC	-0.6436693	2.8121648	9.442677
727267612	ACC	-0.62931234	2.8169506	9.413962
727267622	ACC	-0.63888365	2.8121648	9.375677
727267631	ACC	-0.60059845	2.8169506	9.346964
727267641	ACC	-0.5910272	2.8121648	9.337392
727267650	ACC	-0.61016977	2.7786653	9.342177
727267660	ACC	-0.62452674	2.7834508	9.351749
727267669	ACC	-0.6197411	2.8073792	9.366106
727267679	ACC	-0.62452674	2.7834508	9.385248
727267688	ACC	-0.63888365	2.7786653	9.404391
727267698	ACC	-0.62452674	2.7834508	9.404391
727267707	ACC	-0.62931234	2.8073792	9.399606
727267717	ACC	-0.6197411	2.8073792	9.39482
727267726	ACC	-0.6580262	2.8121648	9.3613205
727267736	ACC	-0.62931234	2.7882366	9.351749
727267745	ACC	-0.60059845	2.7882366	9.356535
727267755	ACC	-0.60059845	2.8121648	9.351749
727267764	ACC	-0.6149554	2.7930222	9.375677
727267774	ACC	-0.6053841	2.7930222	9.385248
727267783	ACC	-0.61016977	2.797808	9.390035
727267793	ACC	-0.6197411	2.8073792	9.409177
727267802	ACC	-0.61016977	2.7930222	9.380463
727267812	ACC	-0.634098	2.7834508	9.366106
727267821	ACC	-0.6436693	2.797808	9.366106
727267831	ACC	-0.634098	2.8025935	9.356535
727267840	ACC	-0.6197411	2.7930222	9.370892
727267850	ACC	-0.634098	2.8025935	9.370892
727267859	ACC	-0.62931234	2.8073792	9.385248
727267869	ACC	-0.6197411	2.8121648	9.380463
727267878	ACC	-0.6436693	2.8025935	9.366106
727267888	ACC	-0.6197411	2.8121648	9.399606
727267897	ACC	-0.6197411	2.8073792	9.39482
727267907	ACC	-0.62452674	2.7930222	9.3613205
727267916	ACC	-0.61016977	2.7834508	9.375677
727267926	ACC	-0.62452674	2.7882366	9.380463
727267935	ACC	-0.634098	2.7930222	9.3613205
727267945	ACC	-0.62452674	2.7930222	9.3613205
727267954	ACC	-0.6149554	2.7882366	9.375677
727267964	ACC	-0.63888365	2.7882366	9.380463
727267973	ACC	-0.6149554	2.8025935	9.370892
727267983	ACC	-0.6197411	2.7834508	9.385248
727267992	ACC	-0.63888365	2.7882366	9.385248
727268002	ACC	-0.63888365	2.7882366	9.375677
727268011	ACC	-0.6628119	2.7786653	9.380463
727268021	ACC	-0.6197411	2.7834508	9.380463
727268030	ACC	-0.62931234	2.7834508	9.380463
727268040	ACC	-0.63888365	2.7882366	9.375677
727268049	ACC	-0.6436693	2.7786653	9.370892
727268059	ACC	-0.634098	2.7786653	9.370892
727268068	ACC	-0.62931234	2.7786653	9.375677
727268078	ACC	-0.6053841	2.7786653	9.370892
727268087	ACC	-0.61016977	2.7834508	9.390035
727268097	ACC	-0.6053841	2.7930222	9.3613205
727268106	ACC	-0.62452674	2.7882366	9.366106
727268116	ACC	-0.6197411	2.7930222	9.351749
727268125	ACC	-0.60059845	2.7930222	9.3613205
727268135	ACC	-0.6053841	2.7930222	9.370892
727268144	ACC	-0.62931234	2.821736	9.409177
727268154	ACC	-0.62931234	2.8025935	9.39482
727268163	ACC	-0.62931234	2.8025935	9.385248
727268173	ACC	-0.6580262	2.8073792	9.385248
727268182	ACC	-0.6723832	2.8169506	9.380463
727268192	ACC	-0.6867401	2.8121648	9.370892
727268201	ACC	-0.66759753	2.8073792	9.375677
727268211	ACC	-0.6867401	2.8169506	9.370892
727268220	ACC	-0.6580262	2.8169506	9.351749
727268230	ACC	-0.6580262	2.8265216	9.303893
727268239	ACC	-0.64845496	2.821736	9.294321
727268249	ACC	-0.62931234	2.8313074	9.327821
727268258	ACC	-0.6149554	2.8073792	9.3613205
727268267	ACC	-0.60059845	2.797808	9.404391
727268277	ACC	-0.60059845	2.7547371	9.428319
727268286	ACC	-0.5766702	2.7882366	9.404391
727268296	ACC	-0.5910272	2.7786653	9.385248
727268305	ACC	-0.6053841	2.7930222	9.399606
727268315	ACC	-0.62931234	2.797808	9.404391
727268324	ACC	-0.64845496	2.7930222	9.433105
727268334	ACC	-0.6436693	2.7786653	9.428319
727268343	ACC	-0.64845496	2.7930222	9.428319
727268353	ACC	-0.62452674	2.7930222	9.39482
727268362	ACC	-0.6149554	2.7834508	9.3613205
727268372	ACC	-0.6197411	2.7930222	9.327821
727268381	ACC	-0.6197411	2.7930222	9.327821
727268391	ACC	-0.6149554	2.8169506	9.356535
727268400	ACC	-0.62931234	2.797808	9.390035
727268410	ACC	-0.6197411	2.7738798	9.385248
727268419	ACC	-0.6197411	2.7738798	9.385248
727268429	ACC	-0.6149554	2.7738798	9.39482
727268438	ACC	-0.6149554	2.769094	9.39482
727268448	ACC	-0.62452674	2.7882366	9.370892
727268457	ACC	-0.6197411	2.7882366	9.346964
727268467	ACC	-0.6149554	2.7882366	9.346964
727268476	ACC	-0.62452674	2.8025935	9.31825
727268486	ACC	-0.62452674	2.8073792	9.31825
727268495	ACC	-0.6628119	2.821736	9.351749
727268505	ACC	-0.6628119	2.8073792	9.399606
727268514	ACC	-0.6628119	2.821736	9.409177
727268524	ACC	-0.65324056	2.836093	9.390035
727268533	ACC	-0.62931234	2.821736	9.385248
727268543	ACC	-0.64845496	2.821736	9.370892
727268552	ACC	-0.61016977	2.797808	9.356535
727268562	ACC	-0.61016977	2.8121648	9.346964
727268571	ACC	-0.60059845	2.797808	9.3613205
727268581	ACC	-0.6053841	2.797808	9.375677
727268590	ACC	-0.62452674	2.797808	9.380463
727268600	ACC	-0.6197411	2.7738798	9.375677
727268609	ACC	-0.634098	2.7786653	9.39482
727268619	ACC	-0.634098	2.7786653	9.370892
727268628	ACC	-0.6436693	2.7786653	9.380463
727268638	ACC	-0.62452674	2.8025935	9.380463
727268647	ACC	-0.62452674	2.8121648	9.404391
727268657	ACC	-0.62931234	2.7882366	9.385248
727268666	ACC	-0.62452674	2.7834508	9.390035
727268676	ACC	-0.61016977	2.7834508	9.385248
727268685	ACC	-0.6197411	2.797808	9.351749
727268695	ACC	-0.6197411	2.7882366	9.3613205
727268704	ACC	-0.63888365	2.7930222	9.351749
727268714	ACC	-0.634098	2.797808	9.346964
727268723	ACC	-0.6197411	2.7738798	9.31825
727268733	ACC	-0.62452674	2.7882366	9.351749
727268742	ACC	-0.62931234	2.8121648	9.418748
727268752	ACC	-0.6580262	2.8073792	9.442677
727268761	ACC	-0.63888365	2.7930222	9.413962
727268771	ACC	-0.62452674	2.7834508	9.370892
727268780	ACC	-0.62931234	2.7882366	9.375677
727268790	ACC	-0.634098	2.8025935	9.351749
727268799	ACC	-0.63888365	2.8169506	9.3613205
727268809	ACC	-0.6149554	2.797808	9.356535
727268818	ACC	-0.634098	2.7882366	9.385248
727268828	ACC	-0.634098	2.8169506	9.399606
727268837	ACC	-0.6580262	2.821736	9.380463
727268847	ACC	-0.62931234	2.797808	9.375677
727268856	ACC	-0.62452674	2.821736	9.370892
727268866	ACC	-0.62931234	2.8025935	9.366106
727268875	ACC	-0.62931234	2.8073792	9.39482
727268885	ACC	-0.6197411	2.8073792	9.39482
727268894	ACC	-0.6149554	2.8169506	9.409177
727268904	ACC	-0.62452674	2.7930222	9.399606
727268913	ACC	-0.65324056	2.8073792	9.375677
727268923	ACC	-0.6053841	2.8121648	9.380463
727268932	ACC	-0.62452674	2.8313074	9.375677
727268942	ACC	-0.6436693	2.8313074	9.346964
727268951	ACC	-0.6628119	2.8025935	9.2895355
727268961	ACC	-0.64845496	2.7786653	9.25125
727268970	ACC	-0.63888365	2.8552356	9.399606
727268980	ACC	-0.634098	2.8456643	9.461819
727268989	ACC	-0.60059845	2.8025935	9.447462
727268999	ACC	-0.62452674	2.7930222	9.47139
727269008	ACC	-0.66759753	2.7738798	9.452248
727269018	ACC	-0.66759753	2.7595227	9.423533
727269027	ACC	-0.70588267	2.821736	9.413962
727269037	ACC	-0.63888365	2.8552356	9.366106
727269046	ACC	-0.6197411	2.864807	9.327821
727269056	ACC	-0.61016977	2.9078777	9.275179
727269065	ACC	-0.634098	2.9365916	9.203394
727269075	ACC	-0.6723832	2.917449	9.198608
727269084	ACC	-0.61016977	2.8313074	9.28475
727269094	ACC	-0.634098	2.8456643	9.385248
727269103	ACC	-0.6628119	2.8600214	9.442677
727269113	ACC	-0.701097	2.8839495	9.437891
727269122	ACC	-0.6867401	2.864807	9.399606
727269132	ACC	-0.6580262	2.864807	9.332606
727269141	ACC	-0.6628119	2.8839495	9.270393
727269151	ACC	-0.70588267	2.9222345	9.270393
727269160	ACC	-0.6723832	2.9365916	9.246465
727269170	ACC	-0.6053841	2.9078777	9.241679
727269179	ACC	-0.567099	2.8791637	9.265608
727269189	ACC	-0.552742	2.85045	9.31825
727269198	ACC	-0.51445687	2.7643085	9.409177
727269208	ACC	-0.50488555	2.7643085	9.313464
727269217	ACC	-0.5383851	2.8552356	9.413962
727269227	ACC	-0.5383851	2.8983064	9.442677
727269236	ACC	-0.54317075	2.8743782	9.39482
727269246	ACC	-0.55752766	2.836093	9.418748
727269255	ACC	-0.60059845	2.888735	9.3613205
727269265	ACC	-0.60059845	2.888735	9.303893
727269274	ACC	-0.51445687	2.9653056	9.169894
727269284	ACC	-0.3182454	2.7786653	9.25125
727269293	ACC	-0.37567315	2.821736	9.433105
727269303	ACC	-0.50488555	2.8791637	9.61496
727269312	ACC	-0.6197411	2.9509485	9.619745
727269322	ACC	-0.62452674	2.9509485	9.480962
727269331	ACC	-0.55752766	2.8169506	9.418748
727269341	ACC	-0.5383851	2.6638098	9.404391
727269350	ACC	-0.57188463	2.7595227	9.332606
727269360	ACC	-0.5623133	2.8408787	9.256036
