727215302	ACC	-0.30388847	3.1519456	9.342177
727215312	ACC	-0.3278167	3.1663027	9.2177515
727215321	ACC	-0.3278167	3.1710882	9.112467
727215331	ACC	-0.3278167	3.132803	9.055039
727215340	ACC	-0.32303107	3.1663027	9.050254
727215350	ACC	-0.35174492	3.2189445	9.050254
727215359	ACC	-0.40438703	3.2524443	9.050254
727215369	ACC	-0.41874397	3.2715867	9.050254
727215378	ACC	-0.4761717	3.2189445	9.031111
727215388	ACC	-0.39481574	3.1902308	9.2177515
727215397	ACC	-0.39481574	3.1710882	9.313464
727215407	ACC	-0.50009996	3.14716	9.260822
727215416	ACC	-0.552742	3.1375887	9.327821
727215426	ACC	-0.567099	3.1567314	9.366106
727215435	ACC	-0.61016977	3.1567314	9.351749
727215445	ACC	-0.59581286	3.1710882	9.3613205
727215454	ACC	-0.5814559	3.1663027	9.346964
727215464	ACC	-0.55752766	3.1423743	9.327821
727215473	ACC	-0.5814559	3.1663027	9.323035
727215483	ACC	-0.55752766	3.185445	9.279964
727215492	ACC	-0.5479564	3.1902308	9.256036
727215502	ACC	-0.53359944	3.1758738	9.227323
727215511	ACC	-0.5096712	3.185445	9.145967
727215521	ACC	-0.5096712	3.214159	9.136395
727215530	ACC	-0.50009996	3.2285159	9.198608
727215540	ACC	-0.50488555	3.1758738	9.337392
727215549	ACC	-0.54317075	3.1088748	9.447462
727215559	ACC	-0.55752766	3.0993035	9.442677
727215568	ACC	-0.5479564	3.0993035	9.327821
727215578	ACC	-0.5192425	3.1375887	9.212965
727215587	ACC	-0.50009996	3.1758738	9.150752
727215597	ACC	-0.51445687	3.1950164	9.122038
727215606	ACC	-0.552742	3.161517	9.141181
727215616	ACC	-0.567099	3.1567314	9.169894
727215625	ACC	-0.58624154	3.1567314	9.222537
727215635	ACC	-0.59581286	3.1663027	9.256036
727215644	ACC	-0.59581286	3.185445	9.299107
727215654	ACC	-0.59581286	3.1567314	9.342177
727215663	ACC	-0.6197411	3.1423743	9.346964
727215673	ACC	-0.59581286	3.1375887	9.337392
727215682	ACC	-0.5910272	3.1567314	9.2895355
727215692	ACC	-0.61016977	3.1902308	9.212965
727215701	ACC	-0.60059845	3.1902308	9.169894
727215711	ACC	-0.5910272	3.214159	9.131609
727215720	ACC	-0.6053841	3.2189445	9.112467
727215730	ACC	-0.6149554	3.2189445	9.09811
727215739	ACC	-0.6053841	3.185445	9.203394
727215749	ACC	-0.66759753	3.1998022	9.303893
727215758	ACC	-0.6771688	3.185445	9.313464
727215768	ACC	-0.6197411	3.1902308	9.28475
727215777	ACC	-0.60059845	3.1710882	9.265608
727215787	ACC	-0.5910272	3.1902308	9.241679
727215796	ACC	-0.62452674	3.1998022	9.198608
727215806	ACC	-0.6197411	3.2189445	9.179466
727215815	ACC	-0.60059845	3.1663027	9.145967
727215825	ACC	-0.5766702	3.1567314	9.169894
727215834	ACC	-0.5623133	3.14716	9.17468
727215844	ACC	-0.55752766	3.1423743	9.165109
727215853	ACC	-0.59581286	3.1040893	9.208179
727215863	ACC	-0.60059845	3.1375887	9.303893
727215872	ACC	-0.61016977	3.118446	9.380463
727215882	ACC	-0.6053841	3.1136606	9.442677
727215891	ACC	-0.60059845	3.1040893	9.442677
727215901	ACC	-0.6149554	3.094518	9.409177
727215910	ACC	-0.62452674	3.1375887	9.356535
727215920	ACC	-0.64845496	3.1519456	9.28475
727215929	ACC	-0.6580262	3.1280174	9.203394
727215939	ACC	-0.62931234	3.094518	9.17468
727215948	ACC	-0.6149554	3.03709	9.145967
727215958	ACC	-0.634098	2.9365916	9.208179
727215967	ACC	-0.64845496	2.9030921	9.25125
727215977	ACC	-0.6628119	2.888735	9.294321
727215986	ACC	-0.68195444	2.8743782	9.351749
727215996	ACC	-0.64845496	2.8743782	9.399606
727216005	ACC	-0.634098	2.8983064	9.423533
727216015	ACC	-0.59581286	2.9748766	9.356535
727216024	ACC	-0.567099	3.065804	9.279964
727216034	ACC	-0.54317075	3.1375887	9.227323
727216043	ACC	-0.5479564	3.2093735	9.160323
727216053	ACC	-0.54317075	3.281158	9.09811
727216062	ACC	-0.55752766	3.3720853	9.02154
727216072	ACC	-0.60059845	3.4055848	9.045467
727216081	ACC	-0.66759753	3.4151561	9.165109
727216091	ACC	-0.701097	3.3433714	9.279964
727216100	ACC	-0.70588267	3.2859437	9.375677
727216110	ACC	-0.6963114	3.2572298	9.390035
727216119	ACC	-0.6771688	3.185445	9.370892
727216129	ACC	-0.6580262	3.1375887	9.3613205
727216138	ACC	-0.6628119	3.0849466	9.323035
727216148	ACC	-0.6436693	3.0849466	9.279964
727216157	ACC	-0.6149554	3.0849466	9.222537
727216167	ACC	-0.6053841	3.0753753	9.198608
727216176	ACC	-0.6053841	3.0897322	9.193823
727216186	ACC	-0.62452674	3.132803	9.208179
727216195	ACC	-0.6628119	3.1280174	9.275179
727216205	ACC	-0.6628119	3.1423743	9.294321
727216214	ACC	-0.62931234	3.1710882	9.236894
727216224	ACC	-0.61016977	3.1806595	9.184252
727216233	ACC	-0.61016977	3.1663027	9.193823
727216243	ACC	-0.6149554	3.1567314	9.179466
727216252	ACC	-0.64845496	3.1567314	9.193823
727216262	ACC	-0.6628119	3.161517	9.212965
727216271	ACC	-0.6436693	3.118446	9.246465
727216281	ACC	-0.60059845	3.1232316	9.246465
727216290	ACC	-0.58624154	3.1088748	9.275179
727216300	ACC	-0.6053841	3.1040893	9.31825
727216309	ACC	-0.5910272	3.065804	9.356535
727216319	ACC	-0.59581286	3.0753753	9.3613205
727216328	ACC	-0.60059845	3.0897322	9.332606
727216338	ACC	-0.60059845	3.094518	9.308679
727216347	ACC	-0.6149554	3.0993035	9.2895355
727216357	ACC	-0.6436693	3.094518	9.31825
727216366	ACC	-0.6723832	3.1136606	9.2895355
727216376	ACC	-0.68195444	3.1375887	9.246465
727216385	ACC	-0.6771688	3.1280174	9.169894
727216395	ACC	-0.66759753	3.1423743	9.150752
727216404	ACC	-0.64845496	3.14716	9.126823
727216414	ACC	-0.64845496	3.1710882	9.141181
727216423	ACC	-0.6771688	3.1758738	9.169894
727216433	ACC	-0.6580262	3.1902308	9.2177515
727216442	ACC	-0.62931234	3.2045877	9.275179
727216452	ACC	-0.6149554	3.1806595	9.308679
727216461	ACC	-0.62931234	3.1663027	9.31825
727216471	ACC	-0.6436693	3.2237303	9.2895355
727216480	ACC	-0.6197411	3.2237303	9.222537
727216490	ACC	-0.5910272	3.214159	9.160323
727216499	ACC	-0.6197411	3.1902308	9.122038
727216509	ACC	-0.65324056	3.1758738	9.150752
727216518	ACC	-0.66759753	3.1567314	9.203394
727216528	ACC	-0.65324056	3.161517	9.279964
727216537	ACC	-0.6436693	3.1280174	9.279964
727216547	ACC	-0.634098	3.0993035	9.28475
727216556	ACC	-0.62452674	3.0897322	9.323035
727216566	ACC	-0.62931234	3.118446	9.332606
727216575	ACC	-0.59581286	3.118446	9.323035
727216585	ACC	-0.5479564	3.132803	9.275179
727216594	ACC	-0.552742	3.1423743	9.212965
727216604	ACC	-0.552742	3.1423743	9.198608
727216613	ACC	-0.55752766	3.1375887	9.227323
727216623	ACC	-0.60059845	3.1519456	9.241679
727216632	ACC	-0.5910272	3.1758738	9.236894
727216642	ACC	-0.552742	3.1519456	9.241679
727216651	ACC	-0.54317075	3.1040893	9.270393
727216661	ACC	-0.5479564	3.1088748	9.303893
727216670	ACC	-0.53359944	3.1088748	9.308679
727216680	ACC	-0.5383851	3.0897322	9.323035
727216689	ACC	-0.5383851	3.0705895	9.366106
727216699	ACC	-0.5288138	3.065804	9.366106
727216708	ACC	-0.5383851	3.0705895	9.332606
727216718	ACC	-0.55752766	3.0897322	9.323035
727216727	ACC	-0.5479564	3.1136606	9.275179
727216737	ACC	-0.5623133	3.1375887	9.2177515
727216746	ACC	-0.5766702	3.1519456	9.179466
727216756	ACC	-0.57188463	3.1806595	9.193823
727216765	ACC	-0.59581286	3.1806595	9.2177515
727216775	ACC	-0.58624154	3.1663027	9.212965
727216784	ACC	-0.59581286	3.1519456	9.212965
727216794	ACC	-0.60059845	3.1758738	9.17468
727216803	ACC	-0.60059845	3.1423743	9.203394
727216813	ACC	-0.62931234	3.1375887	9.260822
727216822	ACC	-0.62931234	3.1232316	9.303893
727216832	ACC	-0.61016977	3.1088748	9.313464
727216841	ACC	-0.60059845	3.094518	9.346964
727216851	ACC	-0.62931234	3.094518	9.356535
727216860	ACC	-0.65324056	3.1040893	9.3613205
727216870	ACC	-0.6436693	3.1040893	9.303893
727216879	ACC	-0.6436693	3.1040893	9.260822
727216889	ACC	-0.6436693	3.118446	9.28475
727216898	ACC	-0.65324056	3.1136606	9.28475
727216908	ACC	-0.63888365	3.1280174	9.294321
727216917	ACC	-0.62931234	3.1040893	9.313464
727216927	ACC	-0.6149554	3.0897322	9.332606
727216936	ACC	-0.59581286	3.0610185	9.299107
727216946	ACC	-0.5814559	3.0801609	9.246465
727216955	ACC	-0.54317075	3.1232316	9.2177515
727216965	ACC	-0.53359944	3.132803	9.212965
727216974	ACC	-0.51445687	3.1232316	9.241679
727216984	ACC	-0.5240282	3.1758738	9.270393
727216993	ACC	-0.5288138	3.2045877	9.25125
727217003	ACC	-0.485743	3.2093735	9.241679
727217012	ACC	-0.48095736	3.2285159	9.208179
727217022	ACC	-0.50009996	3.2572298	9.198608
727217031	ACC	-0.5479564	3.2763724	9.179466
727217041	ACC	-0.567099	3.2859437	9.193823
727217050	ACC	-0.53359944	3.2907293	9.165109
727217060	ACC	-0.5383851	3.281158	9.155538
727217069	ACC	-0.5623133	3.266801	9.165109
727217079	ACC	-0.5766702	3.266801	9.2177515
727217088	ACC	-0.59581286	3.266801	9.246465
727217098	ACC	-0.57188463	3.2524443	9.246465
727217107	ACC	-0.5383851	3.2333016	9.222537
727217117	ACC	-0.5192425	3.2333016	9.222537
727217126	ACC	-0.55752766	3.2333016	9.246465
727217136	ACC	-0.5814559	3.2045877	9.25125
727217145	ACC	-0.58624154	3.2237303	9.227323
727217155	ACC	-0.5623133	3.2237303	9.165109
727217164	ACC	-0.57188463	3.2285159	9.150752
727217174	ACC	-0.5766702	3.2380872	9.160323
727217183	ACC	-0.5814559	3.2572298	9.160323
727217193	ACC	-0.57188463	3.266801	9.165109
727217202	ACC	-0.58624154	3.2572298	9.208179
727217212	ACC	-0.5623133	3.2476585	9.232108
727217221	ACC	-0.5383851	3.2237303	9.236894
727217231	ACC	-0.5383851	3.2285159	9.236894
727217240	ACC	-0.5766702	3.2380872	9.279964
727217250	ACC	-0.6149554	3.2189445	9.294321
727217259	ACC	-0.6053841	3.2189445	9.265608
727217269	ACC	-0.6149554	3.2285159	9.246465
727217278	ACC	-0.6197411	3.2189445	9.232108
727217288	ACC	-0.62931234	3.2045877	9.227323
727217297	ACC	-0.66759753	3.214159	9.241679
727217307	ACC	-0.69152576	3.2285159	9.270393
727217316	ACC	-0.6628119	3.214159	9.294321
727217326	ACC	-0.634098	3.2285159	9.241679
727217335	ACC	-0.5910272	3.2333016	9.212965
727217345	ACC	-0.59581286	3.242873	9.17468
727217354	ACC	-0.61016977	3.2524443	9.107681
727217364	ACC	-0.6053841	3.295515	9.083753
727217373	ACC	-0.60059845	3.3146574	9.093325
727217383	ACC	-0.6197411	3.3338	9.112467
727217392	ACC	-0.59581286	3.3529427	9.107681
727217402	ACC	-0.5814559	3.3385859	9.141181
727217411	ACC	-0.6053841	3.3242288	9.17468
727217421	ACC	-0.59581286	3.3290145	9.203394
727217430	ACC	-0.6149554	3.3146574	9.212965
727217440	ACC	-0.6436693	3.3194432	9.222537
727217449	ACC	-0.64845496	3.3050864	9.227323
727217459	ACC	-0.6580262	3.2907293	9.208179
727217468	ACC	-0.64845496	3.266801	9.203394
727217478	ACC	-0.65324056	3.2476585	9.203394
727217487	ACC	-0.6436693	3.2476585	9.165109
727217497	ACC	-0.634098	3.2572298	9.150752
727217506	ACC	-0.6149554	3.2524443	9.088538
727217516	ACC	-0.62452674	3.2715867	9.078967
727217525	ACC	-0.634098	3.242873	9.107681
727217535	ACC	-0.62931234	3.2715867	9.141181
727217544	ACC	-0.65324056	3.2763724	9.169894
727217554	ACC	-0.63888365	3.2572298	9.232108
727217563	ACC	-0.5766702	3.2285159	9.279964
727217573	ACC	-0.5479564	3.2093735	9.308679
727217582	ACC	-0.567099	3.2045877	9.294321
727217592	ACC	-0.5479564	3.1806595	9.299107
727217601	ACC	-0.552742	3.1758738	9.323035
727217611	ACC	-0.552742	3.1663027	9.327821
727217620	ACC	-0.5623133	3.1758738	9.294321
727217630	ACC	-0.54317075	3.1950164	9.256036
727217639	ACC	-0.567099	3.2093735	9.2177515
727217649	ACC	-0.5766702	3.2093735	9.193823
727217658	ACC	-0.61016977	3.214159	9.150752
727217668	ACC	-0.6149554	3.2333016	9.126823
727217677	ACC	-0.62452674	3.242873	9.078967
727217687	ACC	-0.58624154	3.2715867	9.035896
727217696	ACC	-0.55752766	3.2620156	9.045467
727217706	ACC	-0.5623133	3.2763724	9.0646105
727217715	ACC	-0.567099	3.2380872	9.145967
727217725	ACC	-0.57188463	3.214159	9.212965
727217734	ACC	-0.5910272	3.1519456	9.279964
727217744	ACC	-0.57188463	3.132803	9.31825
727217753	ACC	-0.54317075	3.0849466	9.308679
727217763	ACC	-0.54317075	3.0466614	9.337392
727217772	ACC	-0.54317075	2.998805	9.342177
727217782	ACC	-0.55752766	2.9605198	9.380463
727217791	ACC	-0.552742	2.9365916	9.433105
727217801	ACC	-0.552742	2.9030921	9.457033
727217810	ACC	-0.5240282	2.8456643	9.47139
727217820	ACC	-0.5192425	2.8265216	9.466604
727217829	ACC	-0.50488555	2.8025935	9.457033
727217839	ACC	-0.4953143	2.7930222	9.452248
727217848	ACC	-0.50009996	2.7882366	9.457033
727217858	ACC	-0.53359944	2.7930222	9.485747
727217867	ACC	-0.5479564	2.797808	9.485747
727217877	ACC	-0.60059845	2.836093	9.457033
727217886	ACC	-0.59581286	2.85045	9.423533
727217896	ACC	-0.58624154	2.8695927	9.39482
727217905	ACC	-0.58624154	2.8935208	9.356535
727217915	ACC	-0.55752766	2.9126635	9.299107
727217924	ACC	-0.567099	2.9413772	9.299107
727217934	ACC	-0.54317075	2.9557343	9.2895355
727217943	ACC	-0.5288138	2.9796624	9.327821
727217953	ACC	-0.54317075	2.9653056	9.399606
727217962	ACC	-0.5383851	2.9940193	9.385248
727217972	ACC	-0.5192425	3.0323045	9.3613205
727217981	ACC	-0.5096712	3.0418758	9.375677
727217991	ACC	-0.5814559	3.0275187	9.399606
727218000	ACC	-0.61016977	3.0083764	9.413962
727218010	ACC	-0.6197411	3.013162	9.418748
727218019	ACC	-0.6149554	3.0179477	9.380463
727218029	ACC	-0.63888365	3.0083764	9.356535
727218038	ACC	-0.61016977	3.0083764	9.31825
727218048	ACC	-0.6053841	3.0179477	9.299107
727218057	ACC	-0.5910272	3.0418758	9.2895355
727218067	ACC	-0.6149554	3.0801609	9.294321
727218076	ACC	-0.61016977	3.1040893	9.294321
727218086	ACC	-0.62931234	3.1136606	9.279964
727218095	ACC	-0.64845496	3.1567314	9.241679
727218105	ACC	-0.6580262	3.1710882	9.179466
727218114	ACC	-0.6580262	3.2045877	9.131609
727218124	ACC	-0.6723832	3.214159	9.107681
727218133	ACC	-0.6963114	3.242873	9.093325
727218143	ACC	-0.70588267	3.2476585	9.102896
727218152	ACC	-0.6867401	3.2045877	9.131609
727218162	ACC	-0.64845496	3.2045877	9.145967
727218171	ACC	-0.62452674	3.1998022	9.208179
727218181	ACC	-0.6436693	3.1806595	9.25125
727218190	ACC	-0.6149554	3.185445	9.279964
727218200	ACC	-0.61016977	3.161517	9.265608
727218209	ACC	-0.60059845	3.1663027	9.236894
727218219	ACC	-0.6149554	3.1519456	9.222537
727218228	ACC	-0.61016977	3.1232316	9.222537
727218238	ACC	-0.62931234	3.1280174	9.208179
727218247	ACC	-0.6436693	3.14716	9.2177515
727218257	ACC	-0.6628119	3.132803	9.222537
727218266	ACC	-0.69152576	3.118446	9.294321
727218276	ACC	-0.6580262	3.0897322	9.323035
727218285	ACC	-0.6436693	3.0849466	9.299107
727218295	ACC	-0.6628119	3.1136606	9.256036
727218304	ACC	-0.6963114	3.132803	9.203394
727218314	ACC	-0.7106683	3.1375887	9.208179
727218323	ACC	-0.74416786	3.118446	9.222537
727218333	ACC	-0.72502524	3.1280174	9.227323
727218342	ACC	-0.7298109	3.1519456	9.2177515
727218352	ACC	-0.6963114	3.1567314	9.2177515
727218361	ACC	-0.6963114	3.1710882	9.203394
727218371	ACC	-0.701097	3.1758738	9.193823
727218380	ACC	-0.68195444	3.161517	9.203394
727218390	ACC	-0.66759753	3.1567314	9.227323
727218399	ACC	-0.6580262	3.1232316	9.236894
727218409	ACC	-0.62452674	3.1088748	9.25125
727218418	ACC	-0.62931234	3.1136606	9.241679
727218428	ACC	-0.6436693	3.1136606	9.25125
727218437	ACC	-0.634098	3.0897322	9.279964
727218447	ACC	-0.6149554	3.0610185	9.327821
727218456	ACC	-0.64845496	3.0801609	9.3613205
727218466	ACC	-0.6580262	3.0705895	9.366106
727218475	ACC	-0.6628119	3.094518	9.327821
727218485	ACC	-0.6197411	3.0849466	9.332606
727218494	ACC	-0.6149554	3.0849466	9.337392
727218504	ACC	-0.6197411	3.0753753	9.31825
727218513	ACC	-0.6149554	3.0801609	9.279964
727218523	ACC	-0.6197411	3.094518	9.260822
727218532	ACC	-0.60059845	3.0993035	9.227323
727218542	ACC	-0.59581286	3.0897322	9.193823
727218551	ACC	-0.6149554	3.0993035	9.189037
727218561	ACC	-0.634098	3.0801609	9.184252
727218570	ACC	-0.6149554	3.0753753	9.203394
727218580	ACC	-0.6149554	3.0801609	9.227323
727218589	ACC	-0.5910272	3.0466614	9.241679
727218599	ACC	-0.60059845	3.0514472	9.25125
727218608	ACC	-0.58624154	3.0610185	9.303893
727218618	ACC	-0.6053841	3.0801609	9.308679
727218627	ACC	-0.58624154	3.0849466	9.337392
727218637	ACC	-0.5623133	3.0753753	9.332606
727218646	ACC	-0.5766702	3.0849466	9.31825
727218656	ACC	-0.58624154	3.065804	9.313464
727218665	ACC	-0.59581286	3.0705895	9.327821
727218675	ACC	-0.57188463	3.0753753	9.323035
727218684	ACC	-0.55752766	3.094518	9.323035
727218694	ACC	-0.57188463	3.03709	9.303893
727218703	ACC	-0.55752766	3.0179477	9.31825
727218713	ACC	-0.58624154	3.0083764	9.303893
727218722	ACC	-0.567099	3.0275187	9.270393
727218732	ACC	-0.5910272	3.0035906	9.2895355
727218741	ACC	-0.59581286	2.970091	9.313464
727218751	ACC	-0.59581286	2.9748766	9.313464
727218760	ACC	-0.5910272	2.9748766	9.332606
727218770	ACC	-0.5766702	2.970091	9.351749
727218779	ACC	-0.552742	2.9413772	9.370892
727218789	ACC	-0.53359944	2.946163	9.375677
727218798	ACC	-0.51445687	2.9653056	9.385248
727218808	ACC	-0.51445687	2.984448	9.413962
727218817	ACC	-0.5192425	2.9796624	9.404391
727218827	ACC	-0.5192425	2.998805	9.342177
727218836	ACC	-0.51445687	3.0275187	9.308679
727218846	ACC	-0.5288138	3.0466614	9.303893
727218855	ACC	-0.55752766	3.0418758	9.299107
727218865	ACC	-0.55752766	3.0514472	9.279964
727218874	ACC	-0.5383851	3.0562327	9.270393
727218884	ACC	-0.53359944	3.0514472	9.294321
727218893	ACC	-0.55752766	3.0801609	9.275179
727218903	ACC	-0.552742	3.0705895	9.25125
727218912	ACC	-0.567099	3.0801609	9.232108
727218922	ACC	-0.5623133	3.0849466	9.227323
727218931	ACC	-0.55752766	3.065804	9.28475
727218941	ACC	-0.552742	3.065804	9.294321
727218950	ACC	-0.5192425	3.065804	9.279964
727218960	ACC	-0.5096712	3.0753753	9.270393
727218969	ACC	-0.51445687	3.0753753	9.275179
727218979	ACC	-0.5240282	3.0705895	9.275179
727218988	ACC	-0.55752766	3.0705895	9.313464
727218998	ACC	-0.5623133	3.0514472	9.323035
727219007	ACC	-0.51445687	3.0466614	9.270393
727219017	ACC	-0.49052864	3.03709	9.270393
727219026	ACC	-0.51445687	3.0275187	9.25125
727219036	ACC	-0.54317075	3.0466614	9.241679
727219045	ACC	-0.5623133	3.0179477	9.246465
727219055	ACC	-0.57188463	3.0035906	9.275179
727219064	ACC	-0.5623133	2.9796624	9.332606
727219074	ACC	-0.55752766	2.998805	9.356535
727219083	ACC	-0.5479564	2.9892337	9.337392
727219093	ACC	-0.5288138	2.9748766	9.31825
727219102	ACC	-0.5288138	2.9892337	9.313464
727219112	ACC	-0.5623133	2.9940193	9.265608
727219121	ACC	-0.5288138	2.9892337	9.265608
727219131	ACC	-0.5096712	2.9413772	9.308679
727219140	ACC	-0.5192425	2.9318058	9.337392
727219150	ACC	-0.4953143	2.9270203	9.385248
727219159	ACC	-0.50009996	2.9270203	9.447462
727219169	ACC	-0.50488555	2.9030921	9.466604
727219178	ACC	-0.5192425	2.917449	9.480962
727219188	ACC	-0.50488555	2.9509485	9.437891
727219197	ACC	-0.5383851	2.9413772	9.404391
727219207	ACC	-0.54317075	2.9509485	9.351749
727219216	ACC	-0.53359944	2.9509485	9.346964
727219226	ACC	-0.51445687	2.9509485	9.337392
727219235	ACC	-0.49052864	2.9318058	9.332606
727219245	ACC	-0.4761717	2.9270203	9.346964
727219254	ACC	-0.4761717	2.9605198	9.346964
727219264	ACC	-0.485743	2.970091	9.342177
727219273	ACC	-0.5096712	2.9892337	9.342177
727219283	ACC	-0.5383851	2.998805	9.299107
727219292	ACC	-0.5288138	3.0083764	9.25125
727219302	ACC	-0.5096712	3.0323045	9.227323
727219311	ACC	-0.53359944	3.0466614	9.212965
727219321	ACC	-0.53359944	3.0466614	9.232108
727219330	ACC	-0.55752766	3.065804	9.232108
727219340	ACC	-0.552742	3.0753753	9.246465
727219349	ACC	-0.55752766	3.065804	9.260822
727219359	ACC	-0.58624154	3.0801609	9.2895355
727219368	ACC	-0.552742	3.065804	9.303893
727219378	ACC	-0.5192425	3.0466614	9.28475
727219387	ACC	-0.5192425	3.0610185	9.275179
727219397	ACC	-0.5096712	3.0514472	9.294321
727219406	ACC	-0.50009996	3.0466614	9.327821
727219416	ACC	-0.50009996	3.0562327	9.31825
727219425	ACC	-0.5288138	3.0275187	9.332606
727219435	ACC	-0.5288138	3.0227332	9.337392
727219444	ACC	-0.5479564	3.0227332	9.366106
727219454	ACC	-0.567099	2.984448	9.346964
727219463	ACC	-0.5814559	2.9748766	9.31825
727219473	ACC	-0.57188463	2.9748766	9.313464
727219482	ACC	-0.5479564	2.9653056	9.294321
727219491	ACC	-0.5240282	3.0035906	9.275179
727219501	ACC	-0.5240282	2.9653056	9.28475
727219510	ACC	-0.5288138	2.9748766	9.270393
727219520	ACC	-0.53359944	2.984448	9.25125
727219529	ACC	-0.50488555	2.984448	9.279964
727219539	ACC	-0.51445687	2.9796624	9.313464
727219548	ACC	-0.48095736	3.0035906	9.303893
727219558	ACC	-0.48095736	3.0083764	9.31825
727219567	ACC	-0.4761717	2.998805	9.337392
727219577	ACC	-0.47138608	2.9892337	9.366106
727219586	ACC	-0.49052864	2.9892337	9.390035
727219596	ACC	-0.51445687	3.0083764	9.390035
727219605	ACC	-0.50009996	2.998805	9.385248
727219615	ACC	-0.50009996	2.998805	9.351749
727219624	ACC	-0.5240282	2.9940193	9.299107
727219634	ACC	-0.53359944	3.0323045	9.279964
727219643	ACC	-0.5192425	3.0323045	9.256036
727219653	ACC	-0.4953143	3.0275187	9.246465
727219662	ACC	-0.51445687	3.0418758	9.236894
727219672	ACC	-0.51445687	3.0466614	9.2177515
727219681	ACC	-0.50488555	3.0610185	9.193823
727219691	ACC	-0.51445687	3.0562327	9.17468
727219700	ACC	-0.5240282	3.0323045	9.222537
727219710	ACC	-0.53359944	3.0466614	9.28475
727219719	ACC	-0.5383851	3.0227332	9.351749
727219729	ACC	-0.51445687	2.9892337	9.390035
727219738	ACC	-0.48095736	2.970091	9.423533
727219748	ACC	-0.485743	2.9365916	9.452248
727219757	ACC	-0.51445687	2.9126635	9.447462
727219767	ACC	-0.5479564	2.9222345	9.433105
727219776	ACC	-0.552742	2.9270203	9.413962
727219786	ACC	-0.552742	2.9413772	9.399606
727219795	ACC	-0.5288138	2.9605198	9.351749
727219805	ACC	-0.53359944	2.9605198	9.28475
727219814	ACC	-0.5479564	2.984448	9.2177515
727219824	ACC	-0.5479564	3.0035906	9.184252
727219833	ACC	-0.55752766	3.0227332	9.198608
727219843	ACC	-0.57188463	3.0179477	9.193823
727219852	ACC	-0.57188463	3.0083764	9.227323
727219862	ACC	-0.54317075	2.984448	9.28475
727219871	ACC	-0.5096712	2.946163	9.380463
727219881	ACC	-0.51445687	2.9605198	9.457033
727219890	ACC	-0.5096712	2.9796624	9.509675
727219900	ACC	-0.552742	2.9653056	9.552746
727219909	ACC	-0.5383851	2.9748766	9.524033
727219919	ACC	-0.5240282	2.9748766	9.447462
727219928	ACC	-0.51445687	3.0035906	9.337392
727219938	ACC	-0.5192425	3.013162	9.222537
727219947	ACC	-0.5096712	3.0610185	9.169894
727219957	ACC	-0.53359944	3.0514472	9.145967
727219966	ACC	-0.54317075	3.065804	9.141181
727219976	ACC	-0.5383851	3.0610185	9.208179
727219985	ACC	-0.5479564	3.0562327	9.256036
727219995	ACC	-0.5383851	3.0466614	9.279964
727220004	ACC	-0.51445687	3.03709	9.294321
727220014	ACC	-0.53359944	3.0179477	9.31825
727220023	ACC	-0.55752766	3.0323045	9.332606
727220033	ACC	-0.5288138	3.0275187	9.337392
727220042	ACC	-0.5383851	3.0323045	9.308679
727220052	ACC	-0.5383851	3.0562327	9.2895355
727220061	ACC	-0.5288138	3.0514472	9.28475
727220071	ACC	-0.5383851	3.0466614	9.275179
727220080	ACC	-0.54317075	3.0610185	9.25125
727220090	ACC	-0.5383851	3.0849466	9.241679
727220099	ACC	-0.5479564	3.065804	9.275179
727220109	ACC	-0.57188463	3.0705895	9.313464
727220118	ACC	-0.5623133	3.0705895	9.265608
727220128	ACC	-0.552742	3.0849466	9.236894
727220137	ACC	-0.5479564	3.0562327	9.25125
727220147	ACC	-0.567099	3.0610185	9.260822
727220156	ACC	-0.5766702	3.0753753	9.279964
727220166	ACC	-0.57188463	3.0562327	9.299107
727220175	ACC	-0.55752766	3.0418758	9.313464
727220185	ACC	-0.54317075	3.0323045	9.337392
727220194	ACC	-0.5623133	3.0179477	9.351749
727220204	ACC	-0.567099	3.03709	9.356535
727220213	ACC	-0.5766702	3.0323045	9.332606
727220223	ACC	-0.567099	3.0418758	9.299107
727220232	ACC	-0.5288138	3.0275187	9.28475
727220242	ACC	-0.53359944	3.0323045	9.25125
727220251	ACC	-0.5383851	3.0514472	9.236894
727220261	ACC	-0.54317075	3.0275187	9.232108
727220270	ACC	-0.567099	3.03709	9.260822
727220280	ACC	-0.5623133	3.0610185	9.279964
727220289	ACC	-0.5623133	3.0514472	9.308679
727220299	ACC	-0.53359944	3.0179477	9.351749
727220308	ACC	-0.54317075	3.0083764	9.385248
727220318	ACC	-0.57188463	3.0466614	9.370892
727220327	ACC	-0.57188463	3.0035906	9.31825
727220337	ACC	-0.5623133	3.0179477	9.313464
727220346	ACC	-0.5479564	3.013162	9.313464
727220356	ACC	-0.552742	3.0227332	9.323035
727220365	ACC	-0.53359944	3.0227332	9.313464
727220375	ACC	-0.5240282	3.013162	9.337392
727220384	ACC	-0.54317075	3.0323045	9.327821
727220394	ACC	-0.53359944	3.03709	9.31825
727220403	ACC	-0.552742	3.0562327	9.2895355
727220413	ACC	-0.5479564	3.0562327	9.270393
727220422	ACC	-0.5479564	3.0418758	9.270393
727220432	ACC	-0.552742	3.0418758	9.2895355
727220441	ACC	-0.567099	3.0466614	9.275179
727220451	ACC	-0.567099	3.0466614	9.28475
727220460	ACC	-0.567099	3.03709	9.299107
727220470	ACC	-0.5814559	3.03709	9.308679
727220479	ACC	-0.5766702	3.0562327	9.279964
727220489	ACC	-0.59581286	3.0418758	9.260822
727220498	ACC	-0.59581286	3.0418758	9.303893
727220508	ACC	-0.59581286	3.03709	9.356535
727220517	ACC	-0.5910272	3.0275187	9.375677
727220527	ACC	-0.5766702	3.0514472	9.366106
727220536	ACC	-0.54317075	3.03709	9.346964
727220546	ACC	-0.5623133	3.0323045	9.308679
727220555	ACC	-0.5766702	3.03709	9.270393
727220565	ACC	-0.59581286	3.013162	9.208179
727220574	ACC	-0.5910272	3.0466614	9.169894
727220584	ACC	-0.54317075	3.0227332	9.212965
727220593	ACC	-0.54317075	3.0083764	9.270393
727220603	ACC	-0.5240282	3.0035906	9.31825
727220612	ACC	-0.54317075	3.0275187	9.351749
727220622	ACC	-0.552742	3.0323045	9.385248
727220631	ACC	-0.5623133	3.0514472	9.385248
727220641	ACC	-0.5623133	3.065804	9.375677
727220650	ACC	-0.5479564	3.0610185	9.366106
727220660	ACC	-0.552742	3.0466614	9.366106
727220669	ACC	-0.59581286	3.0705895	9.351749
727220679	ACC	-0.59581286	3.0610185	9.294321
727220688	ACC	-0.5623133	3.0849466	9.25125
727220698	ACC	-0.53359944	3.0993035	9.25125
727220707	ACC	-0.567099	3.0849466	9.232108
727220717	ACC	-0.57188463	3.0897322	9.203394
727220726	ACC	-0.57188463	3.0753753	9.208179
727220736	ACC	-0.58624154	3.1040893	9.179466
727220745	ACC	-0.5623133	3.0849466	9.198608
727220755	ACC	-0.57188463	3.0801609	9.246465
727220764	ACC	-0.5814559	3.094518	9.241679
727220774	ACC	-0.567099	3.1088748	9.256036
727220783	ACC	-0.567099	3.0897322	9.279964
727220793	ACC	-0.5814559	3.094518	9.294321
727220802	ACC	-0.60059845	3.1088748	9.323035
727220812	ACC	-0.59581286	3.1136606	9.299107
727220821	ACC	-0.6053841	3.1088748	9.2895355
727220831	ACC	-0.6149554	3.1040893	9.279964
727220840	ACC	-0.60059845	3.1040893	9.270393
727220850	ACC	-0.6149554	3.0753753	9.260822
727220859	ACC	-0.60059845	3.0897322	9.2177515
727220869	ACC	-0.5910272	3.0849466	9.260822
727220878	ACC	-0.60059845	3.065804	9.294321
727220888	ACC	-0.62452674	3.0323045	9.332606
727220897	ACC	-0.61016977	3.0275187	9.351749
727220907	ACC	-0.58624154	3.013162	9.3613205
727220916	ACC	-0.5766702	3.0035906	9.380463
727220926	ACC	-0.5814559	3.0227332	9.3613205
727220935	ACC	-0.57188463	3.0323045	9.351749
727220945	ACC	-0.6149554	3.0466614	9.366106
727220954	ACC	-0.5910272	3.0275187	9.342177
727220964	ACC	-0.5910272	3.0323045	9.299107
727220973	ACC	-0.55752766	3.0466614	9.260822
727220983	ACC	-0.5766702	3.03709	9.265608
727220992	ACC	-0.5910272	3.0562327	9.25125
727221002	ACC	-0.6053841	3.0753753	9.241679
727221011	ACC	-0.62931234	3.0849466	9.227323
727221021	ACC	-0.62452674	3.03709	9.260822
727221030	ACC	-0.6197411	3.0227332	9.308679
727221040	ACC	-0.61016977	2.9940193	9.327821
727221049	ACC	-0.60059845	3.0418758	9.323035
727221059	ACC	-0.5766702	3.0323045	9.327821
727221068	ACC	-0.58624154	3.0227332	9.337392
727221078	ACC	-0.58624154	3.0227332	9.356535
727221087	ACC	-0.57188463	3.0227332	9.323035
727221097	ACC	-0.60059845	3.03709	9.313464
727221106	ACC	-0.5814559	3.03709	9.2895355
727221116	ACC	-0.567099	3.0610185	9.260822
727221125	ACC	-0.59581286	3.0610185	9.25125
727221135	ACC	-0.6197411	3.0610185	9.232108
727221144	ACC	-0.60059845	3.065804	9.246465
727221154	ACC	-0.61016977	3.065804	9.256036
727221163	ACC	-0.60059845	3.0562327	9.2895355
727221173	ACC	-0.5910272	3.0705895	9.2895355
727221182	ACC	-0.6053841	3.0753753	9.265608
727221192	ACC	-0.6053841	3.0801609	9.279964
727221201	ACC	-0.6053841	3.0705895	9.308679
727221211	ACC	-0.62452674	3.0849466	9.275179
727221220	ACC	-0.62452674	3.094518	9.260822
727221230	ACC	-0.63888365	3.0849466	9.270393
727221239	ACC	-0.6436693	3.0897322	9.308679
727221249	ACC	-0.63888365	3.0993035	9.332606
727221258	ACC	-0.6580262	3.1088748	9.313464
727221268	ACC	-0.6149554	3.1136606	9.279964
727221277	ACC	-0.62931234	3.1040893	9.279964
727221287	ACC	-0.6436693	3.094518	9.275179
727221296	ACC	-0.62452674	3.0753753	9.279964
727221306	ACC	-0.64845496	3.0562327	9.256036
727221315	ACC	-0.62452674	3.0801609	9.212965
727221325	ACC	-0.5766702	3.065804	9.184252
727221334	ACC	-0.567099	3.0753753	9.212965
727221344	ACC	-0.58624154	3.0993035	9.222537
727221353	ACC	-0.634098	3.1088748	9.28475
727221363	ACC	-0.6197411	3.094518	9.323035
727221372	ACC	-0.6149554	3.094518	9.3613205
727221382	ACC	-0.60059845	3.0993035	9.356535
727221391	ACC	-0.5814559	3.0753753	9.3613205
727221401	ACC	-0.6053841	3.0514472	9.342177
727221410	ACC	-0.634098	3.065804	9.299107
727221420	ACC	-0.634098	3.094518	9.260822
727221429	ACC	-0.61016977	3.0849466	9.241679
727221439	ACC	-0.6053841	3.065804	9.222537
727221448	ACC	-0.60059845	3.065804	9.193823
727221458	ACC	-0.62931234	3.0753753	9.203394
727221467	ACC	-0.64845496	3.065804	9.222537
727221477	ACC	-0.62931234	3.0705895	9.265608
727221486	ACC	-0.62452674	3.0562327	9.299107
727221496	ACC	-0.6197411	3.0562327	9.303893
727221505	ACC	-0.6197411	3.065804	9.28475
727221515	ACC	-0.6053841	3.0705895	9.2895355
727221524	ACC	-0.62452674	3.0897322	9.313464
727221534	ACC	-0.6436693	3.0849466	9.31825
727221543	ACC	-0.6436693	3.0993035	9.294321
727221553	ACC	-0.634098	3.094518	9.279964
727221562	ACC	-0.62452674	3.1040893	9.279964
727221572	ACC	-0.62931234	3.0897322	9.25125
727221581	ACC	-0.64845496	3.1040893	9.2895355
727221591	ACC	-0.66759753	3.0993035	9.265608
727221600	ACC	-0.63888365	3.0849466	9.260822
727221610	ACC	-0.62452674	3.0705895	9.265608
727221619	ACC	-0.634098	3.0610185	9.323035
727221629	ACC	-0.6436693	3.0610185	9.332606
727221638	ACC	-0.62931234	3.065804	9.342177
727221648	ACC	-0.62931234	3.0562327	9.332606
727221657	ACC	-0.634098	3.0610185	9.299107
727221667	ACC	-0.6628119	3.0801609	9.260822
727221676	ACC	-0.6436693	3.0753753	9.241679
727221686	ACC	-0.64845496	3.0897322	9.241679
727221695	ACC	-0.6436693	3.0753753	9.260822
727221705	ACC	-0.62452674	3.0801609	9.294321
727221714	ACC	-0.6197411	3.0562327	9.28475
727221724	ACC	-0.60059845	3.0514472	9.2895355
727221733	ACC	-0.60059845	3.065804	9.275179
727221743	ACC	-0.60059845	3.0514472	9.299107
727221752	ACC	-0.6197411	3.0514472	9.299107
727221762	ACC	-0.62452674	3.0466614	9.303893
727221771	ACC	-0.62452674	3.0562327	9.279964
727221781	ACC	-0.62931234	3.0705895	9.28475
727221790	ACC	-0.63888365	3.065804	9.2895355
727221800	ACC	-0.6436693	3.0705895	9.299107
727221809	ACC	-0.65324056	3.0801609	9.279964
727221819	ACC	-0.65324056	3.0801609	9.2895355
727221828	ACC	-0.6436693	3.065804	9.2895355
727221838	ACC	-0.62931234	3.0849466	9.31825
727221847	ACC	-0.6436693	3.0801609	9.28475
727221857	ACC	-0.6436693	3.0993035	9.246465
727221866	ACC	-0.63888365	3.0753753	9.236894
727221876	ACC	-0.62931234	3.094518	9.270393
727221885	ACC	-0.634098	3.065804	9.303893
727221895	ACC	-0.60059845	3.0610185	9.299107
727221904	ACC	-0.567099	3.0514472	9.294321
727221914	ACC	-0.5766702	3.0801609	9.265608
727221923	ACC	-0.59581286	3.0753753	9.265608
727221933	ACC	-0.63888365	3.0993035	9.275179
727221942	ACC	-0.66759753	3.1280174	9.246465
727221952	ACC	-0.6149554	3.1136606	9.208179
727221961	ACC	-0.60059845	3.0993035	9.212965
727221971	ACC	-0.6197411	3.1040893	9.241679
727221980	ACC	-0.68195444	3.094518	9.260822
727221990	ACC	-0.6771688	3.1088748	9.275179
727221999	ACC	-0.6771688	3.094518	9.31825
727222009	ACC	-0.6723832	3.0849466	9.342177
727222018	ACC	-0.6723832	3.0849466	9.346964
727222028	ACC	-0.6771688	3.1040893	9.342177
727222037	ACC	-0.6723832	3.0897322	9.332606
727222047	ACC	-0.6628119	3.0897322	9.308679
727222056	ACC	-0.62931234	3.065804	9.256036
727222066	ACC	-0.634098	3.0610185	9.2177515
727222075	ACC	-0.6436693	3.0801609	9.184252
727222085	ACC	-0.6149554	3.0993035	9.165109
727222094	ACC	-0.59581286	3.0610185	9.193823
727222104	ACC	-0.61016977	3.065804	9.241679
727222113	ACC	-0.61016977	3.0753753	9.327821
727222123	ACC	-0.61016977	3.0849466	9.375677
727222132	ACC	-0.62452674	3.0562327	9.404391
727222142	ACC	-0.62931234	3.0753753	9.418748
727222151	ACC	-0.64845496	3.065804	9.404391
727222161	ACC	-0.65324056	3.0562327	9.356535
727222170	ACC	-0.6580262	3.0753753	9.299107
727222180	ACC	-0.6723832	3.0753753	9.260822
727222189	ACC	-0.65324056	3.0753753	9.208179
727222199	ACC	-0.6197411	3.0993035	9.165109
727222208	ACC	-0.63888365	3.094518	9.17468
727222218	ACC	-0.64845496	3.0849466	9.203394
727222227	ACC	-0.65324056	3.0705895	9.232108
727222237	ACC	-0.64845496	3.0849466	9.236894
727222246	ACC	-0.68195444	3.0801609	9.256036
727222256	ACC	-0.65324056	3.0849466	9.299107
727222265	ACC	-0.6436693	3.0753753	9.323035
727222275	ACC	-0.634098	3.0705895	9.323035
727222284	ACC	-0.6149554	3.0897322	9.279964
727222294	ACC	-0.62452674	3.0849466	9.294321
727222303	ACC	-0.65324056	3.0849466	9.275179
727222313	ACC	-0.64845496	3.094518	9.299107
727222322	ACC	-0.66759753	3.1136606	9.294321
727222332	ACC	-0.66759753	3.1040893	9.275179
727222341	ACC	-0.6580262	3.1232316	9.279964
727222351	ACC	-0.68195444	3.0993035	9.256036
727222360	ACC	-0.6628119	3.1088748	9.256036
727222370	ACC	-0.6628119	3.0849466	9.270393
727222379	ACC	-0.6580262	3.0753753	9.279964
727222389	ACC	-0.64845496	3.0562327	9.308679
727222398	ACC	-0.64845496	3.0801609	9.299107
727222408	ACC	-0.63888365	3.0562327	9.28475
727222417	ACC	-0.6580262	3.0705895	9.279964
727222427	ACC	-0.65324056	3.0753753	9.279964
727222436	ACC	-0.6436693	3.0705895	9.279964
727222446	ACC	-0.6436693	3.0753753	9.260822
727222455	ACC	-0.62931234	3.0753753	9.260822
727222465	ACC	-0.62452674	3.0897322	9.2895355
727222474	ACC	-0.6580262	3.0849466	9.308679
727222484	ACC	-0.64845496	3.065804	9.308679
727222493	ACC	-0.61016977	3.0801609	9.299107
727222503	ACC	-0.6053841	3.0705895	9.279964
727222512	ACC	-0.62931234	3.0562327	9.260822
727222522	ACC	-0.62931234	3.0705895	9.270393
727222531	ACC	-0.6628119	3.0801609	9.299107
727222541	ACC	-0.65324056	3.0753753	9.2895355
727222550	ACC	-0.62931234	3.0705895	9.246465
727222560	ACC	-0.6436693	3.0897322	9.232108
727222569	ACC	-0.634098	3.0897322	9.236894
727222579	ACC	-0.64845496	3.1040893	9.241679
727222588	ACC	-0.66759753	3.118446	9.265608
727222598	ACC	-0.6580262	3.0993035	9.28475
727222607	ACC	-0.6628119	3.0897322	9.299107
727222617	ACC	-0.6723832	3.1088748	9.31825
727222626	ACC	-0.65324056	3.1088748	9.313464
727222636	ACC	-0.64845496	3.0801609	9.31825
727222645	ACC	-0.62452674	3.0705895	9.327821
727222655	ACC	-0.634098	3.065804	9.2895355
727222664	ACC	-0.63888365	3.065804	9.270393
727222674	ACC	-0.62452674	3.0801609	9.260822
727222683	ACC	-0.6197411	3.0897322	9.246465
727222693	ACC	-0.62931234	3.0897322	9.2177515
727222702	ACC	-0.62931234	3.0705895	9.227323
727222712	ACC	-0.62452674	3.0705895	9.232108
727222721	ACC	-0.6149554	3.0562327	9.260822
727222731	ACC	-0.65324056	3.0849466	9.256036
727222740	ACC	-0.64845496	3.0801609	9.275179
727222750	ACC	-0.63888365	3.0705895	9.270393
727222759	ACC	-0.62931234	3.0849466	9.294321
727222769	ACC	-0.6580262	3.0705895	9.31825
727222778	ACC	-0.6628119	3.0514472	9.337392
727222788	ACC	-0.66759753	3.0562327	9.323035
727222797	ACC	-0.69152576	3.0753753	9.323035
727222807	ACC	-0.6771688	3.0562327	9.346964
727222816	ACC	-0.69152576	3.0849466	9.31825
727222826	ACC	-0.66759753	3.0705895	9.294321
727222835	ACC	-0.66759753	3.0849466	9.246465
727222845	ACC	-0.66759753	3.0753753	9.208179
727222854	ACC	-0.6580262	3.1040893	9.160323
727222864	ACC	-0.6436693	3.0897322	9.150752
727222873	ACC	-0.634098	3.065804	9.17468
727222883	ACC	-0.61016977	3.0514472	9.193823
727222892	ACC	-0.61016977	3.0418758	9.232108
727222902	ACC	-0.57188463	3.0466614	9.313464
727222911	ACC	-0.55752766	3.0562327	9.346964
727222921	ACC	-0.552742	3.0514472	9.385248
727222930	ACC	-0.59581286	3.0705895	9.404391
727222940	ACC	-0.6197411	3.0801609	9.428319
727222949	ACC	-0.6053841	3.0801609	9.413962
727222959	ACC	-0.6053841	3.0993035	9.39482
727222968	ACC	-0.6149554	3.0849466	9.356535
727222978	ACC	-0.62931234	3.0897322	9.2895355
727222987	ACC	-0.6149554	3.0897322	9.227323
727222997	ACC	-0.6197411	3.1040893	9.208179
727223006	ACC	-0.63888365	3.0993035	9.212965
727223016	ACC	-0.65324056	3.1040893	9.2177515
727223025	ACC	-0.63888365	3.0993035	9.232108
727223035	ACC	-0.62452674	3.0849466	9.222537
727223044	ACC	-0.6053841	3.0705895	9.241679
727223054	ACC	-0.6149554	3.0753753	9.260822
727223063	ACC	-0.58624154	3.0514472	9.299107
727223073	ACC	-0.5766702	3.065804	9.323035
727223082	ACC	-0.5814559	3.0514472	9.337392
727223092	ACC	-0.5814559	3.0514472	9.337392
727223101	ACC	-0.5766702	3.0610185	9.294321
727223111	ACC	-0.59581286	3.0610185	9.270393
727223120	ACC	-0.6149554	3.0849466	9.241679
727223130	ACC	-0.6197411	3.1040893	9.232108
727223139	ACC	-0.634098	3.1040893	9.256036
727223149	ACC	-0.6436693	3.094518	9.25125
727223158	ACC	-0.634098	3.0849466	9.279964
727223168	ACC	-0.6197411	3.0801609	9.275179
727223177	ACC	-0.6197411	3.065804	9.308679
727223187	ACC	-0.6197411	3.0418758	9.332606
727223196	ACC	-0.59581286	3.03709	9.346964
727223206	ACC	-0.6149554	3.0323045	9.342177
727223215	ACC	-0.60059845	3.0179477	9.332606
727223225	ACC	-0.60059845	3.0323045	9.308679
727223234	ACC	-0.5814559	3.0227332	9.28475
727223244	ACC	-0.58624154	3.0083764	9.279964
727223253	ACC	-0.5814559	3.0227332	9.279964
727223263	ACC	-0.59581286	3.0227332	9.28475
727223272	ACC	-0.57188463	3.0227332	9.279964
727223282	ACC	-0.567099	3.0275187	9.323035
727223291	ACC	-0.567099	3.0083764	9.337392
727223301	ACC	-0.57188463	3.0083764	9.342177
727223310	ACC	-0.552742	3.013162	9.31825
727223320	ACC	-0.5479564	3.013162	9.308679
727223329	ACC	-0.57188463	3.0227332	9.303893
727223339	ACC	-0.567099	3.0227332	9.294321
727223348	ACC	-0.5766702	3.013162	9.308679
727223358	ACC	-0.57188463	3.0323045	9.31825
727223367	ACC	-0.567099	3.013162	9.323035
727223377	ACC	-0.5479564	3.0035906	9.327821
727223386	ACC	-0.54317075	2.9892337	9.356535
727223396	ACC	-0.567099	2.9940193	9.342177
727223405	ACC	-0.5766702	3.013162	9.323035
727223415	ACC	-0.5623133	2.998805	9.323035
727223424	ACC	-0.5766702	3.0179477	9.308679
727223434	ACC	-0.567099	3.03709	9.303893
727223443	ACC	-0.53359944	3.0275187	9.279964
727223453	ACC	-0.567099	3.0179477	9.308679
727223462	ACC	-0.5383851	3.0275187	9.303893
727223472	ACC	-0.5766702	3.0275187	9.2895355
727223481	ACC	-0.5766702	3.0275187	9.308679
727223491	ACC	-0.58624154	3.0275187	9.299107
727223500	ACC	-0.5479564	3.0179477	9.313464
727223510	ACC	-0.55752766	3.0035906	9.323035
727223519	ACC	-0.54317075	2.9892337	9.308679
727223529	ACC	-0.552742	2.984448	9.342177
727223538	ACC	-0.58624154	2.984448	9.346964
727223548	ACC	-0.57188463	3.013162	9.323035
727223557	ACC	-0.5383851	2.9940193	9.308679
727223567	ACC	-0.5479564	3.0035906	9.327821
727223576	ACC	-0.54317075	3.0227332	9.31825
727223586	ACC	-0.5623133	3.0083764	9.2895355
727223595	ACC	-0.552742	3.013162	9.28475
727223605	ACC	-0.5240282	3.013162	9.241679
727223614	ACC	-0.5383851	2.998805	9.260822
727223624	ACC	-0.5910272	3.0227332	9.279964
727223633	ACC	-0.5766702	3.0466614	9.2895355
727223643	ACC	-0.5623133	3.013162	9.294321
727223652	ACC	-0.567099	3.0227332	9.31825
727223662	ACC	-0.6149554	2.9940193	9.342177
727223671	ACC	-0.6436693	3.013162	9.351749
727223681	ACC	-0.66759753	3.013162	9.313464
727223690	ACC	-0.66759753	3.0179477	9.303893
727223700	ACC	-0.701097	3.0035906	9.313464
727223709	ACC	-0.74416786	3.0275187	9.299107
727223719	ACC	-0.5910272	3.0275187	9.332606
727223728	ACC	-0.5623133	3.0418758	9.275179
727223738	ACC	-0.60059845	3.065804	9.227323
727223747	ACC	-0.62452674	3.0275187	9.208179
727223757	ACC	-0.6197411	3.0035906	9.232108
727223766	ACC	-0.6197411	2.9796624	9.222537
727223775	ACC	-0.6149554	2.9940193	9.25125
727223785	ACC	-0.61016977	3.0035906	9.299107
727223794	ACC	-0.59581286	2.9796624	9.370892
727223804	ACC	-0.61016977	2.9892337	9.409177
727223813	ACC	-0.62931234	2.9892337	9.409177
727223823	ACC	-0.64845496	2.984448	9.390035
727223832	ACC	-0.62452674	2.9748766	9.375677
727223842	ACC	-0.5910272	2.998805	9.366106
727223851	ACC	-0.62452674	2.9892337	9.337392
727223861	ACC	-0.6436693	2.9796624	9.299107
727223870	ACC	-0.62931234	2.9892337	9.2895355
727223880	ACC	-0.634098	3.0083764	9.275179
727223889	ACC	-0.634098	3.0035906	9.260822
727223899	ACC	-0.61016977	3.0035906	9.2177515
727223908	ACC	-0.552742	2.998805	9.208179
727223918	ACC	-0.53359944	2.970091	9.227323
727223927	ACC	-0.552742	2.9748766	9.303893
727223937	ACC	-0.5623133	2.9557343	9.342177
727223946	ACC	-0.5383851	2.9557343	9.351749
727223956	ACC	-0.5288138	2.9748766	9.3613205
727223965	ACC	-0.5192425	2.9892337	9.337392
727223975	ACC	-0.5288138	2.9748766	9.375677
727223984	ACC	-0.55752766	2.9748766	9.366106
727223994	ACC	-0.57188463	2.9892337	9.356535
727224003	ACC	-0.5383851	2.9940193	9.342177
727224013	ACC	-0.54317075	3.0035906	9.31825
727224022	ACC	-0.54317075	2.9940193	9.303893
727224032	ACC	-0.55752766	3.0083764	9.294321
727224041	ACC	-0.552742	2.9892337	9.303893
727224051	ACC	-0.567099	2.970091	9.299107
727224060	ACC	-0.5623133	2.984448	9.346964
727224070	ACC	-0.57188463	2.970091	9.356535
727224079	ACC	-0.5623133	2.9365916	9.356535
727224089	ACC	-0.54317075	2.946163	9.3613205
727224098	ACC	-0.55752766	2.9413772	9.337392
727224108	ACC	-0.567099	2.9270203	9.308679
727224117	ACC	-0.5479564	2.9509485	9.2895355
727224127	ACC	-0.5479564	2.9365916	9.31825
727224136	ACC	-0.567099	2.970091	9.327821
727224146	ACC	-0.552742	2.9365916	9.346964
727224155	ACC	-0.53359944	2.946163	9.3613205
727224165	ACC	-0.5240282	2.9413772	9.337392
727224174	ACC	-0.51445687	2.9509485	9.332606
727224184	ACC	-0.50488555	2.9557343	9.332606
727224193	ACC	-0.5192425	2.970091	9.323035
727224203	ACC	-0.485743	2.9557343	9.313464
727224212	ACC	-0.5096712	2.9557343	9.294321
727224222	ACC	-0.4953143	2.9318058	9.313464
727224231	ACC	-0.5240282	2.9270203	9.327821
727224241	ACC	-0.53359944	2.9413772	9.351749
727224250	ACC	-0.50488555	2.9509485	9.366106
727224260	ACC	-0.49052864	2.9365916	9.380463
727224269	ACC	-0.5096712	2.917449	9.404391
727224279	ACC	-0.5096712	2.9365916	9.375677
727224288	ACC	-0.5096712	2.9222345	9.356535
727224298	ACC	-0.5288138	2.9078777	9.351749
727224307	ACC	-0.5383851	2.9365916	9.313464
727224317	ACC	-0.5383851	2.9413772	9.294321
727224326	ACC	-0.5288138	2.9557343	9.275179
727224336	ACC	-0.55752766	2.9557343	9.308679
727224345	ACC	-0.5288138	2.9413772	9.313464
727224355	ACC	-0.51445687	2.9365916	9.327821
727224364	ACC	-0.51445687	2.9365916	9.346964
727224374	ACC	-0.5096712	2.9365916	9.337392
727224383	ACC	-0.49052864	2.9222345	9.332606
727224393	ACC	-0.485743	2.9222345	9.337392
727224402	ACC	-0.49052864	2.8935208	9.356535
727224412	ACC	-0.50488555	2.917449	9.337392
727224421	ACC	-0.49052864	2.9030921	9.327821
727224431	ACC	-0.46660042	2.8935208	9.327821
727224440	ACC	-0.47138608	2.9030921	9.346964
727224450	ACC	-0.51445687	2.8983064	9.370892
727224459	ACC	-0.5240282	2.9222345	9.351749
727224469	ACC	-0.50009996	2.9222345	9.3613205
727224478	ACC	-0.48095736	2.917449	9.337392
727224488	ACC	-0.4953143	2.9078777	9.303893
727224497	ACC	-0.5096712	2.9318058	9.299107
727224507	ACC	-0.51445687	2.9365916	9.294321
727224516	ACC	-0.5096712	2.917449	9.308679
727224526	ACC	-0.50488555	2.9078777	9.351749
727224535	ACC	-0.5192425	2.917449	9.385248
727224545	ACC	-0.53359944	2.9126635	9.413962
727224554	ACC	-0.51445687	2.9222345	9.423533
727224564	ACC	-0.5192425	2.917449	9.404391
727224573	ACC	-0.5240282	2.9413772	9.356535
727224583	ACC	-0.5479564	2.9605198	9.299107
727224592	ACC	-0.5383851	2.9653056	9.227323
727224602	ACC	-0.5240282	2.9653056	9.232108
727224611	ACC	-0.51445687	2.9413772	9.260822
727224621	ACC	-0.5096712	2.917449	9.294321
727224630	ACC	-0.48095736	2.8935208	9.351749
727224640	ACC	-0.45702913	2.917449	9.385248
727224649	ACC	-0.44745782	2.9078777	9.413962
727224659	ACC	-0.44745782	2.9078777	9.428319
727224668	ACC	-0.47138608	2.917449	9.452248
727224678	ACC	-0.50488555	2.9222345	9.423533
727224687	ACC	-0.50009996	2.9365916	9.385248
727224697	ACC	-0.4953143	2.9365916	9.351749
727224706	ACC	-0.5192425	2.9413772	9.327821
727224716	ACC	-0.5288138	2.9413772	9.303893
727224725	ACC	-0.5383851	2.9509485	9.294321
727224735	ACC	-0.5192425	2.9557343	9.275179
727224744	ACC	-0.5383851	2.9653056	9.25125
727224754	ACC	-0.5288138	2.9557343	9.25125
727224763	ACC	-0.5240282	2.946163	9.246465
727224773	ACC	-0.5096712	2.9413772	9.256036
727224782	ACC	-0.50009996	2.9030921	9.299107
727224792	ACC	-0.50009996	2.917449	9.337392
727224801	ACC	-0.49052864	2.917449	9.380463
727224811	ACC	-0.46660042	2.9270203	9.39482
727224820	ACC	-0.49052864	2.9222345	9.390035
727224830	ACC	-0.485743	2.9270203	9.390035
727224839	ACC	-0.5240282	2.9318058	9.370892
727224849	ACC	-0.5383851	2.9509485	9.356535
727224858	ACC	-0.5479564	2.9557343	9.356535
727224868	ACC	-0.5383851	2.970091	9.332606
727224877	ACC	-0.55752766	2.970091	9.313464
727224887	ACC	-0.53359944	2.970091	9.2895355
727224896	ACC	-0.5288138	2.9509485	9.279964
727224906	ACC	-0.5383851	2.9509485	9.2895355
727224915	ACC	-0.5479564	2.946163	9.313464
727224925	ACC	-0.54317075	2.9365916	9.313464
727224934	ACC	-0.5383851	2.9222345	9.332606
727224944	ACC	-0.552742	2.9126635	9.337392
727224953	ACC	-0.5623133	2.9030921	9.327821
727224963	ACC	-0.55752766	2.9126635	9.327821
727224972	ACC	-0.55752766	2.9126635	9.356535
727224982	ACC	-0.5479564	2.9222345	9.3613205
727224991	ACC	-0.54317075	2.9126635	9.351749
727225001	ACC	-0.5288138	2.9222345	9.356535
727225010	ACC	-0.5192425	2.9318058	9.31825
727225020	ACC	-0.5288138	2.946163	9.327821
727225029	ACC	-0.5288138	2.917449	9.323035
727225039	ACC	-0.5288138	2.9318058	9.303893
727225048	ACC	-0.5096712	2.9413772	9.31825
727225058	ACC	-0.5288138	2.9222345	9.303893
727225067	ACC	-0.50488555	2.9222345	9.313464
727225077	ACC	-0.48095736	2.9270203	9.351749
727225086	ACC	-0.5096712	2.9270203	9.370892
727225096	ACC	-0.49052864	2.917449	9.3613205
727225105	ACC	-0.50488555	2.9222345	9.370892
727225115	ACC	-0.5288138	2.9126635	9.351749
727225124	ACC	-0.5383851	2.9126635	9.409177
727225134	ACC	-0.552742	2.9365916	9.404391
727225143	ACC	-0.5383851	2.9653056	9.375677
727225153	ACC	-0.5288138	2.9413772	9.375677
727225162	ACC	-0.5288138	2.9318058	9.39482
727225172	ACC	-0.5192425	2.9318058	9.404391
727225181	ACC	-0.53359944	2.9653056	9.370892
727225191	ACC	-0.53359944	2.9748766	9.351749
727225200	ACC	-0.5383851	2.9509485	9.337392
727225210	ACC	-0.5192425	2.9605198	9.342177
727225219	ACC	-0.5192425	2.9557343	9.337392
727225229	ACC	-0.5240282	2.9653056	9.356535
727225238	ACC	-0.4953143	2.9653056	9.3613205
727225248	ACC	-0.5096712	2.9605198	9.337392
727225257	ACC	-0.5383851	2.9748766	9.303893
727225267	ACC	-0.552742	2.9940193	9.2895355
727225276	ACC	-0.5766702	2.998805	9.260822
727225286	ACC	-0.567099	2.984448	9.256036
727225295	ACC	-0.5383851	2.9748766	9.28475
727225305	ACC	-0.53359944	2.9892337	9.2895355
727225314	ACC	-0.5192425	2.9940193	9.279964
727225324	ACC	-0.5479564	3.013162	9.246465
727225333	ACC	-0.5479564	3.0035906	9.208179
727225343	ACC	-0.53359944	2.998805	9.2177515
727225352	ACC	-0.54317075	3.0179477	9.246465
727225362	ACC	-0.567099	3.0418758	9.337392
727225371	ACC	-0.5288138	3.0035906	9.423533
727225381	ACC	-0.5192425	2.984448	9.490533
727225390	ACC	-0.5096712	2.9509485	9.562318
727225400	ACC	-0.50488555	2.9413772	9.586246
727225409	ACC	-0.51445687	2.970091	9.524033
727225419	ACC	-0.4953143	2.946163	9.433105
727225428	ACC	-0.49052864	2.946163	9.332606
727225438	ACC	-0.4953143	2.970091	9.232108
727225447	ACC	-0.49052864	2.984448	9.165109
727225457	ACC	-0.4953143	3.0610185	9.131609
727225466	ACC	-0.485743	3.0610185	9.126823
727225476	ACC	-0.4331009	3.0514472	9.169894
727225485	ACC	-0.4139583	3.065804	9.260822
727225495	ACC	-0.4331009	3.0897322	9.337392
727225504	ACC	-0.44745782	3.0753753	9.409177
727225514	ACC	-0.44745782	3.0418758	9.457033
727225523	ACC	-0.48095736	3.0418758	9.452248
727225533	ACC	-0.51445687	3.0179477	9.423533
727225542	ACC	-0.5096712	3.0466614	9.342177
727225552	ACC	-0.47138608	3.0897322	9.2895355
727225561	ACC	-0.45224348	3.1040893	9.294321
727225571	ACC	-0.485743	3.03709	9.256036
727225580	ACC	-0.4953143	3.0035906	9.25125
727225590	ACC	-0.47138608	3.013162	9.222537
727225599	ACC	-0.42831525	3.0705895	9.198608
727225609	ACC	-0.40438703	3.0897322	9.212965
727225618	ACC	-0.42831525	3.118446	9.256036
727225628	ACC	-0.3900301	3.0275187	9.260822
727225637	ACC	-0.39960137	3.0323045	9.275179
727225647	ACC	-0.4139583	3.0753753	9.303893
727225656	ACC	-0.45224348	3.0897322	9.275179
727225666	ACC	-0.46181476	3.132803	9.299107
727225675	ACC	-0.49052864	3.1232316	9.275179
727225685	ACC	-0.46660042	3.0753753	9.260822
727225694	ACC	-0.40438703	3.0849466	9.375677
727225704	ACC	-0.30388847	3.14716	9.232108
727225713	ACC	-0.33738798	3.185445	9.342177
727225723	ACC	-0.4426722	3.266801	9.25125
727225732	ACC	-0.48095736	3.1998022	9.227323
727225742	ACC	-0.45224348	3.1280174	9.260822
727225751	ACC	-0.45702913	3.1423743	9.241679
727225761	ACC	-0.5240282	3.1567314	9.25125
727225770	ACC	-0.54317075	3.161517	9.332606
727225780	ACC	-0.5240282	3.1375887	9.385248
727225789	ACC	-0.45702913	3.03709	9.356535
727225799	ACC	-0.3900301	2.970091	9.327821
