727809870	ACC	2.3952155	1.7880367	8.547761
727809889	ACC	2.6249263	1.8454645	8.729615
727809908	ACC	2.5531418	1.8263218	9.074182
727809927	ACC	2.3712873	1.7928224	9.28475
727809946	ACC	2.3569303	1.8406788	9.026325
727809965	ACC	2.629712	1.8885353	8.782257
727809984	ACC	2.8929226	1.9076779	8.863613
727810003	ACC	3.0699914	1.8167506	9.260822
727810022	ACC	3.0939198	1.7928224	9.571889
727810041	ACC	3.0125637	1.797608	9.428319
727810060	ACC	3.0077782	1.9124635	9.165109
727810079	ACC	3.0317063	2.0033908	9.150752
727810098	ACC	2.8785655	2.0608184	9.232108
727810117	ACC	2.7972097	2.1134605	9.256036
727810136	ACC	2.5722845	2.0895324	9.299107
727810155	ACC	2.457429	2.0991037	9.184252
727810174	ACC	2.57707	2.1708884	8.897113
727810193	ACC	2.7110682	2.14696	8.897113
727810212	ACC	2.7062824	2.0703897	8.98804
727810231	ACC	2.672783	2.0368903	9.131609
727810476	ACC	2.9312077	2.501098	7.8346996
727810485	ACC	3.2566316	2.4771698	7.667202
727810495	ACC	3.8165522	2.55374	7.5092754
727810504	ACC	4.28076	2.44367	7.0785675
727810514	ACC	4.453043	2.0656042	7.0689964
727810523	ACC	4.3764725	1.9698912	6.9158554
727810533	ACC	4.3669014	1.9651057	6.7387867
727810542	ACC	4.2951164	1.8358932	6.3750777
727810552	ACC	4.098905	1.7114664	5.91087
727810561	ACC	3.7734814	1.4195421	5.346164
727810571	ACC	3.5198421	1.1084751	5.087739
727810580	ACC	3.4863427	0.7399804	4.7288156
727810590	ACC	3.4241292	0.50069815	4.532604
727810599	ACC	3.1561332	0.036490545	4.2167516
727810609	ACC	3.0125637	-0.60000026	3.9631126
727810618	ACC	3.0795627	-1.0929217	3.795615
727810628	ACC	3.1082766	-1.6863418	3.8004005
727810637	ACC	3.3523445	-2.2989044	3.862614
727810647	ACC	3.7064822	-2.801397	3.738187
727810656	ACC	3.739982	-3.3230324	3.336193
727810666	ACC	3.8117664	-3.5766716	2.8337002
727810675	ACC	3.8548372	-3.7298124	2.0536401
727810685	ACC	3.9744785	-3.815954	1.4027922
727810694	ACC	4.2520456	-3.9978085	1.0677971
727810704	ACC	4.2568316	-4.045665	0.7375876
727810713	ACC	4.113262	-3.8446677	0.2542374
727810723	ACC	4.4004006	-4.1174498	-0.33918262
727810732	ACC	5.032106	-4.543372	-0.8177471
727810742	ACC	5.9844494	-4.892724	-1.0283155
727810751	ACC	7.2287173	-5.189434	-0.82731843
727810761	ACC	8.573483	-5.1990056	-0.15732808
727810770	ACC	9.798609	-4.959723	0.6466603
727810780	ACC	11.152946	-4.6965127	1.16351
727810789	ACC	12.655639	-4.543372	1.0582259
727810799	ACC	14.024334	-4.447659	0.3068795
727810808	ACC	15.1346035	-4.342375	-0.7890333
727810818	ACC	15.359529	-4.1030927	-1.80359
727810827	ACC	15.105889	-3.8494534	-2.4735804
727810837	ACC	14.55554	-3.8255253	-2.7128627
727810846	ACC	13.966906	-3.9260237	-2.6267211
727810856	ACC	13.684553	-4.2035913	-2.248655
727810865	ACC	14.25883	-4.610371	-1.655235
727810875	ACC	15.785451	-4.9262238	-0.87996054
727810884	ACC	16.847864	-4.950152	0.10109676
727810894	ACC	17.580069	-4.7826543	0.96729857
727810903	ACC	17.982061	-4.4811587	1.5894325
727810913	ACC	18.111275	-3.9978085	1.8813568
727810922	ACC	18.3362	-3.0358937	1.8622142
727810932	ACC	18.52284	-1.9016958	1.6372889
727810941	ACC	18.575481	-0.65264237	1.4027922
727810951	ACC	18.953548	0.70169526	1.1252248
727810960	ACC	19.398613	2.137389	0.60358953
727810970	ACC	19.944178	3.4869409	0.034097724
727810979	ACC	20.126032	4.63071	-0.28175488
727810989	ACC	20.001604	5.63091	-0.401396
727810998	ACC	19.771894	6.396613	-0.32961133
727811008	ACC	19.465612	6.9565334	-0.1477568
727811017	ACC	19.135403	7.2819576	-0.032901313
727811027	ACC	18.685553	7.1766734	-0.07597212
727811036	ACC	18.068203	6.9182487	-0.05682954
727811046	ACC	17.450855	6.669395	0.096311115
727811055	ACC	16.85265	6.5641108	0.23030917
727811065	ACC	16.59901	6.425327	0.43609193
727811074	ACC	16.651653	6.329614	0.45044887
727811084	ACC	16.981863	6.1621165	0.14416756
727811093	ACC	17.441284	5.937191	-0.6023931
727811103	ACC	17.790636	5.6931233	-1.588236
727811112	ACC	17.824137	5.4107704	-2.5501506
727811122	ACC	17.781065	5.0327044	-3.2153554
727811131	ACC	17.766708	4.640281	-3.4929228
727811141	ACC	17.833708	4.14736	-3.449852
727811150	ACC	17.867207	3.7118661	-3.0382864
727811160	ACC	17.781065	3.362514	-2.492723
727811169	ACC	17.680567	2.888735	-1.9758734
727811179	ACC	17.45564	2.3383858	-1.6121643
727811188	ACC	17.364714	1.7736797	-1.358525
727811198	ACC	17.096718	1.2089736	-1.1192428
727811207	ACC	16.560726	0.6538388	-0.8751749
727811217	ACC	15.914663	0.050847482	-0.79860455
727811226	ACC	15.177674	-0.6239285	-0.74596244
727811236	ACC	14.483755	-1.2747762	-0.61675006
727811245	ACC	13.6606245	-1.8634106	-0.6454639
727811255	ACC	12.765709	-2.4903302	-0.97567344
727811264	ACC	11.784652	-3.1220353	-1.521237
727811274	ACC	10.669596	-3.6915271	-2.2342982
727811283	ACC	9.616755	-4.2514477	-2.909074
727811293	ACC	8.635697	-4.7730827	-3.3780673
727811302	ACC	7.6259255	-5.055436	-3.5790644
727811312	ACC	6.745367	-5.328218	-3.7561333
727811321	ACC	6.070591	-5.610571	-3.8518462
727811331	ACC	5.4723854	-5.849853	-3.7417765
727811340	ACC	5.032106	-6.031708	-3.4450665
727811350	ACC	4.807181	-6.1944194	-2.8995028
727811359	ACC	4.658826	-6.175277	-2.1050856
727811369	ACC	4.5487556	-6.0460644	-1.4063815
727811378	ACC	4.668397	-6.022136	-0.99960166
727811388	ACC	5.319245	-6.093921	-0.8895318
727811397	ACC	6.3338017	-6.1322064	-0.9804591
727811407	ACC	7.2526455	-6.2470617	-1.1814562
727811416	ACC	7.769495	-6.5054865	-1.4877375
727811426	ACC	7.7072816	-6.8404818	-1.9040886
727811435	ACC	7.3196445	-7.299904	-2.4305096
727811445	ACC	6.6017976	-7.64447	-2.7415764
727811454	ACC	5.759524	-8.592028	-2.521437
727811464	ACC	4.8119664	-8.94138	-2.2390838
727811473	ACC	4.046263	-9.156734	-1.7126628
727811483	ACC	3.495914	-9.324232	-1.1001002
727811492	ACC	2.8498518	-9.104092	-0.698106
727811502	ACC	2.309074	-8.659027	-0.5066802
727811511	ACC	2.2564318	-8.386245	-0.5162515
727811521	ACC	2.510071	-8.213962	-0.6646065
727811530	ACC	3.0460632	-8.046464	-0.6789634
727811540	ACC	4.0797625	-8.099107	-0.87996054
727811549	ACC	5.410172	-8.362317	-1.1862419
727811559	ACC	6.5539412	-8.563314	-1.4973087
727811568	ACC	7.5589266	-8.697312	-1.8658035
727811578	ACC	8.597412	-8.72124	-2.2007985
727811587	ACC	9.827323	-8.730812	-2.3826532
727811597	ACC	11.042876	-8.7164545	-2.6650062
727811606	ACC	12.224931	-8.587242	-2.9521449
727811616	ACC	13.095919	-8.386245	-3.0957143
727811625	ACC	13.832908	-8.376674	-2.909074
727811635	ACC	14.411971	-8.27139	-2.2007985
727811644	ACC	14.536398	-7.850253	-1.3010973
727811654	ACC	14.6225395	-7.376474	-0.51146585
727811663	ACC	14.44547	-6.797411	-0.23868406
727811673	ACC	13.966906	-6.0029936	-0.38703907
727811682	ACC	13.607983	-4.9549375	-0.8847462
727811692	ACC	13.794622	-3.7441692	-1.4733806
727811701	ACC	14.66561	-2.5381866	-1.9710877
727811711	ACC	15.790236	-1.5858432	-2.2390838
727811720	ACC	16.910078	-0.79142606	-2.2055843
727811730	ACC	17.546568	-0.020937199	-1.8227327
727811739	ACC	17.608782	0.6586244	-0.91346
727811749	ACC	17.714066	1.1563315	0.34037903
727811758	ACC	17.068005	1.9076779	1.5607185
727811768	ACC	16.158731	2.7786653	2.0536401
727811777	ACC	15.196816	3.5252259	1.5367904
727811787	ACC	14.579469	3.8937206	0.651446
727811796	ACC	14.287544	4.0707893	-0.27696922
727811806	ACC	14.297115	4.022933	-0.9708878
727811815	ACC	14.627325	3.482155	-1.1670992
727811824	ACC	15.287744	2.6973093	-0.6837491
727811834	ACC	16.287943	1.9220347	0.28773692
727811843	ACC	17.915064	1.1563315	1.3166506
727811853	ACC	19.657038	0.8452646	2.1780667
727811862	ACC	20.848663	1.0797613	2.541776
727811872	ACC	21.351156	1.4913267	2.216352
727811881	ACC	21.494726	1.7784654	1.2257234
727811891	ACC	21.48994	1.8741783	0.096311115
727811900	ACC	21.322443	1.811965	-0.846461
727811910	ACC	21.12623	1.4626129	-1.3968102
727811919	ACC	20.74338	1.1132607	-1.2675978
727811929	ACC	20.508883	0.8739785	-0.19561325
727811938	ACC	20.374886	0.79740816	1.4267205
727811948	ACC	20.250458	0.66341007	2.8289146
727811957	ACC	20.020746	0.5102694	3.795615
727811967	ACC	19.585253	0.38584265	4.456034
727811976	ACC	18.991833	0.28055847	4.700102
727811986	ACC	18.340986	0.093918286	4.523033
727811995	ACC	17.551353	-0.1692922	3.9296129
727812005	ACC	16.41237	-0.4755735	2.9437702
727812014	ACC	15.101104	-0.72442704	1.6803597
727812024	ACC	14.000405	-0.97806627	0.5270192
727812033	ACC	13.277773	-1.2077773	-0.32482567
727812043	ACC	12.947563	-1.480559	-1.090529
727812052	ACC	12.736995	-1.7724833	-1.6313069
727812062	ACC	12.339787	-2.1218355	-2.0285153
727812071	ACC	11.909079	-2.5429723	-2.3347967
727812081	ACC	11.607583	-3.0550363	-2.4161527
727812090	ACC	11.239088	-3.5814574	-2.3012972
727812100	ACC	11.13859	-4.141378	-2.1194427
727812109	ACC	11.248659	-4.7395835	-1.8514465
727812119	ACC	11.4353	-5.428716	-1.3154542
727812128	ACC	11.803794	-6.0029936	-0.7316055
727812138	ACC	12.1148615	-6.5437717	-0.6023931
727812147	ACC	12.205789	-7.2376904	-1.0331012
727812157	ACC	12.1866455	-7.902895	-1.7605193
727812166	ACC	12.191431	-8.558528	-2.440081
727812176	ACC	12.1866455	-9.372088	-3.315854
727812185	ACC	12.129218	-10.142577	-4.148556
727812195	ACC	11.827723	-10.779068	-4.6989055
727812204	ACC	11.148161	-11.200205	-4.828118
727812214	ACC	10.2723875	-11.324632	-4.66062
727812223	ACC	9.267402	-11.166705	-4.3734818
727812233	ACC	8.29113	-10.822139	-4.138985
727812242	ACC	7.4105716	-10.396216	-3.9619162
727812252	ACC	6.472585	-9.879367	-3.8183467
727812261	ACC	5.4676	-9.324232	-3.6652062
727812271	ACC	4.6301117	-8.821739	-3.3589249
727812280	ACC	3.9074793	-8.386245	-3.1052856
727812290	ACC	3.2805598	-8.16132	-2.8947172
727812299	ACC	2.6488547	-7.998608	-2.6889346
727812309	ACC	2.1415763	-7.811968	-2.39701
727812318	ACC	1.7682959	-7.582257	-1.9328024
727812328	ACC	1.7922242	-7.4291162	-1.4111671
727812337	ACC	2.4765713	-7.4195447	-0.91346
727812347	ACC	3.5437703	-7.4530444	-0.5066802
727812356	ACC	4.6731825	-7.34776	-0.26739794
727812366	ACC	5.5298133	-6.955337	-0.13339986
727812375	ACC	6.8889365	-6.945766	-0.4779663
727812385	ACC	7.4105716	-6.218348	-0.7268199
727812394	ACC	7.4775705	-5.6057854	-1.3058829
727812404	ACC	7.2526455	-5.122435	-2.018944
727812413	ACC	6.7836523	-4.6438704	-2.641078
727812423	ACC	6.257231	-4.366303	-3.0143583
727812432	ACC	6.1328044	-4.2801614	-2.9952157
727812442	ACC	6.424729	-4.045665	-2.5645077
727812451	ACC	6.6592255	-3.6436708	-2.0141585
727812461	ACC	6.788438	-3.2799616	-1.6935202
727812470	ACC	6.8171515	-3.0358937	-1.4207385
727812480	ACC	6.9655066	-2.8444679	-1.0378869
727812489	ACC	7.1712894	-2.7391837	-0.7316055
727812499	ACC	7.8604226	-2.7391837	-0.45882374
727812508	ACC	8.659625	-2.571686	-0.1381855
727812518	ACC	9.329616	-2.2223341	0.45044887
727812527	ACC	10.191031	-1.9016958	0.7902297
727812537	ACC	11.416157	-1.6002002	0.62751776
727812546	ACC	12.937992	-1.5236298	0.03888337
727812556	ACC	14.52204	-1.5523437	-0.7603194
727812565	ACC	15.96252	-1.5667006	-1.3298112
727812575	ACC	17.158932	-1.4518452	-1.6983058
727812584	ACC	18.417557	-1.4039887	-1.7557336
727812594	ACC	19.88675	-1.3513466	-1.7318054
727812603	ACC	21.60001	-1.0594223	-1.899303
727812613	ACC	22.868206	-0.47078785	-2.047658
727812622	ACC	23.595625	0.18005991	-2.3347967
727812632	ACC	23.921047	0.6442675	-2.7320054
727812641	ACC	24.174686	1.0845468	-2.9952157
727812651	ACC	24.217758	1.4003994	-3.1579278
727812660	ACC	24.174686	1.7018951	-3.2009985
727812670	ACC	23.97369	2.0608184	-3.1722846
727812679	ACC	23.423342	2.44367	-2.9042885
727812689	ACC	22.753351	2.8265216	-2.5118656
727812698	ACC	22.332214	3.0035906	-1.9615164
727812708	ACC	22.164717	3.1088748	-1.2915261
727812717	ACC	21.958933	3.2093735	-0.60717875
727812727	ACC	21.327229	3.1423743	-0.18604197
727812736	ACC	20.020746	2.9413772	-0.032901313
727812746	ACC	18.269201	2.7260232	-0.018544376
727812755	ACC	16.450655	2.4771698	0.10109676
727812765	ACC	14.727823	2.2474587	0.40259242
727812774	ACC	13.095919	2.108675	0.87158567
727812784	ACC	11.799008	1.9555343	1.3357933
727812793	ACC	10.99502	1.8454645	1.6133606
727812803	ACC	10.875379	1.5870396	1.6851454
727812812	ACC	11.033305	1.1659029	1.6707884
727812822	ACC	11.349157	0.77826554	1.5894325
727812831	ACC	11.937792	0.37627137	1.3597214
727812841	ACC	12.669996	-0.13100705	0.99601245
727812850	ACC	12.870993	-0.61914283	0.53659046
727812860	ACC	12.641282	-1.0019945	-0.008973085
727812869	ACC	12.416357	-1.3369896	-0.5162515
727812879	ACC	12.277573	-1.7198412	-0.846461
727812888	ACC	12.1866455	-2.265405	-1.2293127
727812898	ACC	12.335001	-2.667399	-1.4829519
727812907	ACC	12.368501	-2.9545379	-1.5116657
727812917	ACC	12.363714	-3.1794631	-1.4542379
727812926	ACC	12.44507	-3.5383866	-1.521237
727812936	ACC	12.602997	-4.031308	-1.7605193
727812945	ACC	12.660424	-4.7826543	-2.0859432
727812955	ACC	12.387643	-5.6584272	-2.2869403
727812964	ACC	11.799008	-6.524629	-2.4496522
727812974	ACC	11.272588	-7.34776	-2.6745775
727812983	ACC	10.7126665	-8.017751	-2.9521449
727812993	ACC	10.061819	-8.486744	-3.0957143
727813002	ACC	9.444471	-8.745169	-3.2775688
727813012	ACC	8.640483	-8.711669	-3.3254254
727813021	ACC	7.84128	-8.481958	-3.3684962
727813031	ACC	7.391429	-8.472386	-3.5503507
727813040	ACC	6.9942207	-8.429316	-3.8518462
727813050	ACC	6.3290157	-8.520244	-4.28734
727813059	ACC	5.2570314	-8.611171	-4.9812584
727813069	ACC	3.682554	-8.300103	-5.536393
727813078	ACC	2.4239295	-8.036893	-5.904888
727813088	ACC	1.8257236	-7.9363947	-6.0197434
727813097	ACC	1.9405792	-7.9507513	-5.8426747
727813107	ACC	2.672783	-8.036893	-5.3832526
727813116	ACC	3.8213377	-8.108678	-4.5505505
727813126	ACC	4.898108	-8.151749	-3.6317065
727813135	ACC	5.7786665	-8.099107	-2.9186454
727813145	ACC	6.439086	-7.912466	-2.277369
727813154	ACC	6.678368	-7.553543	-1.6217356
727813164	ACC	6.606583	-7.2233334	-1.1048858
727813173	ACC	6.3481584	-6.878767	-0.5880362
727813183	ACC	6.02752	-6.558129	0.019740786
727813192	ACC	5.663811	-6.1178493	0.58923256
727813202	ACC	5.3144593	-5.667999	0.9098708
727813211	ACC	5.271388	-5.2516475	0.9720842
727813221	ACC	5.3910294	-4.8209395	0.7710871
727813230	ACC	6.2668023	-4.706084	0.05802595
727813240	ACC	6.884151	-4.0504503	-0.7603194
727813249	ACC	7.1808605	-3.3373895	-1.3968102
727813259	ACC	7.4249287	-2.964109	-1.8801605
727813268	ACC	7.429714	-2.7343981	-2.425724
727813278	ACC	7.219146	-2.466402	-2.4448664
727813287	ACC	7.8317084	-2.504687	-2.2199411
727813297	ACC	8.338987	-1.9639091	-1.966302
727813306	ACC	9.104691	-1.4183456	-1.5116657
727813316	ACC	10.186246	-0.93978107	-1.0713863
727813325	ACC	11.650654	-0.6047859	-0.9661021
727813335	ACC	13.4022	-0.6239285	-1.2675978
727813344	ACC	15.397814	-1.0594223	-1.8945173
727813354	ACC	17.216358	-1.643271	-2.2007985
727813363	ACC	18.273987	-1.8969102	-2.1912274
727813372	ACC	18.953548	-1.5379868	-2.2199411
727813382	ACC	19.781466	-1.1503495	-2.5310082
727813391	ACC	21.08316	-0.8392825	-3.153142
727813401	ACC	22.858635	-0.29850462	-3.9044883
727813410	ACC	24.22733	0.381057	-4.8472605
727813420	ACC	24.859034	1.1946167	-5.981458
727813429	ACC	24.75375	1.8311075	-6.919445
727813439	ACC	24.279972	2.2331018	-6.8668027
727813448	ACC	23.85405	2.3718855	-6.0101724
727813458	ACC	23.088346	2.649453	-4.88076
727813467	ACC	22.681566	2.998805	-3.5790644
727813477	ACC	22.45664	3.295515	-2.3539393
727813486	ACC	22.07379	3.4486556	-1.50688
727813496	ACC	21.585653	3.4677982	-0.9613165
727813505	ACC	20.88695	3.4390843	-0.59760743
727813515	ACC	19.70968	3.4534414	-0.45882374
727813524	ACC	17.85285	3.482155	-0.6023931
727813534	ACC	15.771094	3.4103706	-0.846461
727813543	ACC	13.875978	3.2907293	-1.061815
727813553	ACC	12.330215	3.2859437	-1.1048858
727813562	ACC	11.248659	3.3338	-0.99960166
727813572	ACC	10.54517	3.391228	-0.84167534
727813581	ACC	10.080962	3.2859437	-0.7938189
727813591	ACC	9.688539	3.1423743	-0.89431745
727813600	ACC	9.631111	2.998805	-0.8751749
727813610	ACC	9.994821	2.888735	-0.55453664
727813619	ACC	10.253245	2.8025935	-0.109471634
727813629	ACC	10.51167	2.5585256	0.07716853
727813638	ACC	10.956735	2.2618155	0.048454657
727813648	ACC	11.320444	1.9698912	-0.09990034
727813657	ACC	11.521441	1.7688942	-0.2865405
727813667	ACC	11.655439	1.515255	-0.70289165
727813676	ACC	11.775081	1.1754742	-1.2771691
727813686	ACC	12.090933	0.6969096	-1.7700906
727813695	ACC	12.674782	-0.08793623	-2.0428724
727813705	ACC	13.316058	-0.8967103	-2.1481566
727813714	ACC	13.55534	-1.6815561	-2.1816561
727813724	ACC	13.770695	-2.4855444	-2.3682961
727813733	ACC	14.167903	-3.3517463	-2.4496522
727813743	ACC	14.297115	-4.241876	-2.6267211
727813752	ACC	14.120047	-5.261219	-2.9282167
727813762	ACC	13.818551	-6.2901325	-3.5216367
727813771	ACC	13.191631	-7.070193	-4.1007
727813781	ACC	12.492927	-7.630113	-4.421338
727813790	ACC	11.784652	-7.744969	-4.627121
727813800	ACC	11.014163	-7.5726852	-4.895117
727813809	ACC	10.4016	-7.45783	-5.239683
727813819	ACC	9.946963	-7.228119	-5.4789658
727813828	ACC	9.578469	-6.9266233	-5.6799626
727813838	ACC	9.372686	-6.955337	-5.8618174
727813847	ACC	8.941978	-7.1563344	-5.933602
727813857	ACC	8.118847	-7.333403	-5.7134624
727813866	ACC	7.123433	-7.596614	-5.220541
727813876	ACC	5.907879	-7.7880397	-4.58405
727813885	ACC	4.534399	-7.960323	-3.7944186
727813895	ACC	3.2087753	-8.017751	-2.8516464
727813904	ACC	2.160719	-7.9555373	-1.7844474
727813914	ACC	1.3184453	-7.8311105	-0.7363912
727813923	ACC	0.8542377	-7.744969	0.1585245
727813933	ACC	0.8877372	-7.663613	0.8428718
727813942	ACC	1.2849457	-7.64447	1.2017952
727813952	ACC	1.7300107	-7.4530444	1.1395818
727813961	ACC	2.0171494	-7.108478	0.7423732
727813971	ACC	2.2085752	-6.8404818	0.029312078
727813980	ACC	2.6105695	-6.716055	-0.50189453
727813990	ACC	2.9072795	-6.1848483	-0.8991031
727813999	ACC	2.5914268	-5.4000025	-1.3680964
727814009	ACC	3.5964124	-5.5914283	-1.80359
727814018	ACC	4.1611185	-4.988437	-2.0907288
727814028	ACC	4.5726843	-4.514658	-2.1768703
727814037	ACC	5.1756754	-4.371089	-1.9328024
727814047	ACC	5.7786665	-4.179663	-2.0045872
727814056	ACC	6.8219376	-4.1605206	-2.1433709
727814066	ACC	7.9657063	-4.1030927	-2.0045872
727814075	ACC	8.922835	-3.7441692	-1.5499508
727814085	ACC	9.564112	-3.260819	-1.1335998
727814094	ACC	9.822537	-2.6961129	-0.9517452
727814104	ACC	9.769895	-2.021337	-0.76989067
727814113	ACC	10.004392	-1.480559	-1.0857433
727814123	ACC	10.679168	-1.0881361	-1.9136599
727814132	ACC	11.861222	-0.93978107	-2.9952157
727814142	ACC	13.617554	-1.1503495	-3.9619162
727814151	ACC	15.469599	-1.5762719	-4.36391
727814161	ACC	17.245073	-1.9208384	-4.215555
727814170	ACC	18.982262	-2.1649063	-3.5838501
727814180	ACC	20.508883	-2.184049	-2.9186454
727814189	ACC	21.518654	-1.8777676	-2.4592235
727814199	ACC	21.935005	-1.332204	-2.39701
727814208	ACC	22.016361	-0.6334998	-3.0095727
727814218	ACC	21.954147	0.27098715	-3.8805602
727814227	ACC	22.293928	1.1324034	-4.7371907
727814237	ACC	23.418554	1.8454645	-5.3976097
727814246	ACC	24.83032	2.4628127	-5.6129637
727814256	ACC	25.998018	2.888735	-5.2492547
727814265	ACC	26.49094	2.9653056	-4.3686957
727814275	ACC	25.447668	3.0993035	-3.057429
727814284	ACC	23.375484	3.362514	-1.5547365
727814294	ACC	21.442083	3.4390843	-0.51146585
727814303	ACC	19.728823	3.6161532	-0.066400826
727814313	ACC	18.498913	3.7740796	0.23030917
727814322	ACC	17.623138	3.8937206	0.34516466
727814332	ACC	16.823936	3.9176488	0.33080772
727814341	ACC	15.967305	3.8123646	0.1680958
727814351	ACC	14.828321	3.6831522	5.9820566E-4
727814360	ACC	13.5074835	3.5347972	-0.16689938
727814370	ACC	12.325429	3.44387	-0.3152544
727814379	ACC	11.420942	3.3529427	-0.401396
727814389	ACC	10.73181	3.2859437	-0.4444668
727814398	ACC	10.305887	3.2189445	-0.43968117
727814408	ACC	10.061819	3.185445	-0.4109673
727814417	ACC	10.085748	3.185445	-0.28175488
727814427	ACC	10.47817	3.0179477	-0.30089745
727814436	ACC	10.889736	2.6925237	-0.6789634
727814446	ACC	11.181661	2.1948166	-1.0857433
727814455	ACC	11.416157	1.6923238	-1.3824533
727814465	ACC	11.660225	1.1659029	-1.4494523
727814474	ACC	11.712867	0.70169526	-1.3058829
727814484	ACC	11.688938	0.32841492	-1.0091729
727814493	ACC	11.99522	-0.05922236	-0.6646065
727814503	ACC	12.579068	-0.46121657	-0.49232325
727814512	ACC	13.162917	-0.9637093	-0.6550352
727814522	ACC	13.679767	-1.6959131	-1.090529
727814531	ACC	14.306686	-2.629114	-1.6648064
727814541	ACC	14.732609	-3.758526	-2.2199411
727814550	ACC	14.952748	-4.825725	-2.6171498
727814560	ACC	14.986248	-5.7397833	-3.0765717
727814569	ACC	14.790037	-6.558129	-3.4307094
727814579	ACC	14.512469	-7.3429747	-3.69392
727814588	ACC	14.086547	-8.1230345	-3.947559
727814598	ACC	13.47877	-8.812167	-4.148556
727814607	ACC	12.751352	-9.156734	-4.2203407
727814617	ACC	11.8899355	-9.2285185	-4.215555
727814626	ACC	10.999805	-9.175877	-4.2777686
727814636	ACC	10.080962	-9.037093	-4.4404807
727814645	ACC	9.018549	-8.850452	-4.761119
727814655	ACC	7.759924	-8.635098	-5.239683
727814664	ACC	6.4821568	-8.42453	-5.7230334
727814674	ACC	5.237889	-8.180463	-6.129813
727814683	ACC	4.0414777	-7.9507513	-6.3978095
727814693	ACC	3.1130621	-7.792825	-6.3547387
727814702	ACC	2.5004997	-7.6588273	-5.5746784
727814712	ACC	2.3186452	-7.6540413	-4.4021955
727814721	ACC	2.1942184	-7.4530444	-3.1292138
727814731	ACC	1.9645073	-7.0893354	-1.7030915
727814740	ACC	3.2087753	-7.7880397	-0.59760743
727814750	ACC	2.8594232	-6.9170523	0.14416756
727814759	ACC	2.3569303	-6.510272	0.6801598
727814769	ACC	2.457429	-6.4815583	1.2400804
727814778	ACC	2.376073	-6.055636	1.3836497
727814788	ACC	2.2707887	-5.6297135	0.99601245
727814797	ACC	2.457429	-5.361717	0.3595216
727814807	ACC	2.7637103	-4.916652	-0.26261228
727814816	ACC	3.1465619	-4.371089	-1.0809577
727814826	ACC	3.9218364	-3.9212382	-1.9471594
727814835	ACC	4.816752	-3.5001013	-2.7320054
727814845	ACC	5.601598	-3.0885358	-3.1387851
727814854	ACC	6.142376	-2.6865416	-3.3876386
727814864	ACC	6.745367	-2.4089742	-3.4402807
727814873	ACC	7.429714	-2.2414765	-3.3445678
727814883	ACC	7.9513497	-2.1074786	-3.0239296
727814892	ACC	8.425129	-1.7820547	-2.2582264
727814902	ACC	9.047262	-1.3704891	-1.358525
727814911	ACC	9.678967	-1.0594223	-0.8703892
727814921	ACC	10.482956	-0.91585284	-0.99003035
727814930	ACC	11.487942	-0.95413804	-1.5020944
727814940	ACC	12.401999	-0.99720883	-2.1720848
727814949	ACC	13.167703	-1.1742777	-3.0526435
727814959	ACC	13.727624	-1.5475581	-3.9714873
727814968	ACC	14.311472	-1.7246269	-4.5505505
727814978	ACC	15.144175	-1.7437695	-4.6989055
727814987	ACC	16.52244	-1.466202	-4.4835515
727814997	ACC	18.671196	-0.9924232	-4.138985
727815006	ACC	21.044876	-0.2745764	-4.0959144
727815016	ACC	23.011776	0.70648086	-4.5170507
727815025	ACC	24.720251	1.8741783	-5.110471
727815035	ACC	25.849663	3.132803	-5.8043895
727815044	ACC	26.09373	4.214359	-6.2638116
727815054	ACC	25.706093	4.7934217	-5.77089
727815063	ACC	24.67718	5.152345	-4.4835515
727815072	ACC	22.839493	5.3342	-3.057429
727815082	ACC	21.135803	5.0422754	-2.0572293
727815091	ACC	19.70968	4.5972104	-1.4973087
727815101	ACC	18.240486	4.424927	-1.3489537
727815110	ACC	16.967505	4.3148575	-1.521237
727815120	ACC	15.96252	4.2574296	-1.8945173
727815129	ACC	15.326029	4.228716	-2.2342982
727815139	ACC	15.378671	4.2239304	-2.464009
727815148	ACC	15.771094	4.1904306	-2.7463622
727815158	ACC	16.134804	4.14736	-3.1004999
727815167	ACC	15.704095	4.013362	-3.5120654
727815177	ACC	14.713467	3.8027935	-3.976273
727815186	ACC	13.603197	3.44387	-4.249055
727815196	ACC	12.4833555	3.0993035	-4.1294136
727815205	ACC	11.631511	2.7595227	-3.7130625
727815215	ACC	11.10509	2.3814569	-3.0430722
727815224	ACC	10.851451	1.9794625	-2.3395824
727815234	ACC	10.73181	1.4530416	-1.7461623
727815243	ACC	10.73181	0.98883396	-1.090529
727815253	ACC	10.884951	0.64905316	-0.5066802
727815262	ACC	10.832308	0.4528417	-0.29132617
727815272	ACC	10.827522	0.36191443	-0.4109673
727815281	ACC	10.913664	0.20398813	-0.74596244
727815291	ACC	11.10509	-0.04965107	-1.1527423
727815300	ACC	11.296515	-0.24586253	-1.5116657
727815310	ACC	11.712867	-0.5617151	-1.5738791
727815319	ACC	12.21536	-1.0450653	-1.7940187
727815329	ACC	12.593426	-1.4087744	-2.0237298
727815338	ACC	12.866207	-1.5906289	-2.2199411
727815348	ACC	13.296915	-1.8825532	-2.5262225
727815357	ACC	13.785051	-2.332404	-2.9808588
727815367	ACC	13.847264	-2.8779674	-3.4833515
727815376	ACC	13.483556	-3.6149569	-3.8614175
727815386	ACC	12.861422	-4.395017	-4.057629
727815395	ACC	11.980863	-5.2085767	-4.028915
727815405	ACC	11.057234	-5.9838514	-3.8853457
727815414	ACC	10.238888	-6.6394844	-3.650849
727815424	ACC	9.497113	-7.132406	-3.4402807
727815433	ACC	8.898908	-7.472187	-3.301497
727815443	ACC	8.338987	-7.7736826	-3.1435707
727815452	ACC	7.7120676	-7.9076805	-3.0813572
727815462	ACC	7.051648	-7.7880397	-3.205784
727815471	ACC	6.3194447	-7.582257	-3.3732817
727815481	ACC	5.663811	-7.295118	-3.6317065
727815490	ACC	5.180461	-7.0079794	-4.0959144
727815500	ACC	4.6396832	-6.7639112	-4.622335
727815509	ACC	3.9984066	-6.4719872	-5.1008997
727815519	ACC	3.505485	-6.2374907	-5.388038
727815528	ACC	3.0939198	-6.218348	-5.5076795
727815538	ACC	2.8163524	-6.2757754	-5.191827
727815547	ACC	2.6488547	-6.2518473	-4.406981
727815557	ACC	2.8163524	-6.309275	-3.2584262
727815566	ACC	3.2422748	-6.4528446	-2.1816561
727815576	ACC	3.5389848	-6.486344	-1.2149557
727815585	ACC	3.629912	-6.3810596	-0.3487539
727815595	ACC	3.548556	-6.055636	0.29252258
727815604	ACC	3.5102708	-5.5387864	0.5413761
727815614	ACC	3.802195	-5.074579	0.56530434
727815623	ACC	4.089334	-4.3519464	0.46002015
727815633	ACC	5.697311	-4.8640103	-0.22911277
727815642	ACC	5.477171	-3.3613176	-1.4207385
727815652	ACC	7.123433	-3.6245282	-3.153142
727815661	ACC	7.5110703	-2.571686	-4.258626
727815671	ACC	7.798209	-2.1984057	-4.36391
727815680	ACC	7.4823565	-2.0835502	-4.043272
727815690	ACC	7.692925	-2.126621	-2.9042885
727815699	ACC	7.91785	-1.8203398	-1.683949
727815709	ACC	7.8173513	-1.4566308	-0.7938189
727815718	ACC	8.233703	-1.346561	-0.2961118
727815728	ACC	9.037691	-1.0450653	-0.05682954
727815737	ACC	9.745967	-0.39421752	-0.032901313
727815747	ACC	10.688739	0.10827523	-0.5306084
727815756	ACC	11.751152	0.232702	-1.6743777
727815766	ACC	12.569497	0.21834506	-2.8325038
727815775	ACC	13.177275	-0.0735793	-3.7848473
727815785	ACC	13.277773	-0.4229314	-4.5505505
727815794	ACC	13.110275	-0.93978107	-5.029115
727815804	ACC	13.000205	-1.346561	-4.8903313
727815813	ACC	13.5074835	-1.7054844	-4.4548373
727815823	ACC	14.52204	-1.8442681	-3.9858444
727815832	ACC	15.862021	-1.643271	-3.6412778
727815842	ACC	17.18286	-1.3417753	-3.5886357
727815851	ACC	18.455841	-0.9349955	-3.7369907
727815861	ACC	19.594824	-0.4229314	-4.258626
727815870	ACC	20.561525	0.0029910284	-5.1008997
727815880	ACC	21.198015	0.64905316	-5.8426747
727815889	ACC	21.623938	1.5391831	-5.665606
727815899	ACC	22.26043	2.4819553	-4.36391
727815908	ACC	23.016562	3.3672996	-3.0239296
727815918	ACC	23.71048	4.11386	-2.425724
727815927	ACC	24.055046	4.386642	-2.6171498
727815937	ACC	23.389841	4.424927	-3.033501
727815946	ACC	21.93979	4.3722854	-3.4259238
727815956	ACC	20.260029	4.377071	-3.7513478
727815965	ACC	18.594625	4.377071	-3.9858444
727815975	ACC	17.393427	4.1665025	-4.1964126
727815984	ACC	16.670795	3.8602211	-4.2634115
727815994	ACC	16.230516	3.592225	-3.9954157
727816003	ACC	16.024733	3.4869409	-3.5264223
727816013	ACC	15.761522	3.4725838	-3.057429
727816022	ACC	15.321243	3.2763724	-2.9330025
727816032	ACC	14.689538	3.1040893	-2.8612177
727816041	ACC	13.9573345	2.9892337	-2.6985056
727816051	ACC	13.325629	2.687738	-2.4352953
727816060	ACC	12.689138	2.4628127	-2.1433709
727816070	ACC	12.143575	2.2187448	-2.047658
727816079	ACC	11.942577	1.9172492	-1.966302
727816089	ACC	12.052648	1.6731812	-1.9950159
727816098	ACC	12.076576	1.3477573	-2.1194427
727816108	ACC	11.937792	0.907478	-2.2917259
727816117	ACC	11.626725	0.41455653	-2.425724
727816127	ACC	11.100305	-0.09272188	-2.4879375
727816136	ACC	10.492527	-0.52342993	-2.4209383
727816146	ACC	10.171889	-0.8967103	-2.39701
727816155	ACC	9.865608	-1.3704891	-2.2103698
727816165	ACC	9.497113	-1.777269	-2.0380867
727816174	ACC	9.219545	-2.2510478	-1.9136599
727816184	ACC	8.894122	-2.7056842	-1.6887345
727816193	ACC	8.382058	-3.0933216	-1.602593
727816203	ACC	7.8460655	-3.4474592	-1.8658035
727816212	ACC	7.4153576	-3.8446677	-2.3252254
727816222	ACC	7.099505	-4.246662	-2.7320054
727816231	ACC	6.8506513	-4.67737	-3.0430722
727816241	ACC	6.6975107	-5.122435	-3.2440693
727816250	ACC	6.769295	-5.6823554	-3.2105699
727816260	ACC	6.745367	-6.2997036	-3.0000014
727816269	ACC	6.735796	-6.9074807	-2.8372893
727816279	ACC	6.7836523	-7.5056863	-2.8372893
727816288	ACC	6.754938	-7.9076805	-2.9808588
727816298	ACC	6.3768725	-8.036893	-3.2440693
727816307	ACC	5.515456	-7.7880397	-3.502494
727816317	ACC	4.4721856	-7.443473	-3.8135612
727816326	ACC	3.802195	-7.2711897	-3.99063
727816336	ACC	3.5820556	-7.0223365	-4.0480576
727816345	ACC	3.7686956	-6.902695	-4.0959144
727816355	ACC	4.290331	-6.921838	-4.0672
727816364	ACC	4.979464	-6.931409	-3.9332023
727816374	ACC	5.6877394	-6.9744797	-3.6077783
727816383	ACC	6.314659	-7.0749784	-3.1052856
727816393	ACC	6.7740808	-6.9505515	-2.521437
727816402	ACC	7.056434	-6.7686973	-1.9806589
727816412	ACC	7.2670026	-6.5677	-1.6504494
727816421	ACC	7.2909307	-6.3571315	-1.588236
727816431	ACC	7.223932	-6.093921	-1.7748762
727816440	ACC	7.3292155	-5.816354	-1.8705891
727816450	ACC	7.501499	-5.529215	-1.9998015
727816459	ACC	7.9704924	-5.328218	-2.1481566
727816469	ACC	8.4347	-5.1942196	-2.3204398
727816478	ACC	8.855837	-5.00758	-2.2295125
727816488	ACC	9.205189	-4.7826543	-1.9519451
727816497	ACC	9.449257	-4.4189453	-1.7318054
727816507	ACC	9.631111	-4.016951	-1.7078772
727816516	ACC	9.626326	-3.7106698	-1.6983058
727816526	ACC	9.492328	-3.342175	-1.5738791
727816535	ACC	9.21476	-3.0885358	-1.6360924
727816545	ACC	9.24826	-2.8444679	-1.8370895
727816554	ACC	9.186047	-2.6769702	-2.0237298
727816564	ACC	9.468399	-2.720041	-1.884946
727816573	ACC	9.860822	-2.681756	-1.3202399
727816583	ACC	10.176675	-2.1936202	-0.7268199
727816592	ACC	10.549955	-1.6911274	-0.37746778
727816602	ACC	11.023734	-1.265205	-0.7603194
727816611	ACC	11.473584	-0.8775677	-1.4303098
727816621	ACC	11.870793	-0.44685963	-2.1050856
727816630	ACC	11.966506	-0.025722843	-2.7942185
727816640	ACC	12.000006	0.20398813	-3.5216367
727816649	ACC	12.1866455	0.19920248	-4.0480576
727816659	ACC	12.449856	0.012562319	-4.435695
727816668	ACC	13.100704	-0.40378883	-4.7419763
727816678	ACC	14.0291195	-0.9445667	-4.8903313
727816687	ACC	15.029319	-1.6002002	-4.99083
727816696	ACC	15.780665	-2.1936202	-5.043472
727816706	ACC	16.354942	-2.4185455	-4.875974
727816715	ACC	17.020147	-2.2510478	-4.5074797
727816725	ACC	17.761923	-1.6863418	-4.3064823
727816734	ACC	18.503698	-0.84406817	-4.3064823
727816744	ACC	19.3699	-0.116650105	-4.5744786
727816753	ACC	20.3031	0.5820541	-4.9525447
727816763	ACC	21.040089	1.2711871	-5.1200423
727816772	ACC	21.604795	1.7880367	-4.933402
727816782	ACC	21.791435	2.1996021	-4.450052
727816791	ACC	21.288942	2.6638098	-3.8135612
727816801	ACC	20.695522	2.984448	-3.3684962
727816810	ACC	20.245672	2.9365916	-3.1292138
727816820	ACC	19.695324	2.9318058	-3.1052856
727816829	ACC	18.991833	2.970091	-3.3732817
727816839	ACC	18.355343	2.9413772	-3.7417765
727816848	ACC	17.737995	2.864807	-3.5551362
727816858	ACC	17.19243	2.6542385	-3.1196425
727816867	ACC	16.656439	2.4628127	-2.5405796
727816877	ACC	16.13959	2.2666013	-1.9519451
727816886	ACC	15.795022	1.9890338	-1.6169499
727816896	ACC	15.407385	1.6827525	-1.6265212
727816905	ACC	14.96232	1.4243277	-1.8562322
727816915	ACC	14.349757	1.1324034	-2.0907288
727816924	ACC	13.77548	0.8500503	-1.9423738
727816934	ACC	13.316058	0.5389833	-1.588236
727816943	ACC	13.03849	0.20398813	-1.1479566
727816953	ACC	13.000205	-0.26021945	-0.8129615
727816962	ACC	13.004992	-0.71007013	-0.5210371
727816972	ACC	13.009777	-1.1072787	-0.5353941
727816981	ACC	12.847065	-1.4279169	-0.87996054
727816991	ACC	12.526426	-1.6719848	-1.3776677
727817000	ACC	12.263216	-1.8107685	-1.8705891
727817010	ACC	11.842079	-2.030908	-2.3491535
727817019	ACC	11.430513	-2.2271197	-2.559722
727817029	ACC	11.29173	-2.533401	-2.6841488
727817038	ACC	11.114661	-3.112464	-2.8612177
727817048	ACC	10.736595	-3.7824545	-2.966502
727817057	ACC	10.291531	-4.4428735	-2.9425735
727817067	ACC	9.923036	-5.2277193	-2.9760733
727817076	ACC	9.583255	-6.1178493	-2.8947172
727817086	ACC	9.162118	-6.945766	-2.6506493
727817095	ACC	8.664411	-7.6013994	-2.4975085
727817105	ACC	8.2049885	-8.142178	-2.6027927
727817114	ACC	7.5493555	-8.462815	-3.004787
727817124	ACC	6.798009	-8.553742	-3.5359936
727817133	ACC	5.9174504	-8.563314	-4.0145583
727817143	ACC	5.0129633	-8.453244	-4.4835515
727817152	ACC	4.2951164	-8.410173	-4.8855457
727817162	ACC	3.8404803	-8.496315	-5.043472
727817171	ACC	3.4672	-8.625527	-4.8999023
727817181	ACC	2.9742785	-8.5681	-4.421338
727817190	ACC	2.3521447	-8.434102	-3.6699917
727817200	ACC	1.9357935	-8.190034	-2.9856443
727817209	ACC	1.7491534	-7.9746795	-2.4592235
727817219	ACC	1.6199409	-7.620542	-2.0045872
727817228	ACC	1.7300107	-7.256833	-1.5930216
727817238	ACC	2.3952155	-7.003194	-1.2963116
727817247	ACC	3.3762727	-6.8452673	-1.1288141
727817257	ACC	4.3525443	-6.6777697	-1.1383854
727817266	ACC	5.343173	-6.634699	-1.3824533
727817276	ACC	6.276374	-6.739983	-1.6121643
727817285	ACC	7.1377897	-6.797411	-1.4303098
727817295	ACC	7.745567	-6.687341	-1.0235299
727817304	ACC	8.051848	-6.4480586	-0.779462
727817314	ACC	8.267202	-6.203991	-0.7507481
727817323	ACC	8.5016985	-6.012565	-0.93260264
727817333	ACC	9.315259	-6.1322064	-1.358525
727817342	ACC	9.789038	-5.782854	-1.7126628
727817352	ACC	10.444671	-5.3856454	-1.8562322
727817361	ACC	12.081362	-5.9551373	-1.8514465
727817371	ACC	12.607782	-5.2660046	-3.1100712
727817380	ACC	12.081362	-4.701298	-4.354339
727817390	ACC	12.100504	-4.5481577	-4.182056
727817399	ACC	11.875579	-3.9786658	-3.799204
727817409	ACC	11.909079	-3.6484563	-3.8135612
727817418	ACC	11.842079	-3.2799616	-3.8470607
727817428	ACC	12.076576	-2.8540392	-3.6460636
727817437	ACC	12.646068	-2.437688	-3.181856
727817447	ACC	13.545769	-1.8586249	-2.5405796
727817456	ACC	14.4693985	-1.2604194	-2.1720848
727817466	ACC	15.014962	-0.61435723	-2.018944
727817475	ACC	15.196816	0.017347964	-2.1337996
727817485	ACC	15.235102	0.5389833	-2.4687948
727817494	ACC	15.043676	0.97926265	-2.9234312
727817504	ACC	14.81875	1.2472588	-3.5120654
727817513	ACC	14.627325	1.4051851	-3.8374894
727817523	ACC	14.617754	1.5966109	-3.5742788
727817532	ACC	14.88575	1.6731812	-3.1914272
727817542	ACC	15.507884	1.3764713	-3.0526435
727817551	ACC	16.503298	1.0271192	-2.9186454
727817561	ACC	17.517855	0.88354975	-2.8612177
727817570	ACC	18.163918	1.0079765	-3.0478578
727817580	ACC	18.623339	1.2616158	-3.4307094
727817589	ACC	19.015762	1.6588243	-3.760919
727817599	ACC	19.341185	2.2331018	-4.2634115
727817608	ACC	19.585253	2.8408787	-4.8568316
727817618	ACC	19.685751	3.2333016	-5.388038
727817627	ACC	19.728823	3.3194432	-5.665606
727817637	ACC	19.432112	3.2380872	-5.5507503
727817646	ACC	18.661623	2.984448	-4.8855457
727817656	ACC	17.680567	2.5728827	-3.8327036
727817665	ACC	16.685152	1.9890338	-2.7942185
727817675	ACC	15.857236	1.3860425	-1.7892331
727817684	ACC	15.239887	0.974477	-0.75553375
727817694	ACC	14.9096775	0.8021938	-0.0424726
727817703	ACC	14.871393	0.7160522	0.27337998
727817713	ACC	15.077175	0.5629115	0.19202402
727817722	ACC	15.416956	0.46241298	-0.20039889
727817732	ACC	15.637096	0.43848476	-0.7746763
727817741	ACC	15.531812	0.38584265	-1.4207385
727817751	ACC	15.03889	0.3188436	-2.0811574
727817760	ACC	14.541183	0.19920248	-2.6075785
727817770	ACC	14.215759	-0.011365907	-2.937788
727817779	ACC	13.909478	-0.26979074	-3.0526435
727817789	ACC	13.497912	-0.509073	-3.0717862
727817798	ACC	13.057633	-0.6861419	-3.0478578
727817808	ACC	12.842279	-0.99720883	-3.033501
727817817	ACC	12.602997	-1.4039887	-3.1292138
727817827	ACC	12.248859	-1.8442681	-3.1962128
727817836	ACC	11.770294	-2.2797618	-3.167499
727817846	ACC	11.196017	-2.6769702	-3.1292138
727817855	ACC	10.602597	-3.126821	-3.1866415
727817865	ACC	9.870394	-3.5288153	-3.2105699
727817874	ACC	8.980264	-3.7776687	-3.2153554
727817884	ACC	8.181061	-4.1030927	-3.1292138
727817893	ACC	7.487142	-4.366303	-2.8755746
727817903	ACC	6.9559355	-4.67737	-2.6554348
727817912	ACC	6.558727	-4.9692945	-2.5549364
727817922	ACC	6.2237315	-5.2277193	-2.6075785
727817931	ACC	5.9174504	-5.500501	-2.8325038
727817941	ACC	5.6303115	-5.8211393	-3.0957143
727817950	ACC	5.410172	-6.256633	-3.4354951
727817960	ACC	5.204389	-6.701698	-3.5886357
727817969	ACC	4.8646083	-7.1659055	-3.598207
727817979	ACC	4.505685	-7.7162547	-3.6604204
727817988	ACC	3.9840498	-8.247461	-3.5647075
727817998	ACC	3.3427732	-8.64467	-3.3349965
727818007	ACC	2.7158537	-8.726026	-2.9808588
727818017	ACC	2.1176481	-8.515457	-2.521437
727818026	ACC	1.7730815	-8.266604	-2.1912274
727818036	ACC	1.5625132	-7.9794655	-2.0237298
727818045	ACC	1.8831514	-8.008179	-1.3489537
727818055	ACC	2.132005	-7.8406816	-1.2197413
727818064	ACC	2.8019953	-7.835896	-1.5116657
727818074	ACC	3.586841	-7.730612	-1.5499508
727818083	ACC	4.65404	-7.7353973	-1.3537394
727818093	ACC	5.4436717	-7.6923265	-1.358525
727818102	ACC	5.9653068	-7.6923265	-1.5116657
727818112	ACC	6.161518	-7.615756	-1.7413766
727818121	ACC	6.32423	-7.630113	-2.1242282
727818131	ACC	6.8745794	-7.630113	-2.574079
727818140	ACC	7.32443	-7.4769726	-3.004787
727818150	ACC	7.91785	-7.252047	-3.382853
727818159	ACC	8.879765	-7.012765	-3.612564
727818169	ACC	10.243673	-6.7639112	-3.6604204
727818178	ACC	11.813365	-6.4145594	-3.746562
727818188	ACC	13.3352	-6.0508504	-4.0384865
727818197	ACC	14.301901	-5.500501	-4.6175494
727818207	ACC	14.321044	-4.988437	-5.3066826
727818216	ACC	13.713266	-4.5003014	-5.5220366
727818226	ACC	12.780066	-4.074379	-5.091328
727818235	ACC	11.741581	-3.7106698	-4.301697
727818245	ACC	11.02852	-3.5288153	-3.4019957
727818254	ACC	10.913664	-3.342175	-2.5836504
727818264	ACC	11.655439	-3.1890345	-2.0380867
727818273	ACC	12.559926	-2.830111	-1.8370895
727818283	ACC	13.689339	-2.1601207	-1.8897316
727818292	ACC	14.780465	-1.1599208	-2.1481566
727818302	ACC	15.527026	-0.035294134	-2.7702904
727818311	ACC	15.919449	1.0031909	-3.6412778
727818321	ACC	16.18266	1.7353946	-4.5744786
727818330	ACC	15.938592	2.309672	-5.1439705
727818340	ACC	15.330814	2.8265216	-5.0051866
727818349	ACC	14.81875	3.0418758	-4.057629
727818359	ACC	14.416757	2.9270203	-2.6985056
727818368	ACC	14.143974	2.6398816	-1.2819548
727818378	ACC	13.751552	2.5968108	0.04366901
727818387	ACC	13.55534	2.3575284	0.75673014
727818397	ACC	13.545769	2.0081763	0.7088737
727818406	ACC	13.55534	1.7641085	0.14416756
727818416	ACC	13.526627	1.783251	-0.9661021
727818425	ACC	13.718052	1.8741783	-2.114657
727818435	ACC	14.14876	1.9938195	-3.0430722
727818444	ACC	14.55554	2.1134605	-3.856632
727818453	ACC	14.947963	2.0847468	-4.3686957
727818463	ACC	15.354743	1.878964	-4.545765
727818472	ACC	15.694524	1.6013966	-4.4835515
727818482	ACC	15.804593	1.352543	-4.086343
727818491	ACC	15.627524	1.1180464	-3.679563
727818501	ACC	15.235102	0.7304091	-3.5886357
727818510	ACC	14.871393	0.3475575	-3.4977086
727818520	ACC	14.7661085	0.0077766734	-3.464209
727818529	ACC	15.005391	-0.30329028	-3.4163525
727818539	ACC	15.440885	-0.62871414	-3.478566
727818548	ACC	15.909878	-0.92542416	-3.6077783
727818558	ACC	16.287943	-1.1120644	-3.8087754
727818567	ACC	16.622938	-1.2891332	-4.0145583
727818577	ACC	16.66601	-1.3657036	-4.1868415
727818586	ACC	16.74258	-1.4470595	-4.282554
727818596	ACC	16.752151	-1.5954145	-4.354339
727818605	ACC	16.689938	-1.805983	-4.58405
727818615	ACC	16.579868	-2.059622	-4.727619
727818624	ACC	16.32623	-2.3228326	-4.8041897
727818634	ACC	15.804593	-2.5381866	-4.842475
727818643	ACC	15.249458	-2.7822545	-4.8616176
727818653	ACC	14.632111	-3.045465	-4.9286165
727818662	ACC	13.9573345	-3.3038898	-4.95733
727818672	ACC	13.296915	-3.5288153	-4.9046884
727818681	ACC	12.794423	-3.78724	-4.6175494
727818691	ACC	12.129218	-4.060022	-4.2921257
727818700	ACC	11.272588	-4.4811587	-3.9858444
727818710	ACC	10.4351	-4.734798	-3.5359936
727818719	ACC	9.554541	-4.7491546	-3.3349965
727818729	ACC	8.5016985	-4.7635117	-3.6364923
727818738	ACC	7.4919276	-4.7778687	-4.134199
727818748	ACC	6.6305118	-4.859225	-4.58405
727818757	ACC	5.8265233	-4.9692945	-4.8329034
727818767	ACC	4.95075	-5.0889354	-4.9381876
727818776	ACC	4.237689	-5.361717	-4.962116
727818786	ACC	3.5198421	-5.663213	-4.761119
727818795	ACC	2.8307092	-5.931209	-4.464409
727818805	ACC	2.2277179	-6.1561346	-3.866203
727818814	ACC	1.7587247	-6.2470617	-3.0526435
727818824	ACC	1.5720844	-6.213562	-2.3491535
727818833	ACC	1.5194423	-6.0747786	-1.8275183
727818843	ACC	1.6247265	-6.026922	-1.6169499
727818852	ACC	1.8544376	-5.988637	-1.655235
727818862	ACC	2.1176481	-5.8689957	-1.8275183
727818871	ACC	2.3377876	-5.6584272	-2.0141585
727818881	ACC	2.6344976	-5.730212	-2.3491535
727818890	ACC	2.5674987	-5.1846485	-1.9950159
727818900	ACC	2.8259234	-5.246862	-2.315654
727818909	ACC	2.9838498	-4.9453664	-2.8325038
727818919	ACC	3.1369905	-4.5242295	-3.301497
727818928	ACC	3.3762727	-4.1892343	-3.4689946
727818938	ACC	3.8691943	-4.0121655	-3.6173496
727818947	ACC	4.5248275	-3.9738803	-3.7274194
727818957	ACC	5.304888	-4.0217366	-3.4307094
727818966	ACC	6.209375	-3.8590248	-2.856432
727818976	ACC	7.1186476	-3.5240295	-2.6315067
727818985	ACC	8.085348	-3.112464	-2.7655048
727818995	ACC	8.908479	-2.7296124	-2.9952157
727819004	ACC	9.62154	-2.3898315	-3.3206396
727819014	ACC	10.143175	-1.9830518	-3.6173496
727819023	ACC	10.363315	-1.5858432	-3.80399
727819033	ACC	10.597812	-1.2029916	-3.7178483
727819042	ACC	10.947164	-0.7148558	-3.3589249
727819052	ACC	11.425728	-0.0735793	-3.0430722
727819061	ACC	12.1866455	0.60598236	-3.0670004
727819071	ACC	13.215559	1.2520444	-3.234498
727819080	ACC	14.297115	2.0368903	-3.5216367
727819090	ACC	15.144175	2.9892337	-3.7944186
727819099	ACC	15.689738	3.9128633	-4.124628
727819109	ACC	16.015162	4.731209	-4.124628
727819118	ACC	16.584654	5.2959146	-3.775276
727819128	ACC	17.187645	5.5543394	-2.99043
727819137	ACC	17.556139	5.7553368	-1.5930216
727819147	ACC	17.321644	6.3678994	-0.23389842
727819156	ACC	16.967505	6.81775	0.80937225
727819166	ACC	16.761723	6.9326053	1.4027922
727819175	ACC	16.59901	6.8225355	1.5750755
727819185	ACC	16.187445	6.7172513	1.4123635
727819194	ACC	15.589239	6.6215386	1.3836497
727819204	ACC	14.991034	6.4444695	1.393221
727819213	ACC	14.483755	6.276972	1.4410775
727819223	ACC	14.062618	6.0376897	1.4123635
727819232	ACC	13.603197	5.7696934	1.4458631
727819242	ACC	12.890136	5.5782676	1.5032908
727819251	ACC	12.492927	5.3772707	1.4985052
727819261	ACC	12.425928	4.9848475	1.4650056
727819270	ACC	12.320643	4.4392843	1.7617157
727819280	ACC	12.081362	3.8937206	2.4269204
727819289	ACC	11.69851	3.4247274	3.1782668
727819299	ACC	11.440085	2.9413772	3.766901
727819308	ACC	11.033305	2.5585256	3.9008992
727819318	ACC	10.837093	2.14696	3.5132618
727819327	ACC	10.803595	1.6683956	3.2452657
727819337	ACC	10.425529	1.0989038	3.5324044
727819346	ACC	9.84168	0.5485546	4.221537
727819356	ACC	9.142975	0.11306087	5.1786666
727819365	ACC	8.439486	-0.10229317	5.853442
727819375	ACC	7.8077803	-0.17407785	5.8151574
727819384	ACC	7.3052874	-0.25543383	5.307879
727819394	ACC	6.7932234	-0.4755735	4.7336016
727819403	ACC	6.209375	-0.71007013	4.42732
727819413	ACC	5.7116675	-0.84406817	4.451248
727819422	ACC	5.261817	-1.0881361	4.767101
727819432	ACC	5.0177493	-1.1886346	5.250451
727819441	ACC	4.955536	-1.2939188	5.738587
727819451	ACC	5.1613183	-1.250848	6.0305114
727819460	ACC	5.477171	-1.1455638	5.992226
727819470	ACC	5.7355957	-1.0163515	5.695516
727819479	ACC	5.922236	-0.8392825	5.236094
727819489	ACC	6.113662	-1.0067801	5.2695937
727819498	ACC	5.9988065	-1.332204	5.953941
727819508	ACC	5.400601	-1.6528423	6.4037914
727819517	ACC	4.725825	-1.6911274	6.1070814
727819527	ACC	4.534399	-1.4087744	6.8727846
727819536	ACC	4.4817567	-1.2173486	7.1072817
727819546	ACC	4.4674	-1.049851	6.992426
727819555	ACC	4.558327	-0.84406817	7.016354
727819565	ACC	4.4913282	-0.52342993	6.8727846
727819574	ACC	4.328616	-0.15972091	6.7818575
727819584	ACC	4.4004006	0.089132644	6.949355
727819593	ACC	4.2041893	0.38584265	6.4420767
727819603	ACC	4.0127635	0.46241298	6.298507
727819612	ACC	3.9026937	0.35234314	6.777072
727819622	ACC	3.6346977	0.19441684	7.4422765
727819631	ACC	3.3954153	0.18005991	8.045268
727819641	ACC	3.2614172	0.06520442	8.50469
727819650	ACC	3.1657043	0.06520442	8.892327
727819660	ACC	3.0364919	0.1896312	9.040682
727819669	ACC	3.117848	0.41455653	8.868399
727819679	ACC	3.3667014	0.51505506	8.815757
727819688	ACC	3.3714871	0.63948184	8.901898
727819698	ACC	3.2422748	0.67776704	9.011969
727819707	ACC	3.318845	0.6969096	9.246465
727819717	ACC	3.3619158	0.81655073	9.232108
727819726	ACC	3.318845	0.8979067	9.078967
727819736	ACC	3.3092737	0.9457632	8.944969
727819745	ACC	3.1609187	0.9840483	8.782257
727819755	ACC	2.9312077	1.055833	8.571689
727819764	ACC	2.6392834	1.0749756	8.499905
727819774	ACC	2.4526432	0.9936196	8.743972
727819783	ACC	2.347359	0.8787641	9.265608
727819793	ACC	2.3808584	0.7830512	9.739387
727819802	ACC	2.5962126	0.78783685	9.964312
727819812	ACC	2.926422	0.8739785	9.868599
727819821	ACC	3.2805598	0.9696914	9.461819
727819831	ACC	3.6394832	1.1228321	8.98804
727819840	ACC	3.9218364	1.4003994	8.8492565
727819850	ACC	4.1180477	1.5487545	9.050254
727819859	ACC	4.2568316	0.8500503	7.643274
727819869	ACC	3.4097722	1.515255	7.289136
727819878	ACC	3.141776	1.811965	7.3369923
727819888	ACC	3.3523445	1.5678971	7.2987075
727819897	ACC	3.4480574	1.5726827	8.021339
727819907	ACC	3.3762727	1.5583258	9.045467
