727746516	ACC	3.1896327	3.0035906	7.815557
727746526	ACC	3.3092737	2.85045	7.3417783
727746535	ACC	3.2231321	2.7116663	6.867999
727746545	ACC	2.993421	2.5489542	6.274579
727746554	ACC	2.8642087	2.2378874	5.604589
727746564	ACC	2.309074	1.8454645	4.791029
727746573	ACC	2.2612174	1.4721842	4.202395
727746583	ACC	2.28036	1.1611172	3.5611184
727746592	ACC	1.969293	0.5820541	2.7044878
727746602	ACC	2.2707887	0.23748764	1.9483558
727746611	ACC	2.28036	-0.13100705	1.0199406
727746621	ACC	2.5866413	-0.4325027	0.2015953
727746630	ACC	3.4624143	-0.5712864	-0.32004002
727746640	ACC	3.9314077	-0.77706915	-0.43968117
727746649	ACC	4.371687	-1.0546366	-0.21954148
727746659	ACC	4.453043	-1.0019945	0.17766708
727746668	ACC	4.0797625	-0.8967103	0.081954174
727746678	ACC	3.9170506	-0.9206385	-0.57846487
727746687	ACC	3.9840498	-0.9302098	-1.7174485
727746697	ACC	4.180261	-0.9589237	-3.0765717
727746706	ACC	4.625326	-1.0450653	-4.2921257
727746716	ACC	5.123033	-1.2029916	-5.2253265
727746725	ACC	6.13759	-1.4997016	-5.852246
727746735	ACC	7.4679995	-1.8490537	-6.053243
727746744	ACC	8.535198	-2.0835502	-5.4789658
727746754	ACC	8.913264	-1.8634106	-3.8901315
727746763	ACC	9.439685	-1.4566308	-2.2390838
727746773	ACC	10.942378	-1.3034902	-1.21017
727746782	ACC	12.378072	-1.2747762	-0.80817586
727746792	ACC	13.2203455	-1.2699906	-0.7890333
727746801	ACC	13.47877	-1.1694921	-0.86081797
727746811	ACC	13.129417	-1.0929217	-1.0091729
727746820	ACC	12.990634	-0.9924232	-1.439881
727746830	ACC	13.201202	-0.85842514	-1.8753748
727746839	ACC	13.550554	-0.58564335	-2.315654
727746849	ACC	13.670196	-0.044865426	-2.69372
727746858	ACC	13.780266	0.5054838	-3.2009985
727746868	ACC	14.110476	1.1659029	-3.6699917
727746877	ACC	14.9096775	1.7114664	-4.4548373
727746887	ACC	16.053448	1.8454645	-4.6893344
727746896	ACC	17.575283	1.338186	-4.057629
727746906	ACC	18.63291	1.1563315	-2.6602206
727746915	ACC	18.967905	1.3573287	-1.3537394
727746925	ACC	18.920048	1.6109679	-0.7938189
727746934	ACC	18.063417	1.8023937	-0.97567344
727746944	ACC	17.771494	1.9794625	-1.3345969
727746953	ACC	18.04906	2.3814569	-2.4496522
727746963	ACC	17.230717	2.55374	-3.5694933
727746972	ACC	15.862021	2.3144577	-3.8231323
727746982	ACC	14.531611	1.9076779	-2.99043
727746991	ACC	13.421342	1.8215362	-1.7030915
727747001	ACC	12.894921	1.5104693	-0.4444668
727747010	ACC	12.947563	1.0510473	0.651446
727747020	ACC	13.325629	0.72083783	1.2209377
727747029	ACC	14.29233	0.4863412	1.2592229
727747039	ACC	14.598611	0.4671986	0.9816555
727747048	ACC	14.062618	0.6538388	0.49351966
727747058	ACC	13.263416	0.8213364	-0.21954148
727747067	ACC	12.21536	0.9601201	-0.7363912
727747077	ACC	11.464013	1.0510473	-0.93260264
727747086	ACC	10.875379	1.1084751	-0.8847462
727747096	ACC	10.210175	1.2520444	-0.7076773
727747105	ACC	9.798609	1.338186	-0.37268212
727747115	ACC	10.076176	1.3046865	0.053240303
727747124	ACC	10.750952	1.3908281	0.36430725
727747134	ACC	11.425728	1.634896	0.46959144
727747143	ACC	12.009577	1.9028922	0.33559337
727747153	ACC	12.354143	2.1852453	-0.066400826
727747162	ACC	12.339787	2.5106692	-0.5832505
727747172	ACC	12.220145	2.7930222	-0.9708878
727747181	ACC	12.033505	2.9748766	-1.21017
727747191	ACC	12.110075	2.9605198	-1.0091729
727747200	ACC	12.320643	2.888735	-0.32004002
727747210	ACC	12.545569	2.8073792	0.49830532
727747219	ACC	12.880565	2.7499514	1.1300105
727747229	ACC	13.483556	2.620739	1.6133606
727747238	ACC	14.25883	2.5441687	1.905285
727747248	ACC	15.067604	2.4819553	1.933999
727747257	ACC	15.565311	2.4197419	1.5511472
727747267	ACC	15.890736	2.2139592	0.89072824
727747276	ACC	16.220945	1.9794625	0.11066805
727747286	ACC	16.670795	1.7018951	-0.6693921
727747295	ACC	17.096718	1.5248263	-1.4925231
727747305	ACC	17.355143	1.352543	-2.411367
727747314	ACC	17.59921	1.0797613	-3.205784
727747324	ACC	17.637495	0.89312106	-3.827918
727747333	ACC	17.651854	0.6155536	-4.153342
727747343	ACC	17.766708	0.25184458	-4.1437707
727747352	ACC	17.934206	-0.13579269	-3.8327036
727747362	ACC	17.943777	-0.53300124	-3.4689946
727747371	ACC	17.99642	-0.9349955	-3.2536407
727747381	ACC	17.694923	-1.2795619	-3.2392836
727747390	ACC	16.943577	-1.6336997	-3.354139
727747400	ACC	16.235302	-2.0117657	-3.464209
727747409	ACC	15.684953	-2.3611178	-3.4546378
727747419	ACC	15.297316	-2.6578279	-3.4211383
727747428	ACC	14.689538	-2.858825	-3.3924243
727747437	ACC	13.785051	-3.0311081	-3.4354951
727747447	ACC	12.894921	-3.1890345	-3.330211
727747456	ACC	12.272787	-3.251248	-3.2775688
727747466	ACC	11.693725	-3.2847474	-3.1196425
727747475	ACC	11.023734	-3.3038898	-3.0957143
727747485	ACC	10.219746	-3.3852458	-3.205784
727747494	ACC	9.229117	-3.4809587	-3.1914272
727747504	ACC	8.109276	-3.5096726	-3.0478578
727747513	ACC	7.204789	-3.5527434	-2.7655048
727747523	ACC	6.5204415	-3.557529	-2.4544377
727747532	ACC	6.0897336	-3.5766716	-2.167299
727747542	ACC	5.73081	-3.6245282	-1.9902302
727747551	ACC	5.2905307	-3.6197424	-1.8083757
727747561	ACC	4.7114677	-3.6628132	-1.6265212
727747570	ACC	4.2281175	-3.6532419	-1.2915261
727747580	ACC	3.6634114	-3.49053	-0.9804591
727747589	ACC	3.1800613	-3.3613176	-0.8560323
727747599	ACC	2.8689942	-3.3278182	-0.86560357
727747608	ACC	2.6249263	-3.2799616	-0.8751749
727747618	ACC	2.3425734	-3.2177482	-0.93260264
727747627	ACC	2.0602202	-3.1459637	-0.994816
727747637	ACC	1.8879371	-3.1076784	-1.076172
727747646	ACC	1.68694	-3.112464	-1.2293127
727747656	ACC	1.5481563	-3.0885358	-1.4494523
727747665	ACC	1.5002998	-3.1459637	-1.669592
727747675	ACC	1.4476577	-3.2129626	-1.8131614
727747684	ACC	1.3950156	-3.1986058	-1.8801605
727747694	ACC	1.5146568	-3.1794631	-1.8131614
727747703	ACC	1.753939	-3.1459637	-1.7413766
727747713	ACC	2.103291	-3.1746774	-1.7270198
727747722	ACC	2.6249263	-3.2321053	-1.7270198
727747732	ACC	3.4097722	-3.289533	-1.7892331
727747741	ACC	4.2711883	-3.2560334	-1.9088743
727747751	ACC	5.4388857	-3.260819	-2.1098714
727747760	ACC	6.5635123	-3.2656047	-2.440081
727747770	ACC	7.6546397	-3.1172497	-2.5405796
727747779	ACC	8.439486	-2.8779674	-2.5405796
727747789	ACC	8.592627	-2.466402	-2.7463622
727747798	ACC	8.405986	-2.030908	-3.086143
727747808	ACC	8.056634	-1.8107685	-3.1244283
727747817	ACC	8.774481	-1.8921245	-3.612564
727747827	ACC	9.305687	-1.3561323	-4.004987
727747836	ACC	10.454242	-1.2604194	-4.430909
727747846	ACC	11.497513	-1.2173486	-4.727619
727747855	ACC	12.210574	-1.0450653	-4.8903313
727747865	ACC	13.316058	-0.360718	-4.842475
727747874	ACC	14.8378935	0.20398813	-5.0051866
727747884	ACC	16.22573	0.5629115	-5.3162537
727747893	ACC	17.546568	0.7543373	-5.517251
727747903	ACC	18.120846	0.9457632	-5.8713884
727747912	ACC	17.915064	1.1611172	-6.1680984
727747922	ACC	17.00579	1.3573287	-6.1680984
727747931	ACC	15.560526	1.4386846	-5.890531
727747941	ACC	14.349757	1.4530416	-5.4502516
727747950	ACC	13.88555	1.3477573	-5.17747
727747960	ACC	13.646268	1.189831	-5.1583276
727747969	ACC	14.254045	1.0893325	-5.115257
727747979	ACC	15.235102	1.2855439	-5.2253265
727747988	ACC	15.330814	1.6253247	-5.244469
727747998	ACC	15.010177	1.9507487	-4.8999023
727748007	ACC	14.703896	2.3336003	-4.4548373
727748017	ACC	14.277973	2.769094	-4.004987
727748026	ACC	13.861622	3.0418758	-3.7848473
727748036	ACC	13.670196	3.118446	-3.7417765
727748045	ACC	13.694124	3.2859437	-3.8327036
727748055	ACC	13.88555	3.4486556	-3.8901315
727748064	ACC	14.167903	3.6400814	-3.6843486
727748074	ACC	14.282759	3.9128633	-3.2536407
727748083	ACC	14.096118	4.1234317	-2.8995028
727748093	ACC	13.770695	4.3292146	-2.708077
727748102	ACC	13.383057	4.5062833	-2.612364
727748112	ACC	12.966706	4.616353	-2.5932214
727748121	ACC	12.598211	4.5972104	-2.521437
727748131	ACC	12.344572	4.601996	-2.5501506
727748140	ACC	12.143575	4.5158544	-2.545365
727748150	ACC	12.047862	4.429713	-2.3635106
727748159	ACC	12.100504	4.286144	-1.8370895
727748169	ACC	11.985648	4.1808596	-1.3010973
727748178	ACC	11.870793	4.1665025	-0.8991031
727748188	ACC	11.650654	4.2191443	-0.8177471
727748197	ACC	11.464013	4.276572	-1.0570294
727748207	ACC	11.66501	4.3244286	-1.50688
727748216	ACC	11.985648	4.3292146	-2.0620148
727748226	ACC	12.325429	4.267001	-2.4687948
727748235	ACC	12.789637	4.1090746	-2.6506493
727748245	ACC	13.115061	3.9463627	-2.8947172
727748254	ACC	13.435699	3.6975093	-3.1962128
727748264	ACC	13.818551	3.4103706	-3.3924243
727748273	ACC	14.14876	3.1375887	-3.7369907
727748283	ACC	14.727823	2.7595227	-3.8374894
727748292	ACC	15.230316	2.44367	-3.8135612
727748302	ACC	15.383457	2.295315	-3.9140596
727748311	ACC	15.761522	2.079961	-4.134199
727748321	ACC	15.838093	1.8311075	-4.47398
727748330	ACC	15.713666	1.6683956	-5.0195436
727748340	ACC	15.699309	1.6013966	-5.8713884
727748349	ACC	15.823736	1.5631114	-6.665806
727748359	ACC	15.66581	1.5439688	-7.44108
727748368	ACC	15.6466675	1.3669	-8.039286
727748378	ACC	15.641882	1.1228321	-8.335996
727748387	ACC	15.292529	0.8021938	-8.264212
727748397	ACC	14.857036	0.37627137	-7.6516485
727748406	ACC	14.321044	0.060418773	-6.9338017
727748416	ACC	13.66541	-0.28893334	-6.58445
727748425	ACC	12.894921	-0.62871414	-6.402595
727748435	ACC	11.846865	-0.9062816	-6.2398834
727748444	ACC	10.861022	-1.0929217	-5.9958153
727748454	ACC	9.966106	-1.3752748	-5.799604
727748463	ACC	9.401401	-1.7389839	-5.5459647
727748473	ACC	9.138189	-2.0644078	-5.244469
727748482	ACC	8.961121	-2.370689	-4.8855457
727748492	ACC	8.334201	-2.5812573	-4.2394834
727748501	ACC	7.348358	-2.6721847	-3.6556349
727748511	ACC	6.3768725	-2.5908287	-3.086143
727748520	ACC	5.611169	-2.519044	-2.7176483
727748530	ACC	5.022535	-2.562115	-2.5645077
727748539	ACC	4.6396832	-2.5908287	-2.440081
727748549	ACC	4.4721856	-2.504687	-2.2821546
727748558	ACC	4.2711883	-2.4568307	-2.1912274
727748568	ACC	4.2185464	-2.437688	-2.1194427
727748577	ACC	4.017549	-2.4616163	-2.0811574
727748587	ACC	3.6203406	-2.5142584	-1.9136599
727748596	ACC	3.1896327	-2.5573292	-1.6408781
727748606	ACC	2.6632116	-2.533401	-1.4446666
727748615	ACC	2.0697916	-2.533401	-1.3202399
727748625	ACC	1.5433706	-2.6099713	-1.2005987
727748634	ACC	1.1700903	-2.6769702	-1.1192428
727748644	ACC	1.1557333	-2.6626134	-1.1144571
727748653	ACC	1.1653047	-2.6338995	-1.2675978
727748663	ACC	1.3280165	-2.7248268	-1.3968102
727748672	ACC	1.4668003	-2.653042	-1.4638093
727748682	ACC	1.8400806	-2.6004	-1.4877375
727748691	ACC	2.6201408	-2.5860431	-1.6169499
727748701	ACC	3.548556	-2.614757	-1.817947
727748710	ACC	4.2759743	-2.5094728	-2.1433709
727748720	ACC	4.6731825	-2.3611178	-2.5788646
727748729	ACC	4.816752	-2.236691	-3.019144
727748739	ACC	4.807181	-2.1122642	-3.3349965
727748748	ACC	5.13739	-1.9543378	-3.6029928
727748758	ACC	5.706882	-1.9160527	-4.182056
727748767	ACC	6.4295144	-1.9926231	-4.8137608
727748777	ACC	7.223932	-2.11705	-5.081757
727748786	ACC	7.836494	-2.1888344	-5.1296134
727748796	ACC	8.415557	-2.2462623	-5.057829
727748805	ACC	9.645468	-2.3946173	-5.000401
727748815	ACC	10.990234	-2.5238297	-5.1008997
727748824	ACC	11.617154	-2.6338995	-5.1583276
727748834	ACC	11.770294	-2.6195426	-5.000401
727748843	ACC	11.846865	-2.629114	-4.9525447
727748853	ACC	11.894721	-2.5908287	-5.1966124
727748862	ACC	12.765709	-2.571686	-5.742176
727748872	ACC	13.880764	-2.6626134	-6.617949
727748881	ACC	14.842679	-2.720041	-7.201798
727748891	ACC	15.9433775	-2.6243281	-7.3214393
727748900	ACC	16.752151	-2.289333	-7.388438
727748910	ACC	17.111074	-1.7389839	-7.431509
727748919	ACC	17.51307	-1.3082758	-7.5846496
727748929	ACC	17.426928	-0.91585284	-7.5942206
727748938	ACC	17.111074	-0.37986058	-7.3166533
727748948	ACC	17.04886	0.084346995	-6.747162
727748957	ACC	16.536797	0.6442675	-6.062814
727748967	ACC	15.905092	1.0941181	-5.4789658
727748976	ACC	15.8715925	1.4099708	-5.081757
727748986	ACC	15.828522	1.8071793	-4.919045
727748995	ACC	15.771094	2.25703	-5.1200423
727749005	ACC	15.531812	2.6542385	-5.4311094
727749014	ACC	15.584454	3.0705895	-5.47418
727749024	ACC	15.74238	3.510869	-5.435895
727749033	ACC	15.565311	4.0851464	-5.354539
727749043	ACC	15.005391	4.592425	-5.2923255
727749052	ACC	14.344972	4.9226346	-5.191827
727749062	ACC	13.837693	5.157131	-4.852046
727749071	ACC	13.502698	5.391628	-4.512265
727749081	ACC	13.339986	5.5160546	-4.3208394
727749090	ACC	13.167703	5.3964133	-3.9140596
727749100	ACC	12.9236355	5.233701	-3.3493536
727749109	ACC	12.5551405	5.0183473	-2.8037899
727749119	ACC	12.02872	4.750351	-2.344368
727749128	ACC	11.473584	4.558925	-1.9806589
727749138	ACC	11.042876	4.5014977	-1.6456637
727749147	ACC	10.904093	4.4488554	-1.4494523
727749157	ACC	11.023734	4.3292146	-1.5834504
727749166	ACC	11.176874	4.161717	-1.7557336
727749176	ACC	11.042876	4.03729	-1.9136599
727749185	ACC	11.181661	4.089932	-2.0811574
727749195	ACC	11.722438	4.128217	-2.373082
727749204	ACC	12.449856	4.080361	-2.7942185
727749214	ACC	13.201202	3.9655054	-3.301497
727749223	ACC	13.765908	3.7645082	-3.760919
727749233	ACC	14.096118	3.5300117	-4.215555
727749242	ACC	14.560326	3.1998022	-4.4596233
727749252	ACC	15.010177	2.9413772	-4.5409794
727749261	ACC	15.469599	2.6350958	-4.8903313
727749271	ACC	16.029518	2.2187448	-5.469394
727749280	ACC	16.465014	1.811965	-5.947959
727749290	ACC	16.70908	1.3956138	-6.3403816
727749299	ACC	16.867006	0.9696914	-6.47438
727749309	ACC	16.871792	0.4863412	-6.527022
727749318	ACC	16.843079	0.0077766734	-6.5700927
727749328	ACC	16.843079	-0.41814575	-6.689734
727749337	ACC	16.618153	-0.80578303	-6.756733
727749347	ACC	16.378872	-1.0881361	-6.7998037
727749356	ACC	16.13959	-1.3657036	-6.929016
727749366	ACC	15.723238	-1.6193427	-7.091728
727749375	ACC	15.340386	-1.7102699	-6.9481587
727749385	ACC	15.086747	-1.762912	-6.77109
727749394	ACC	14.598611	-1.8681962	-6.8189464
727749404	ACC	13.952549	-2.0979073	-6.704091
727749413	ACC	13.162917	-2.2845473	-6.3164535
727749423	ACC	12.229716	-2.4903302	-6.0101724
727749432	ACC	11.186446	-2.5956144	-5.708677
727749442	ACC	10.24846	-2.7008986	-5.3593245
727749451	ACC	9.449257	-2.7966115	-4.976473
727749461	ACC	8.69791	-2.9210382	-4.58405
727749470	ACC	7.9369926	-3.00718	-4.148556
727749480	ACC	7.223932	-3.1076784	-3.7034912
727749489	ACC	6.802795	-3.2416766	-3.1483564
727749499	ACC	6.35773	-3.3517463	-2.6075785
727749508	ACC	5.7547383	-3.4426737	-2.1050856
727749518	ACC	5.1900325	-3.4666018	-1.7078772
727749527	ACC	4.6971107	-3.4474592	-1.4973087
727749537	ACC	3.993621	-3.399603	-1.439881
727749546	ACC	3.2470603	-3.2943187	-1.4781662
727749556	ACC	2.629712	-3.1842487	-1.4877375
727749565	ACC	2.1176481	-3.0693932	-1.4255241
727749575	ACC	1.8017955	-2.949752	-1.372882
727749584	ACC	1.5577276	-2.9449666	-1.4063815
727749594	ACC	1.6007984	-2.9018958	-1.3489537
727749603	ACC	1.6677973	-2.8731818	-1.3250256
727749613	ACC	1.7108682	-2.8396823	-1.3202399
727749622	ACC	1.7587247	-2.8205397	-1.3393825
727749632	ACC	1.7922242	-2.7822545	-1.439881
727749641	ACC	1.8017955	-2.7248268	-1.6073786
727749651	ACC	1.8783658	-2.629114	-1.7892331
727749660	ACC	2.0458634	-2.6004	-1.9184456
727749670	ACC	2.3569303	-2.5573292	-2.1003
727749679	ACC	2.57707	-2.4568307	-2.248655
727749689	ACC	2.9742785	-2.4185455	-2.3539393
727749698	ACC	3.6107693	-2.356332	-2.5836504
727749708	ACC	4.319045	-2.289333	-2.8660033
727749717	ACC	5.113462	-2.1888344	-3.2009985
727749727	ACC	5.812166	-2.0835502	-3.5359936
727749736	ACC	6.506085	-2.021337	-3.9619162
727749746	ACC	7.018149	-2.0021944	-4.2921257
727749755	ACC	7.1425757	-1.925624	-4.5888357
727749765	ACC	7.3196445	-1.911267	-4.785047
727749774	ACC	7.984849	-1.9160527	-5.0099726
727749784	ACC	8.688339	-1.8346968	-5.5220366
727749793	ACC	9.300901	-1.6815561	-6.029315
727749803	ACC	9.9756775	-1.6719848	-6.5222363
727749812	ACC	11.215159	-1.8442681	-6.747162
727749822	ACC	12.751352	-1.8969102	-6.617949
727749831	ACC	13.938192	-1.7533408	-6.2350974
727749841	ACC	14.517255	-1.561915	-6.1154566
727749850	ACC	14.617754	-1.4566308	-6.2159553
727749860	ACC	14.464613	-1.332204	-6.2638116
727749869	ACC	14.14876	-1.0689936	-6.302097
727749879	ACC	14.210974	-0.9876375	-6.3643103
727749888	ACC	14.651253	-1.035494	-6.25424
727749898	ACC	15.3356	-0.9062816	-6.0101724
727749907	ACC	16.11566	-0.8632108	-5.517251
727749917	ACC	16.651653	-0.49471608	-4.8233323
727749926	ACC	17.307285	0.16570297	-4.330411
727749936	ACC	18.139988	1.0031909	-4.249055
727749945	ACC	18.561125	2.1517458	-4.7228336
727749955	ACC	19.231115	3.2572298	-5.9910297
727749964	ACC	19.408184	4.0420756	-7.431509
727749974	ACC	18.623339	4.7216372	-8.326425
727749983	ACC	17.699709	5.118846	-8.469994
727749993	ACC	16.747366	5.3389854	-8.111071
727750002	ACC	15.909878	5.3772707	-7.2065835
727750012	ACC	15.455241	5.2049875	-5.876174
727750021	ACC	14.828321	5.0997033	-4.7084765
727750031	ACC	13.842479	5.023133	-3.8757744
727750040	ACC	12.914063	4.764708	-3.4259238
727750050	ACC	11.96172	4.5397825	-3.39721
727750059	ACC	11.143375	4.362714	-3.2919257
727750069	ACC	10.535598	4.137789	-3.033501
727750078	ACC	9.889536	3.9128633	-2.7702904
727750088	ACC	9.128618	3.7884364	-2.4687948
727750097	ACC	8.645268	3.7453656	-2.277369
727750107	ACC	8.4347	3.6783667	-2.3587248
727750116	ACC	8.539984	3.6113675	-2.5692933
727750126	ACC	8.817552	3.5730824	-2.8229325
727750135	ACC	9.123833	3.5491543	-3.1292138
727750145	ACC	9.62154	3.5300117	-3.114857
727750154	ACC	9.956535	3.6687953	-2.9952157
727750164	ACC	10.2723875	3.8506498	-3.0526435
727750173	ACC	10.870593	3.9990048	-3.3349965
727750183	ACC	11.717652	4.1330028	-3.8231323
727750192	ACC	12.756138	4.252644	-4.435695
727750202	ACC	13.7324095	4.3387856	-5.057829
727750211	ACC	14.646467	4.267001	-5.622535
727750221	ACC	15.306887	4.161717	-6.187241
727750230	ACC	15.6466675	3.9607196	-6.665806
727750240	ACC	15.814165	3.7118661	-7.019943
727750249	ACC	16.220945	3.3960135	-7.350153
727750259	ACC	16.618153	3.0275187	-7.6085777
727750268	ACC	17.00579	2.5058835	-7.622935
727750278	ACC	17.158932	1.9651057	-7.3214393
727750287	ACC	17.029718	1.4243277	-6.962516
727750297	ACC	16.953148	0.9984053	-6.5892353
727750306	ACC	16.914864	0.6681957	-6.378667
727750316	ACC	16.876577	0.36670008	-6.3547387
727750325	ACC	16.59901	0.10827523	-6.402595
727750335	ACC	16.187445	-0.09750752	-6.426523
727750344	ACC	15.670595	-0.3272185	-6.5605216
727750354	ACC	15.201602	-0.6095716	-6.6131635
727750363	ACC	14.646467	-0.78664047	-6.402595
727750373	ACC	13.947763	-1.102493	-6.230312
727750382	ACC	13.306487	-1.4518452	-6.038886
727750392	ACC	12.449856	-1.7006987	-5.833103
727750401	ACC	11.487942	-1.9639091	-5.6033926
727750411	ACC	10.444671	-2.1361923	-5.2923255
727750420	ACC	9.521041	-2.2175484	-4.976473
727750430	ACC	8.707481	-2.3276181	-4.6845484
727750439	ACC	8.133204	-2.4951158	-4.4548373
727750449	ACC	7.850851	-2.653042	-4.191627
727750458	ACC	7.405786	-2.7870402	-3.8901315
727750468	ACC	6.745367	-2.949752	-3.559922
727750477	ACC	5.960521	-3.0885358	-3.1100712
727750487	ACC	5.218746	-3.1698918	-2.5645077
727750496	ACC	4.534399	-3.2560334	-2.0045872
727750506	ACC	3.8691943	-3.342175	-1.602593
727750515	ACC	3.2422748	-3.4426737	-1.2675978
727750525	ACC	2.7062824	-3.4809587	-1.0091729
727750534	ACC	2.2564318	-3.4426737	-0.9182457
727750544	ACC	2.0219352	-3.437888	-0.9517452
727750553	ACC	1.7682959	-3.4043884	-0.98524475
727750563	ACC	1.5433706	-3.3517463	-0.99003035
727750572	ACC	1.4333007	-3.2799616	-1.0187442
727750582	ACC	1.4763715	-3.1842487	-1.0522437
727750591	ACC	1.5720844	-3.1603205	-1.1288141
727750601	ACC	1.6438692	-3.0598218	-1.3345969
727750610	ACC	1.7012969	-2.9545379	-1.602593
727750620	ACC	1.7156538	-2.720041	-1.817947
727750629	ACC	1.9118652	-2.562115	-2.1050856
727750639	ACC	2.2372892	-2.4616163	-2.3682961
727750648	ACC	2.7062824	-2.4616163	-2.5788646
727750658	ACC	3.3523445	-2.4041886	-2.6793633
727750667	ACC	4.031906	-2.356332	-2.6506493
727750677	ACC	4.6492543	-2.332404	-2.7511477
727750686	ACC	5.123033	-2.2319052	-2.9186454
727750696	ACC	5.4293146	-2.1314068	-3.2967114
727750705	ACC	5.65424	-2.0739791	-3.80399
727750715	ACC	5.84088	-2.021337	-4.2251267
727750724	ACC	6.056234	-2.0548365	-4.5601215
727750734	ACC	6.4008007	-2.0500507	-4.8329034
727750743	ACC	6.975078	-2.0835502	-5.0626144
727750753	ACC	7.664211	-2.059622	-5.536393
727750762	ACC	8.879765	-2.2175484	-6.072386
727750772	ACC	10.052248	-2.2558336	-6.4360948
727750781	ACC	10.832308	-2.1457636	-6.5892353
727750791	ACC	11.3683	-2.1457636	-6.823732
727750800	ACC	11.923435	-2.3754747	-6.88116
727750810	ACC	12.641282	-2.5094728	-6.8333035
727750819	ACC	13.134204	-2.5429723	-7.0582285
727750829	ACC	13.421342	-2.6578279	-7.3549385
727750838	ACC	14.038691	-2.858825	-7.55115
727750848	ACC	14.928821	-2.964109	-7.541579
727750857	ACC	15.66581	-2.8348966	-7.2783685
727750867	ACC	16.18266	-2.5429723	-7.1395845
727750876	ACC	16.153946	-2.3371894	-7.2448688
727750886	ACC	15.981663	-2.1649063	-7.110871
727750895	ACC	16.187445	-1.9591235	-6.728019
727750905	ACC	16.517654	-1.6384853	-6.2350974
727750914	ACC	16.307087	-1.1359925	-5.6416774
727750924	ACC	15.909878	-0.62871414	-5.3018966
727750933	ACC	15.77588	-0.19800608	-4.99083
727750943	ACC	15.967305	0.25184458	-4.69412
727750952	ACC	16.627724	0.7686943	-4.4979086
727750962	ACC	16.99622	1.4099708	-4.5649076
727750971	ACC	16.756937	2.0177476	-4.622335
727750981	ACC	16.125233	2.5441687	-4.5936213
727750990	ACC	15.373885	3.0753753	-4.5074797
727751000	ACC	14.560326	3.5156546	-4.3686957
727751009	ACC	14.000405	3.687938	-4.3447676
727751019	ACC	13.9573345	3.5826538	-4.0624146
727751028	ACC	14.081761	3.4103706	-3.6412778
727751038	ACC	14.153546	3.2237303	-3.2967114
727751047	ACC	13.942978	3.0705895	-3.033501
727751057	ACC	13.330415	2.9318058	-2.8277183
727751066	ACC	12.612568	2.7595227	-2.6267211
727751076	ACC	12.14836	2.5728827	-2.6267211
727751085	ACC	11.827723	2.4484558	-2.8325038
727751095	ACC	11.794223	2.3048863	-3.0909286
727751104	ACC	11.96172	2.1948166	-3.4450665
727751114	ACC	12.023933	2.175674	-3.7561333
727751123	ACC	12.100504	2.1661026	-4.086343
727751133	ACC	12.378072	2.137389	-4.531408
727751142	ACC	12.684353	2.14696	-4.9381876
727751152	ACC	13.057633	2.1996021	-5.311468
727751161	ACC	13.497912	2.2522442	-5.569893
727751171	ACC	13.899907	2.2809582	-5.727819
727751180	ACC	14.129618	2.2666013	-5.742176
727751190	ACC	14.22533	2.1326032	-5.6991053
727751199	ACC	14.392828	1.9938195	-5.569893
727751209	ACC	14.498113	1.9124635	-5.325825
727751218	ACC	14.646467	1.7401803	-5.096114
727751228	ACC	14.947963	1.4673985	-4.99083
727751237	ACC	15.18246	1.0845468	-4.8616176
727751247	ACC	15.21596	0.83090764	-4.7946186
727751256	ACC	15.455241	0.47198427	-4.545765
727751266	ACC	15.747166	0.20398813	-4.215555
727751275	ACC	16.125233	-0.111864455	-4.124628
727751285	ACC	16.369299	-0.3894319	-4.4021955
727751294	ACC	16.41237	-0.6430711	-4.7371907
727751304	ACC	16.45544	-0.91106725	-5.1535416
727751313	ACC	16.350157	-1.1120644	-5.5459647
727751323	ACC	15.909878	-1.332204	-5.823532
727751332	ACC	15.402599	-1.4422739	-5.8187466
727751342	ACC	15.091533	-1.5906289	-5.756533
727751351	ACC	14.938392	-1.7054844	-5.675177
727751361	ACC	14.675181	-1.8729819	-5.6560345
727751370	ACC	14.416757	-1.9734805	-5.5507503
727751380	ACC	14.230116	-1.9878374	-5.517251
727751389	ACC	13.679767	-2.059622	-5.684748
727751399	ACC	12.861422	-2.179263	-5.8426747
727751408	ACC	12.062219	-2.3419752	-5.971887
727751418	ACC	11.0811615	-2.5094728	-6.0197434
727751427	ACC	10.114461	-2.7343981	-5.8618174
727751437	ACC	9.142975	-2.9449666	-5.555536
727751446	ACC	8.310273	-3.112464	-5.17747
727751456	ACC	7.716853	-3.222534	-4.775476
727751465	ACC	7.243074	-3.3469608	-4.3064823
727751475	ACC	6.7166533	-3.4474592	-3.7896328
727751484	ACC	5.9844494	-3.4953158	-3.3062828
727751494	ACC	5.35753	-3.4953158	-2.842075
727751503	ACC	4.831109	-3.461816	-2.464009
727751513	ACC	4.1850467	-3.437888	-2.2055843
727751522	ACC	3.562913	-3.3756745	-1.9902302
727751532	ACC	3.1130621	-3.2177482	-1.8945173
727751541	ACC	2.6823542	-3.045465	-1.9088743
727751551	ACC	2.1942184	-2.8492537	-2.0285153
727751560	ACC	1.8305093	-2.667399	-2.2199411
727751570	ACC	1.5672989	-2.5573292	-2.3252254
727751579	ACC	1.3471591	-2.4281168	-2.2821546
727751589	ACC	1.0648061	-2.3132613	-2.3108685
727751598	ACC	0.95473623	-2.265405	-2.224727
727751608	ACC	1.0935199	-2.274976	-2.0285153
727751617	ACC	1.2993027	-2.1601207	-1.8275183
727751627	ACC	1.4285151	-2.030908	-1.7796619
727751636	ACC	1.6582261	-1.9974087	-1.8275183
727751646	ACC	2.0027926	-2.0261226	-1.9328024
727751655	ACC	2.400001	-1.9974087	-1.736591
727751665	ACC	3.0939198	-2.0165513	-1.6408781
727751674	ACC	3.6394832	-2.030908	-2.3347967
727751684	ACC	3.7304106	-1.7150556	-2.6602206
727751693	ACC	4.0558343	-1.6719848	-2.6075785
727751703	ACC	4.1850467	-1.762912	-2.8947172
727751712	ACC	4.3525443	-1.762912	-3.2823544
727751722	ACC	4.6301117	-1.7102699	-3.6077783
727751731	ACC	5.0751767	-1.7389839	-3.842275
727751741	ACC	5.898308	-1.8586249	-3.9714873
727751750	ACC	6.8650084	-1.9495523	-4.019344
727751760	ACC	7.391429	-1.9639091	-4.182056
727751769	ACC	7.84128	-2.0021944	-4.4548373
727751779	ACC	8.463413	-2.1074786	-4.6749773
727751788	ACC	8.913264	-2.1074786	-5.1296134
727751798	ACC	9.219545	-2.126621	-5.5651073
727751807	ACC	9.568898	-2.2271197	-5.636892
727751817	ACC	10.057034	-2.4424736	-5.6943197
727751826	ACC	10.616954	-2.6721847	-5.8618174
727751836	ACC	11.880364	-2.8779674	-6.062814
727751845	ACC	13.048062	-3.0646076	-6.378667
727751855	ACC	14.014762	-3.2273195	-6.617949
727751864	ACC	14.569897	-3.2991042	-6.871588
727751874	ACC	14.804394	-3.222534	-7.019943
727751883	ACC	15.091533	-3.19382	-7.1252275
727751893	ACC	15.483955	-3.1842487	-7.216155
727751902	ACC	16.354942	-3.1076784	-7.340582
727751912	ACC	16.876577	-2.992823	-7.5032935
727751921	ACC	16.871792	-2.8396823	-7.3549385
727751931	ACC	16.728224	-2.653042	-6.7902327
727751940	ACC	16.608582	-2.4089742	-6.1968126
727751950	ACC	16.847864	-2.0739791	-5.9288163
727751959	ACC	17.41257	-1.7341982	-5.9766726
727751969	ACC	17.532211	-1.2173486	-6.148956
727751978	ACC	17.254644	-0.49950173	-6.3068824
727751988	ACC	17.024933	0.3044867	-6.517451
727751997	ACC	16.91965	0.9984053	-6.88116
727752007	ACC	16.618153	1.6205392	-7.2640114
727752016	ACC	16.11566	2.204388	-7.3118677
727752026	ACC	15.622739	2.716452	-7.1252275
727752035	ACC	15.316458	3.1710882	-6.6131635
727752045	ACC	15.244673	3.482155	-6.005387
727752054	ACC	15.043676	3.6209388	-5.3736815
727752064	ACC	14.746966	3.7118661	-4.7371907
727752073	ACC	14.124832	3.7980077	-4.158128
727752082	ACC	13.3687	3.7932222	-3.7226338
727752092	ACC	12.473784	3.7070804	-3.3062828
727752101	ACC	11.607583	3.4773695	-2.8803604
727752111	ACC	10.908878	3.2045877	-2.344368
727752120	ACC	10.549955	2.8743782	-1.7318054
727752130	ACC	10.516456	2.5106692	-1.0426725
727752139	ACC	10.310673	2.352743	-0.39182472
727752149	ACC	9.899107	2.228316	-0.061615184
727752158	ACC	9.554541	2.0656042	0.12023934
727752168	ACC	9.296116	1.931606	0.04366901
727752177	ACC	9.071191	1.9268204	-0.21954148
727752187	ACC	8.956335	2.0368903	-0.5736792
727752196	ACC	9.142975	2.0703897	-1.0187442
727752206	ACC	9.549755	2.0847468	-1.3824533
727752215	ACC	9.980463	2.161317	-1.7557336
727752225	ACC	10.526027	2.175674	-2.3204398
727752234	ACC	11.114661	2.2378874	-2.7990043
727752244	ACC	11.937792	2.2618155	-3.2440693
727752253	ACC	13.004992	2.242673	-3.6221352
727752263	ACC	14.043476	2.2091734	-4.2394834
727752272	ACC	15.1346035	2.1852453	-4.842475
727752282	ACC	15.972091	2.027319	-5.206184
727752291	ACC	16.603796	1.8933209	-5.6033926
727752301	ACC	17.407785	1.515255	-5.8187466
727752310	ACC	18.044275	1.0127622	-5.986244
727752320	ACC	18.608982	0.41934216	-6.220741
727752329	ACC	19.087545	-0.15493527	-6.5078793
727752339	ACC	19.326828	-0.74835527	-6.7758756
727752348	ACC	19.408184	-1.3657036	-6.9385877
727752358	ACC	19.288544	-1.9543378	-6.9816585
727752367	ACC	18.809978	-2.4329023	-6.9912295
727752377	ACC	18.312271	-2.8253253	-7.0055866
727752386	ACC	17.843279	-3.1890345	-7.1012993
727752396	ACC	17.130217	-3.3852458	-7.077371
727752405	ACC	16.383657	-3.519244	-7.1730843
727752415	ACC	15.531812	-3.6340995	-7.25444
727752424	ACC	14.58904	-3.6867416	-7.1730843
727752434	ACC	13.564912	-3.7250266	-6.929016
727752443	ACC	12.574283	-3.7728832	-6.5892353
727752453	ACC	11.688938	-3.7680974	-6.1010995
727752462	ACC	10.760524	-3.7489548	-5.703891
727752472	ACC	10.018748	-3.7393837	-5.488537
727752481	ACC	9.487542	-3.7441692	-5.2109694
727752491	ACC	8.932407	-3.6197424	-4.852046
727752500	ACC	8.114061	-3.557529	-4.5409794
727752510	ACC	7.1808605	-3.5048869	-4.2203407
727752519	ACC	6.3290157	-3.5096726	-3.8135612
727752529	ACC	5.5250273	-3.5240295	-3.382853
727752538	ACC	4.912465	-3.5479577	-2.9186454
727752548	ACC	4.5248275	-3.5958142	-2.5357938
727752557	ACC	4.1467614	-3.6532419	-2.2582264
727752567	ACC	3.7160535	-3.6628132	-2.0955145
727752576	ACC	3.1800613	-3.6005998	-2.0811574
727752586	ACC	2.5339992	-3.4570305	-2.1050856
727752595	ACC	1.9932213	-3.3230324	-2.0955145
727752605	ACC	1.5433706	-3.1794631	-2.0811574
727752614	ACC	1.1222339	-3.0358937	-2.047658
727752624	ACC	0.7968099	-2.9449666	-2.0380867
727752633	ACC	0.7298109	-2.8923244	-1.966302
727752643	ACC	0.7106683	-2.830111	-1.8370895
727752652	ACC	0.83030945	-2.7439694	-1.8227327
727752662	ACC	1.2658032	-2.7583263	-1.736591
727752671	ACC	1.9501505	-3.1076784	-2.1912274
727752681	ACC	1.9310079	-2.8253253	-2.6315067
727752690	ACC	2.1559331	-2.7583263	-2.1098714
727752700	ACC	2.5435705	-2.8205397	-1.5643078
727752709	ACC	2.792424	-2.9401808	-1.736591
727752719	ACC	3.2279177	-2.9593234	-2.1433709
727752728	ACC	3.7734814	-2.7966115	-2.5980072
727752738	ACC	4.3812585	-2.7008986	-3.1627133
727752747	ACC	4.9603214	-2.6338995	-3.7896328
727752757	ACC	5.4819565	-2.6195426	-4.3591247
727752766	ACC	5.7834525	-2.6051857	-4.7371907
727752776	ACC	6.175875	-2.7296124	-4.799404
727752785	ACC	6.458228	-2.6243281	-4.2681975
727752795	ACC	7.1617184	-3.2033913	-3.2297122
727752804	ACC	8.185846	-3.9690945	-4.1054854
727752814	ACC	7.9800634	-3.3086755	-5.2923255
727752823	ACC	8.807981	-3.2847474	-5.124828
727752833	ACC	9.482756	-3.5671003	-4.962116
727752842	ACC	10.224531	-4.1222353	-5.636892
727752852	ACC	11.07159	-4.1030927	-6.5030937
727752861	ACC	11.574083	-0.9062816	-10.523036
727752871	ACC	13.430914	-2.2845473	-14.117055
727752880	ACC	15.043676	-7.3286176	-9.235697
727752890	ACC	15.378671	-4.859225	-5.3497534
727752899	ACC	15.249458	-2.3946173	-5.47418
727752909	ACC	15.833307	-2.9736803	-7.1395845
727752918	ACC	15.747166	-3.8590248	-7.7425756
727752928	ACC	15.550955	-3.5527434	-7.268797
727752937	ACC	15.761522	-2.8396823	-6.517451
727752947	ACC	16.07259	-2.4329023	-6.302097
727752956	ACC	16.575083	-2.385046	-6.728019
727752966	ACC	17.068005	-2.2127628	-6.9003024
727752975	ACC	17.441284	-1.7102699	-6.244669
727752985	ACC	17.350357	-1.0115658	-5.4023952
727752994	ACC	17.407785	-0.46121657	-4.8329034
727753004	ACC	17.723637	-0.05922236	-4.866403
727753013	ACC	17.139788	0.59641105	-5.124828
727753023	ACC	16.024733	1.4291133	-5.4311094
727753032	ACC	14.876179	2.0368903	-5.809175
727753042	ACC	13.947763	2.4293132	-5.914459
727753051	ACC	13.540983	2.501098	-5.684748
727753061	ACC	13.813766	2.391028	-5.1008997
727753070	ACC	14.426328	2.242673	-4.339982
727753080	ACC	14.938392	2.056033	-3.5790644
727753089	ACC	14.957535	1.8550358	-2.9569306
727753099	ACC	14.201403	1.7593229	-2.5118656
727753108	ACC	13.119846	1.6827525	-1.9758734
727753118	ACC	12.196217	1.5774683	-1.50688
727753127	ACC	11.464013	1.4051851	-1.2005987
727753137	ACC	10.947164	1.1946167	-0.83688974
727753146	ACC	10.535598	1.0127622	-0.5353941
727753156	ACC	10.4159565	0.8069794	-0.37746778
727753165	ACC	10.430314	0.64905316	-0.31046873
727753175	ACC	10.406385	0.5485546	-0.39182472
727753184	ACC	10.310673	0.4432704	-0.74117684
727753194	ACC	10.258031	0.31405798	-1.0570294
727753203	ACC	10.157532	0.22791636	-1.2963116
727753213	ACC	10.176675	0.13220344	-1.4446666
727753222	ACC	10.4016	0.026919255	-1.669592
727753232	ACC	10.837093	-0.09750752	-1.8227327
727753241	ACC	11.3683	-0.068793654	-1.8753748
727753251	ACC	11.8899355	0.046061836	-2.0045872
727753260	ACC	12.583855	0.15613168	-2.3204398
727753270	ACC	13.311273	0.17527425	-2.8277183
727753279	ACC	14.038691	0.22313072	-3.2105699
727753289	ACC	14.727823	0.19920248	-3.5407794
727753298	ACC	15.18246	0.11306087	-3.8805602
727753308	ACC	15.235102	-0.035294134	-4.191627
727753317	ACC	15.081961	-0.12143575	-4.488337
727753327	ACC	15.034104	-0.20757736	-4.651049
727753336	ACC	15.201602	-0.37986058	-4.77069
727753346	ACC	15.436099	-0.66699934	-5.024329
727753355	ACC	15.732809	-1.0163515	-5.206184
727753365	ACC	16.024733	-1.3848461	-5.3353963
727753374	ACC	16.311872	-1.777269	-5.4406805
727753384	ACC	16.374084	-2.0931215	-5.368896
727753393	ACC	16.235302	-2.4568307	-5.263612
727753403	ACC	15.957734	-2.7391837	-5.2827544
727753412	ACC	15.641882	-2.8636105	-5.258826
727753422	ACC	15.220745	-3.00718	-5.368896
727753431	ACC	14.74218	-3.1986058	-5.593821
727753441	ACC	14.268401	-3.3661032	-5.9431734
727753450	ACC	13.899907	-3.5383866	-6.297311
727753460	ACC	13.421342	-3.6532419	-6.426523
727753469	ACC	12.80878	-3.7298124	-6.4887366
727753479	ACC	12.038291	-3.8733816	-6.4360948
727753488	ACC	11.224731	-4.0217366	-6.2350974
727753498	ACC	10.444671	-4.141378	-6.014958
727753507	ACC	9.80818	-4.256233	-5.6416774
727753517	ACC	9.296116	-4.342375	-5.297111
727753526	ACC	8.616554	-4.328018	-5.0386863
727753536	ACC	7.9034934	-4.2945185	-4.775476
727753545	ACC	7.2670026	-4.2514477	-4.3878384
727753555	ACC	6.6687965	-4.1700916	-4.167699
727753564	ACC	6.1806607	-4.045665	-3.952345
727753574	ACC	5.802595	-3.8590248	-3.708277
727753583	ACC	5.4293146	-3.705884	-3.5407794
727753593	ACC	5.0847483	-3.5814574	-3.4689946
727753602	ACC	4.759324	-3.4666018	-3.4354951
727753612	ACC	4.438686	-3.3517463	-3.3732817
727753621	ACC	4.194618	-3.222534	-3.2297122
727753631	ACC	3.8548372	-3.0502508	-3.153142
727753640	ACC	3.4911282	-2.8875387	-3.033501
727753650	ACC	3.2231321	-2.8205397	-2.8660033
727753659	ACC	2.9312077	-2.720041	-2.722434
727753669	ACC	2.7828526	-2.6482565	-2.4544377
727753678	ACC	2.7876384	-2.5908287	-2.2677977
727753688	ACC	2.7302105	-2.4855444	-2.2534406
727753697	ACC	2.6392834	-2.4185455	-2.196013
727753707	ACC	2.6823542	-2.3419752	-2.1625135
727753716	ACC	2.87378	-2.3084757	-2.2199411
727753726	ACC	3.1609187	-2.3276181	-2.315654
727753735	ACC	3.5724843	-2.4089742	-2.3539393
727753745	ACC	3.682554	-2.3228326	-2.2821546
727753754	ACC	3.711268	-2.3084757	-2.277369
727753764	ACC	3.792624	-2.3467607	-2.373082
727753773	ACC	4.0797625	-2.4329023	-2.5932214
727753783	ACC	4.438686	-2.4903302	-2.9569306
727753792	ACC	4.974678	-2.5238297	-3.2440693
727753802	ACC	5.5920267	-2.5573292	-3.5216367
727753811	ACC	6.242874	-2.6338995	-3.775276
727753821	ACC	6.7022963	-2.6578279	-3.9332023
727753830	ACC	6.9798636	-2.7152555	-4.0384865
727753840	ACC	7.4010005	-2.8396823	-4.0241294
727753849	ACC	7.884351	-3.074179	-3.866203
727753859	ACC	8.391629	-3.260819	-3.7226338
727753868	ACC	8.846265	-3.3756745	-3.6891344
727753878	ACC	9.3104725	-3.5527434	-3.8805602
727753887	ACC	9.88475	-3.7537405	-4.2634115
727753897	ACC	10.578669	-3.9738803	-4.670192
727753906	ACC	11.4018	-4.1318064	-5.014758
727753916	ACC	12.02872	-4.141378	-5.36411
727753925	ACC	12.521641	-4.3375893	-5.8713884
727753935	ACC	12.827922	-4.433302	-6.369096
727753944	ACC	13.196417	-4.505087	-6.5461645
727753954	ACC	13.708481	-4.619942	-6.565307
727753963	ACC	14.440684	-4.6582274	-6.632306
727753973	ACC	14.938392	-4.6342993	-6.713662
727753982	ACC	15.201602	-4.5003014	-6.7375903
727753992	ACC	15.21596	-4.256233	-6.646663
727754001	ACC	15.172889	-4.026522	-6.4121666
727754011	ACC	15.163317	-3.78724	-6.1250277
727754020	ACC	15.2781725	-3.5240295	-5.8713884
727754030	ACC	15.4313135	-3.2560334	-5.593821
727754039	ACC	15.47917	-2.8923244	-5.297111
727754049	ACC	15.603597	-2.4999015	-4.976473
727754058	ACC	15.63231	-2.00698	-4.785047
727754068	ACC	15.498312	-1.5475581	-4.612764
727754077	ACC	15.196816	-1.11685	-4.4165525
727754087	ACC	14.890535	-0.657428	-4.215555
727754096	ACC	14.627325	-0.23629123	-3.99063
727754106	ACC	14.301901	0.19920248	-3.80399
727754115	ACC	14.086547	0.5389833	-3.5886357
727754125	ACC	13.933406	0.7639086	-3.301497
727754134	ACC	13.622339	1.0319048	-3.033501
727754144	ACC	13.215559	1.2711871	-2.8468606
727754153	ACC	12.847065	1.4003994	-2.722434
727754163	ACC	12.665211	1.4051851	-2.4687948
727754172	ACC	12.51207	1.4003994	-2.0524435
727754182	ACC	12.196217	1.4051851	-1.5738791
727754191	ACC	11.684153	1.3477573	-1.1814562
727754201	ACC	11.162518	1.2089736	-0.74117684
727754210	ACC	10.597812	1.1515459	-0.30089745
727754220	ACC	10.243673	1.1132607	-0.061615184
727754229	ACC	10.057034	1.0223335	0.053240303
727754239	ACC	9.865608	0.92662054	0.11545369
727754248	ACC	9.645468	0.8021938	0.010169496
727754258	ACC	9.468399	0.70169526	-0.09990034
727754267	ACC	9.363115	0.6203393	-0.20518455
727754277	ACC	9.339187	0.50069815	-0.5449654
727754286	ACC	9.430114	0.34277186	-0.87996054
727754296	ACC	9.669396	0.17048861	-1.1192428
727754305	ACC	10.143175	0.036490545	-1.4350954
727754315	ACC	10.717453	-0.08793623	-1.8323039
727754324	ACC	11.320444	-0.1788635	-2.3012972
727754334	ACC	11.947364	-0.2650051	-2.8037899
727754343	ACC	12.669996	-0.360718	-3.3589249
727754353	ACC	13.464413	-0.5282156	-3.7896328
727754362	ACC	14.163117	-0.65264237	-4.2394834
727754372	ACC	14.861821	-0.91106725	-4.7084765
727754381	ACC	15.364314	-1.0402796	-5.1966124
727754391	ACC	15.795022	-1.265205	-5.8474603
727754400	ACC	16.120445	-1.5379868	-6.4408803
727754410	ACC	16.29273	-1.7150556	-6.862017
727754419	ACC	16.3358	-1.9782661	-7.0678
727754429	ACC	16.177874	-2.265405	-7.063014
727754438	ACC	15.933806	-2.5860431	-6.8763742
727754448	ACC	15.498312	-2.8444679	-6.321239
727754457	ACC	15.192031	-3.0837502	-5.4981084
727754467	ACC	14.871393	-3.2943187	-4.66062
727754476	ACC	14.531611	-3.4761732	-4.009773
727754486	ACC	14.143974	-3.5958142	-3.5934215
727754495	ACC	13.761123	-3.734598	-3.4019957
727754505	ACC	13.416556	-3.7776687	-3.3397822
727754514	ACC	13.172488	-3.7920256	-3.4259238
727754524	ACC	12.866207	-3.8590248	-3.679563
727754533	ACC	12.363714	-3.906881	-3.9858444
727754543	ACC	11.837294	-3.9403806	-4.2011986
727754552	ACC	11.277373	-3.9786658	-4.330411
727754562	ACC	10.602597	-3.9738803	-4.325625
727754571	ACC	9.908679	-3.9451663	-4.301697
727754581	ACC	9.372686	-3.9690945	-4.138985
727754590	ACC	8.851051	-3.9547377	-3.909274
727754600	ACC	8.386844	-3.882953	-3.6843486
727754609	ACC	8.023134	-3.8350966	-3.559922
727754619	ACC	7.611569	-3.7489548	-3.4977086
727754628	ACC	7.1952176	-3.6053855	-3.4163525
727754638	ACC	6.769295	-3.5479577	-3.39721
727754647	ACC	6.4438715	-3.5479577	-3.3589249
727754657	ACC	6.1854467	-3.5527434	-3.205784
727754666	ACC	5.8600225	-3.5766716	-2.9856443
727754676	ACC	5.5633125	-3.6628132	-2.736791
727754685	ACC	5.209175	-3.7298124	-2.5357938
727754695	ACC	4.8885365	-3.7968113	-2.3491535
727754704	ACC	4.6061835	-3.815954	-2.1912274
727754714	ACC	4.319045	-3.7680974	-2.1625135
727754723	ACC	4.113262	-3.7441692	-2.2725832
727754733	ACC	3.9026937	-3.6580276	-2.425724
727754742	ACC	3.7064822	-3.519244	-2.6171498
727754752	ACC	3.5772698	-3.4283166	-2.7655048
727754761	ACC	3.682554	-3.4139597	-2.856432
727754771	ACC	4.0941195	-3.3852458	-2.9282167
727754780	ACC	4.4482574	-3.2943187	-2.9808588
727754790	ACC	4.706682	-3.2560334	-3.1196425
727754799	ACC	4.912465	-3.246462	-3.3589249
727754809	ACC	4.95075	-3.2847474	-3.5694933
727754818	ACC	5.003392	-3.3278182	-3.612564
727754828	ACC	5.194818	-3.4283166	-3.6029928
727754837	ACC	5.5298133	-3.4761732	-3.4833515
727754847	ACC	5.7260246	-3.49053	-3.449852
727754856	ACC	5.831309	-3.5288153	-3.5407794
727754866	ACC	6.0083776	-3.6005998	-3.6987057
727754875	ACC	6.276374	-3.6532419	-3.9571304
727754885	ACC	6.5682983	-3.6580276	-4.158128
727754894	ACC	6.9559355	-3.6053855	-4.301697
727754904	ACC	7.568498	-3.6963127	-4.5409794
727754913	ACC	8.066205	-3.720241	-4.818547
727754923	ACC	8.396415	-3.7489548	-5.0386863
727754932	ACC	8.664411	-3.7633119	-5.1583276
727754942	ACC	8.908479	-3.8015969	-5.273183
727754951	ACC	9.262616	-3.854239	-5.3736815
727754961	ACC	9.6071825	-3.8877387	-5.445466
727754970	ACC	9.9756775	-4.002594	-5.469394
727754980	ACC	10.325029	-4.0791645	-5.4550376
727754989	ACC	10.741381	-4.2275195	-5.340182
727754999	ACC	11.167303	-4.299304	-5.2013984
727755008	ACC	11.660225	-4.299304	-5.124828
727755018	ACC	12.263216	-4.313661	-5.0674
727755027	ACC	12.74178	-4.289733	-5.0626144
727755037	ACC	12.894921	-4.174877	-4.976473
727755046	ACC	12.942778	-3.9882371	-4.875974
727755056	ACC	13.076776	-3.8303108	-4.7802615
727755065	ACC	13.397414	-3.6915271	-4.6462636
727755075	ACC	13.655839	-3.4426737	-4.5744786
727755084	ACC	13.651053	-3.1172497	-4.579264
727755094	ACC	13.526627	-2.7966115	-4.5601215
727755103	ACC	13.66541	-2.5381866	-4.6414776
727755113	ACC	14.000405	-2.3084757	-4.679763
727755122	ACC	14.268401	-2.0787647	-4.406981
727755132	ACC	14.234902	-1.7054844	-3.8757744
727755141	ACC	14.024334	-1.2987045	-3.2871401
727755151	ACC	13.895121	-0.9589237	-2.856432
727755160	ACC	13.866407	-0.6095716	-2.5788646
727755170	ACC	13.708481	-0.21714866	-2.5262225
727755179	ACC	13.354343	0.13220344	-2.6027927
727755189	ACC	13.014563	0.4001996	-2.7320054
727755198	ACC	12.971492	0.5629115	-2.8995028
727755208	ACC	13.091133	0.68255264	-2.856432
727755217	ACC	13.306487	0.8500503	-2.6985056
727755227	ACC	13.450056	0.98883396	-2.736791
727755236	ACC	13.454842	1.0893325	-2.8803604
727755246	ACC	13.373486	1.0989038	-2.8372893
727755255	ACC	13.387843	1.0319048	-2.6602206
727755265	ACC	13.392629	0.9314062	-2.39701
727755274	ACC	13.043276	0.9840483	-2.1433709
727755284	ACC	12.569497	0.95054877	-2.114657
727755293	ACC	12.234502	0.78783685	-2.1625135
727755303	ACC	12.062219	0.6538388	-2.2295125
727755312	ACC	11.947364	0.49112684	-2.2965117
727755322	ACC	11.904293	0.35234314	-2.3491535
727755331	ACC	11.923435	0.1369891	-2.3826532
727755341	ACC	11.789437	-0.04007978	-2.3395824
727755350	ACC	11.607583	-0.20279172	-2.2677977
727755360	ACC	11.387443	-0.37986058	-2.167299
727755369	ACC	11.162518	-0.50428736	-2.0428724
727755379	ACC	11.095519	-0.5617151	-2.0428724
727755388	ACC	11.25823	-0.67178494	-2.1194427
727755398	ACC	11.535798	-0.7818548	-2.2103698
727755407	ACC	11.85165	-0.8536395	-2.3395824
727755417	ACC	12.062219	-0.9302098	-2.5070798
727755426	ACC	12.234502	-1.0259227	-2.6506493
727755436	ACC	12.416357	-1.183849	-2.7655048
727755445	ACC	12.674782	-1.41356	-2.9617162
727755455	ACC	12.9954195	-1.6097715	-3.1627133
727755464	ACC	13.301702	-1.805983	-3.330211
727755474	ACC	13.718052	-2.021337	-3.4546378
727755483	ACC	14.321044	-2.2127628	-3.3732817
727755493	ACC	15.03889	-2.274976	-3.4402807
727755502	ACC	15.723238	-2.4568307	-3.8709888
727755512	ACC	16.18266	-2.71047	-4.545765
727755521	ACC	16.25923	-2.868396	-5.258826
727755531	ACC	15.996019	-3.0119655	-5.986244
727755540	ACC	15.483955	-3.141178	-6.574878
727755550	ACC	14.799608	-3.2273195	-6.88116
727755559	ACC	14.163117	-3.370889	-7.0055866
727755569	ACC	13.63191	-3.6340995	-6.972087
727755578	ACC	13.129417	-3.8973098	-6.646663
727755588	ACC	12.507284	-4.1222353	-6.000601
727755597	ACC	11.856436	-4.3519464	-5.321039
727755607	ACC	11.229517	-4.5338006	-4.732405
727755616	ACC	10.727024	-4.6342993	-4.2969112
727755626	ACC	10.219746	-4.691727	-3.9810586
727755635	ACC	9.62154	-4.7635117	-3.7561333
727755645	ACC	8.946764	-4.7395835	-3.5359936
727755654	ACC	8.185846	-4.624728	-3.39721
727755664	ACC	7.539784	-4.5338006	-3.330211
727755673	ACC	7.042077	-4.41416	-3.2967114
727755683	ACC	6.6161547	-4.299304	-3.2440693
727755692	ACC	6.218946	-4.150949	-3.205784
727755702	ACC	5.907879	-4.0552363	-3.1722846
727755711	ACC	5.663811	-3.9690945	-3.0622149
727755721	ACC	5.4053864	-3.8015969	-2.9521449
727755730	ACC	5.1326046	-3.6628132	-2.8899314
727755740	ACC	4.8598228	-3.4809587	-2.9760733
727755749	ACC	4.5296135	-3.2321053	-3.0813572
727755759	ACC	4.261617	-2.9688947	-3.2201412
727755768	ACC	4.1611185	-2.629114	-3.4402807
727755778	ACC	4.314259	-2.1505494	-3.6652062
727755787	ACC	4.5391846	-1.5954145	-3.909274
727755797	ACC	4.802395	-1.0594223	-4.110271
727755806	ACC	5.0943193	-0.55692947	-4.3926244
727755816	ACC	5.7547383	-0.1788635	-4.6462636
727755825	ACC	6.6927247	-0.14536397	-4.5074797
727755835	ACC	7.396215	-0.030508488	-3.6173496
727755844	ACC	7.6259255	0.51505506	-2.6219354
727755854	ACC	7.5637126	1.2903296	-2.047658
727755863	ACC	7.4536424	2.2187448	-1.9615164
727755873	ACC	7.6977105	3.2572298	-2.3539393
727755882	ACC	8.496913	4.319643	-3.4354951
727755892	ACC	9.741181	5.1619167	-4.5601215
727755901	ACC	10.894522	5.721837	-5.4023952
727755911	ACC	11.660225	5.994619	-5.756533
727755920	ACC	12.095718	5.9706907	-5.5316076
727755930	ACC	12.18186	5.846264	-4.746762
727755939	ACC	11.660225	5.870192	-3.3732817
727755949	ACC	11.162518	5.870192	-1.588236
727755958	ACC	10.4016	5.7026944	-0.12861422
727755968	ACC	9.923036	5.372485	1.2927225
727755977	ACC	9.200403	5.1667023	2.958127
727755987	ACC	8.539984	4.5684967	3.982255
727755996	ACC	7.783852	4.1234317	4.523033
727756006	ACC	7.405786	3.8410785	4.8675995
727756015	ACC	7.4584284	3.3816566	5.384449
727756025	ACC	7.8891363	3.185445	5.872585
727756034	ACC	8.73141	3.1136606	6.2697935
727756044	ACC	9.114262	3.3050864	6.006583
727756053	ACC	8.985049	3.482155	5.523233
727756063	ACC	8.750552	3.4773695	4.9250274
727756072	ACC	8.329415	3.2715867	4.6235313
727756082	ACC	7.8699937	3.0275187	4.542176
727756091	ACC	7.353144	2.9030921	4.795815
727756101	ACC	6.8650084	2.8456643	5.049454
727756110	ACC	6.4295144	2.7547371	5.3126645
727756120	ACC	6.0658054	2.5441687	5.7433724
727756129	ACC	5.845666	2.4005992	6.1070814
727756139	ACC	5.7451673	2.2666013	6.4995046
727756148	ACC	5.7930236	2.1134605	7.0689964
727756158	ACC	5.831309	1.8885353	7.7772717
727756167	ACC	5.682954	1.8023937	8.42812
727756176	ACC	5.1996036	1.8311075	8.863613
727756186	ACC	4.7880383	1.8885353	9.011969
727756195	ACC	4.409972	1.9220347	8.830113
727756205	ACC	4.2568316	1.945963	8.365906
727756214	ACC	4.17069	1.9411774	7.9160557
727756224	ACC	4.1228333	1.8933209	7.7868433
727756233	ACC	3.9984066	1.8981066	7.7054873
727756243	ACC	3.7447674	1.9363917	7.839485
727756252	ACC	3.4911282	1.8933209	8.126624
727756262	ACC	3.1896327	1.7736797	8.341978
727756271	ACC	3.0317063	1.66361	8.590832
727756281	ACC	3.0364919	1.5296118	8.772686
727756290	ACC	2.926422	1.4721842	8.753544
727756300	ACC	2.7589245	1.3956138	8.734401
727756309	ACC	2.6153553	1.3142579	8.806186
727756319	ACC	2.548356	1.2616158	8.844471
727756328	ACC	2.4478576	1.1850454	8.834899
727756338	ACC	2.2277179	1.1802598	8.748757
727756347	ACC	1.9788643	1.1754742	8.633903
727756357	ACC	1.7587247	1.1850454	8.624331
727756366	ACC	1.6103697	1.2616158	8.614759
727756376	ACC	1.5146568	1.3238292	8.619545
727756385	ACC	1.9932213	1.3716856	8.65783
727756395	ACC	1.8735801	1.4147564	8.69133
727756404	ACC	1.8592232	1.4913267	8.997611
727756414	ACC	2.1224337	1.4243277	8.916255
727756423	ACC	2.1894326	1.3429717	8.983254
727756433	ACC	2.1702902	1.338186	8.968898
727756442	ACC	2.012364	1.3573287	8.825328
727756452	ACC	1.7347964	1.3764713	8.772686
727756461	ACC	1.4763715	1.4291133	8.624331
727756471	ACC	1.2705889	1.4338989	8.614759
727756480	ACC	1.1126626	1.4099708	8.787043
727756490	ACC	1.0743774	1.4003994	9.045467
727756499	ACC	1.0169497	1.4243277	9.380463
727756509	ACC	0.97866446	1.4482559	9.586246
727756518	ACC	0.9882358	1.5056837	9.600603
727756528	ACC	1.012164	1.4626129	9.5048895
727756537	ACC	1.1413764	1.4434702	9.303893
727756547	ACC	1.4620147	1.4051851	9.409177
727756556	ACC	1.7347964	1.4243277	9.413962
727756566	ACC	1.8687944	1.3860425	9.28475
727756575	ACC	1.8400806	1.486541	9.169894
727756585	ACC	1.7252251	1.5870396	9.035896
727756594	ACC	1.5672989	1.6779668	9.031111
727756604	ACC	1.4620147	1.7449659	8.964112
727756613	ACC	1.4763715	1.7593229	8.882756
727756623	ACC	1.4907285	1.811965	8.882756
727756632	ACC	1.5529419	1.8502501	8.940184
727756642	ACC	1.605584	1.8263218	8.973683
727756651	ACC	1.5960127	1.797608	8.95454
727756661	ACC	1.538585	1.8071793	8.906684
727756670	ACC	1.4237294	1.797608	8.873184
727756680	ACC	1.3567305	1.8071793	8.868399
727756689	ACC	1.3328022	1.7545372	8.973683
727756699	ACC	1.2418749	1.7162521	9.107681
727756708	ACC	1.1413764	1.783251	9.39482
727756718	ACC	1.2466606	1.5726827	9.083753
727756727	ACC	1.2705889	1.6540387	8.614759
727756737	ACC	1.2993027	1.9507487	8.571689
727756746	ACC	1.538585	1.96032	8.758329
