727775944	ACC	2.5196424	2.9796624	8.916255
727775963	ACC	2.5339992	3.0179477	9.007183
727775982	ACC	2.481357	3.1567314	8.772686
727776001	ACC	2.428715	3.3003006	8.385049
727776020	ACC	2.6105695	3.4103706	8.160124
727776039	ACC	3.0412776	3.482155	8.270193
727776058	ACC	3.2135608	3.4247274	8.581261
727776077	ACC	3.1561332	3.3003006	8.839685
727776096	ACC	3.1944182	3.2572298	8.930613
727776115	ACC	3.1369905	3.2093735	8.911469
727776134	ACC	3.0029924	3.1902308	9.059825
727776153	ACC	3.022135	3.1806595	9.2177515
727776172	ACC	3.0460632	3.1040893	9.227323
727776192	ACC	2.8163524	3.132803	9.131609
727776211	ACC	2.8785655	3.1280174	8.98804
727776230	ACC	2.8785655	3.1663027	8.7679
727776249	ACC	2.754139	3.242873	8.614759
727776268	ACC	2.7876384	3.2189445	8.562118
727776287	ACC	2.806781	3.309872	8.432905
727776306	ACC	2.940779	3.281158	8.389834
727776325	ACC	2.9312077	3.2333016	8.6961155
727776344	ACC	3.0125637	3.2093735	8.787043
727776363	ACC	3.1609187	3.2093735	8.7679
727776382	ACC	3.1848469	3.3146574	8.595617
727776401	ACC	3.2422748	3.4486556	8.212766
727776420	ACC	3.4241292	3.5635111	7.973483
727776439	ACC	3.6011982	3.606582	7.973483
727776458	ACC	3.5581272	3.5491543	8.050054
727776477	ACC	3.3954153	3.4534414	8.265408
727776496	ACC	3.347559	3.3577285	8.499905
727776515	ACC	3.2566316	3.4199417	8.638688
727776534	ACC	3.266203	3.44387	8.743972
727776553	ACC	3.3906298	3.458227	8.854042
727776572	ACC	3.2566316	3.4773695	8.743972
727776591	ACC	3.1513474	3.510869	8.523832
727776610	ACC	3.2327034	3.5443685	8.461619
727776629	ACC	3.2949169	3.5539398	8.42812
727776648	ACC	3.141776	3.5635111	8.39462
727776667	ACC	3.1513474	3.510869	8.432905
727776686	ACC	3.1896327	3.5252259	8.437691
727776705	ACC	3.17049	3.5347972	8.36112
727776724	ACC	3.1944182	3.5300117	8.404191
727776743	ACC	3.1944182	3.510869	8.447262
727776762	ACC	3.117848	3.5347972	8.432905
727776781	ACC	3.199204	3.5443685	8.432905
727776800	ACC	3.2757742	3.5539398	8.47119
727777044	ACC	3.4241292	2.716452	8.016554
727777054	ACC	3.505485	2.6255248	7.791629
727777063	ACC	3.5150564	2.6685956	7.6719875
727777073	ACC	4.046263	2.5680969	7.1216383
727777082	ACC	4.0558343	2.405385	6.963712
727777092	ACC	4.1850467	2.25703	6.6239314
727777101	ACC	4.2329035	1.9746768	6.2554364
727777111	ACC	4.0845485	1.6827525	5.705087
727777120	ACC	3.8213377	1.4673985	5.006383
727777130	ACC	3.4528432	1.3908281	4.2598224
727777139	ACC	3.1082766	1.4099708	3.388835
727777149	ACC	3.0652058	1.1515459	2.6805596
727777158	ACC	3.1561332	0.89312106	2.2402802
727777168	ACC	2.9599216	0.58683974	1.838286
727777177	ACC	3.0795627	0.29491538	1.5607185
727777187	ACC	3.2709885	-0.04007978	1.3549358
727777196	ACC	3.7016966	-0.28414768	1.1539388
727777206	ACC	4.1371903	-0.40378883	1.1060823
727777215	ACC	4.3094735	-0.35114673	0.9385847
727777225	ACC	4.347759	-0.37986058	0.53659046
727777234	ACC	4.3094735	-0.4755735	-0.008973085
727777244	ACC	4.3238306	-0.5712864	-0.6837491
727777253	ACC	4.5296135	-0.590429	-1.3202399
727777263	ACC	4.8502517	-0.55692947	-1.8370895
727777272	ACC	5.84088	-1.1742777	-2.4496522
727777282	ACC	6.35773	-1.0977074	-2.9186454
727777291	ACC	6.1710896	-0.44685963	-3.0000014
727777301	ACC	7.070791	-0.71007013	-2.7798617
727777310	ACC	8.195417	-0.8919246	-2.5788646
727777320	ACC	9.142975	-0.8249256	-2.4783661
727777329	ACC	9.789038	-0.7148558	-2.39701
727777339	ACC	10.152746	-0.6765706	-2.5022943
727777348	ACC	10.420743	-0.7435696	-2.5932214
727777358	ACC	10.798809	-0.97806627	-2.6219354
727777367	ACC	11.459228	-1.1407782	-2.4065814
727777377	ACC	11.91865	-1.049851	-1.6313069
727777386	ACC	12.358929	-0.887139	-0.6789634
727777396	ACC	13.000205	-0.79142606	-0.12861422
727777405	ACC	13.584054	-0.79142606	-0.1477568
727777415	ACC	14.134403	-0.87278205	-0.5688936
727777424	ACC	14.3689	-1.0019945	-1.1910275
727777434	ACC	14.440684	-1.2125629	-1.7748762
727777443	ACC	14.081761	-1.4614165	-2.1864417
727777453	ACC	13.545769	-1.8921245	-2.4448664
727777462	ACC	13.028919	-2.356332	-2.1577277
727777472	ACC	12.674782	-2.8253253	-1.5786648
727777481	ACC	12.760923	-3.260819	-1.1431711
727777491	ACC	13.411771	-3.7106698	-1.0043873
727777500	ACC	14.392828	-4.2035913	-1.2436695
727777510	ACC	15.282958	-4.6007996	-1.8323039
727777519	ACC	16.039091	-4.7778687	-2.4783661
727777529	ACC	16.747366	-4.801797	-3.1483564
727777538	ACC	17.407785	-4.6725845	-3.7944186
727777548	ACC	17.938992	-4.323232	-4.430909
727777557	ACC	18.154345	-3.964309	-4.875974
727777567	ACC	18.168703	-3.6484563	-5.096114
727777576	ACC	17.623138	-3.2847474	-5.081757
727777586	ACC	16.637297	-3.00718	-4.8233323
727777595	ACC	15.5748825	-3.0215368	-4.2251267
727777605	ACC	14.531611	-3.0598218	-3.3684962
727777614	ACC	13.55534	-2.9832516	-2.3922246
727777624	ACC	12.784851	-2.7966115	-1.669592
727777633	ACC	12.134004	-2.5669005	-1.1718849
727777643	ACC	11.765509	-2.4329023	-0.9613165
727777652	ACC	11.487942	-2.3754747	-0.97567344
727777662	ACC	11.425728	-2.3611178	-0.86081797
727777671	ACC	11.253445	-2.0739791	-0.59760743
727777681	ACC	11.009377	-1.6097715	-0.49232325
727777690	ACC	10.5690975	-1.0977074	-0.68853474
727777700	ACC	10.200603	-0.68135625	-1.224527
727777709	ACC	9.985249	-0.26979074	-1.8466609
727777719	ACC	9.923036	0.15134603	-2.4496522
727777728	ACC	9.913465	0.6299106	-2.9617162
727777738	ACC	9.856036	1.0606186	-3.2823544
727777747	ACC	9.966106	1.2903296	-3.4881372
727777757	ACC	10.2723875	1.2999009	-3.4881372
727777766	ACC	10.789237	1.2616158	-2.8899314
727777776	ACC	11.32523	1.3334004	-2.1098714
727777785	ACC	11.736795	1.5822539	-1.6169499
727777795	ACC	12.229716	1.7497516	-1.3633107
727777804	ACC	12.646068	1.9172492	-1.4255241
727777814	ACC	13.028919	1.9890338	-1.8370895
727777823	ACC	13.272987	1.9651057	-2.2390838
727777833	ACC	13.162917	1.9555343	-2.5310082
727777842	ACC	12.832707	1.931606	-2.6745775
727777852	ACC	12.454642	1.8693926	-2.6075785
727777861	ACC	12.272787	1.6875381	-2.5070798
727777871	ACC	12.339787	1.3477573	-2.3060827
727777880	ACC	12.602997	0.98883396	-1.8323039
727777890	ACC	13.004992	0.69212395	-1.3154542
727777899	ACC	13.617554	0.36670008	-1.0043873
727777909	ACC	14.22533	0.026919255	-0.9708878
727777918	ACC	14.780465	-0.36550367	-1.2580265
727777928	ACC	15.211174	-0.8009974	-1.8466609
727777937	ACC	15.474384	-1.1503495	-2.4161527
727777947	ACC	15.862021	-1.5523437	-2.9042885
727777956	ACC	16.302301	-2.035694	-3.4307094
727777966	ACC	16.723438	-2.5429723	-3.8805602
727777975	ACC	17.19243	-3.1316066	-4.138985
727777985	ACC	17.623138	-3.667599	-4.0384865
727777994	ACC	18.240486	-4.2370906	-3.8135612
727778004	ACC	18.800407	-4.8879385	-3.6221352
727778013	ACC	19.08276	-5.486144	-3.4929228
727778023	ACC	19.188046	-5.9838514	-3.4977086
727778032	ACC	18.915262	-6.361917	-3.775276
727778042	ACC	18.388842	-6.5677	-4.0767717
727778051	ACC	17.833708	-6.706484	-4.3112683
727778061	ACC	17.25943	-6.86441	-4.478766
727778070	ACC	16.747366	-6.979265	-4.58405
727778080	ACC	16.18266	-7.0079794	-4.612764
727778089	ACC	15.584454	-6.984051	-4.4165525
727778099	ACC	15.110675	-6.8404818	-4.043272
727778108	ACC	14.641682	-6.582057	-3.7034912
727778118	ACC	14.14876	-6.3475604	-3.6699917
727778127	ACC	13.435699	-6.0987067	-3.6987057
727778137	ACC	12.497713	-5.730212	-3.7657046
727778146	ACC	11.425728	-5.2372904	-3.8805602
727778156	ACC	10.449456	-4.8735814	-3.952345
727778165	ACC	9.525827	-4.6582274	-4.004987
727778175	ACC	8.597412	-4.462016	-4.028915
727778184	ACC	7.716853	-4.3471603	-3.9284165
727778194	ACC	7.099505	-4.2610188	-3.5934215
727778203	ACC	6.6161547	-4.165306	-3.2153554
727778213	ACC	6.1567326	-4.0887356	-2.870789
727778222	ACC	5.7547383	-4.08395	-2.4879375
727778232	ACC	5.237889	-4.0408792	-2.0093727
727778241	ACC	4.5966125	-3.9547377	-1.5643078
727778251	ACC	3.859623	-3.8303108	-1.2340983
727778260	ACC	3.2087753	-3.7489548	-1.0426725
727778270	ACC	2.6632116	-3.6771703	-0.9182457
727778279	ACC	2.2277179	-3.5671003	-0.85124665
727778289	ACC	1.9357935	-3.4857445	-0.90388876
727778298	ACC	1.8065811	-3.3852458	-0.9708878
727778308	ACC	1.8448663	-3.2991042	-1.0235299
727778317	ACC	1.8496519	-3.2656047	-1.1575279
727778327	ACC	1.8592232	-3.2321053	-1.3393825
727778336	ACC	1.8927227	-3.2081769	-1.4877375
727778346	ACC	1.9214365	-3.1890345	-1.602593
727778355	ACC	1.9645073	-3.1555347	-1.7653049
727778365	ACC	1.9932213	-3.1363924	-1.9758734
727778374	ACC	1.9118652	-3.1076784	-2.196013
727778384	ACC	1.8544376	-3.0885358	-2.3587248
727778393	ACC	1.8305093	-3.1842487	-2.440081
727778403	ACC	1.902294	-3.3038898	-2.4209383
727778412	ACC	2.1080768	-3.394817	-2.2390838
727778422	ACC	2.5004997	-3.5527434	-2.129014
727778431	ACC	3.1369905	-3.7441692	-2.0907288
727778441	ACC	3.76391	-3.8638103	-2.1864417
727778450	ACC	4.3764725	-3.9978085	-2.3491535
727778460	ACC	4.974678	-4.1557345	-2.4975085
727778469	ACC	5.548956	-4.217948	-2.669792
727778479	ACC	6.017949	-4.275376	-2.8755746
727778488	ACC	6.4199433	-4.4285164	-3.0717862
727778498	ACC	6.812366	-4.6007996	-3.315854
727778507	ACC	7.3435726	-4.7970114	-3.5934215
727778517	ACC	8.094919	-4.9692945	-3.7657046
727778526	ACC	9.229117	-5.337789	-3.9188452
727778536	ACC	10.095319	-5.38086	-4.2969112
727778545	ACC	10.861022	-5.620142	-4.7132626
727778555	ACC	11.29173	-5.8594246	-4.8903313
727778564	ACC	11.674582	-6.2087765	-4.775476
727778574	ACC	12.339787	-6.558129	-4.36391
727778583	ACC	13.445271	-6.821339	-4.0719857
727778593	ACC	14.641682	-6.984051	-4.043272
727778602	ACC	15.527026	-7.0606213	-4.2107697
727778612	ACC	16.273586	-7.079764	-4.6414776
727778621	ACC	16.905293	-6.969694	-5.1822557
727778631	ACC	17.570498	-6.7926254	-5.708677
727778640	ACC	18.364914	-6.5054865	-6.0197434
727778650	ACC	18.943977	-6.108278	-6.1393847
727778659	ACC	19.3029	-5.610571	-6.230312
727778669	ACC	19.580467	-5.122435	-6.1680984
727778678	ACC	19.542183	-4.562515	-5.8618174
727778688	ACC	19.288544	-3.8303108	-5.2348976
727778697	ACC	18.977476	-3.0693932	-4.6462636
727778707	ACC	18.97269	-2.3994029	-4.3734818
727778716	ACC	19.11626	-1.8107685	-4.2299123
727778726	ACC	18.805193	-1.0259227	-3.9858444
727778735	ACC	17.991634	-0.20279172	-3.80399
727778745	ACC	17.158932	0.34277186	-3.7322052
727778754	ACC	16.541582	0.5629115	-3.6317065
727778764	ACC	16.086946	0.6538388	-3.263212
727778773	ACC	15.957734	0.5916254	-2.574079
727778783	ACC	15.828522	0.5772685	-1.7844474
727778792	ACC	15.378671	0.7495517	-0.8847462
727778802	ACC	14.718252	0.89312106	-0.07597212
727778811	ACC	14.177474	0.8739785	0.52223355
727778821	ACC	13.713266	0.8644072	0.9816555
727778830	ACC	12.909278	0.9314062	1.2017952
727778840	ACC	12.009577	0.95054877	1.1491531
727778849	ACC	11.406586	0.7830512	0.85244304
727778859	ACC	10.951949	0.63948184	0.67058855
727778868	ACC	10.683953	0.62512493	0.7471589
727778878	ACC	10.602597	0.5389833	0.7902297
727778887	ACC	10.5690975	0.42412782	0.71365935
727778897	ACC	10.482956	0.3475575	0.5461618
727778906	ACC	10.4351	0.29012975	0.43130627
727778916	ACC	10.588241	0.21355942	0.33559337
727778925	ACC	10.96152	0.1896312	0.2542374
727778935	ACC	11.502298	0.10348958	0.14895321
727778944	ACC	12.143575	0.0077766734	5.9820566E-4
727778954	ACC	12.684353	-0.0065802624	-0.16689938
727778963	ACC	13.296915	-0.04965107	-0.35353956
727778972	ACC	13.789837	-0.17407785	-0.6454639
727778982	ACC	14.230116	-0.3367898	-1.0091729
727778991	ACC	14.574683	-0.509073	-1.2723835
727779001	ACC	14.924035	-0.84406817	-1.5643078
727779010	ACC	15.2063875	-1.2269198	-1.7748762
727779020	ACC	15.397814	-1.5475581	-1.8945173
727779029	ACC	15.608382	-1.9639091	-1.9902302
727779039	ACC	15.900307	-2.4281168	-2.047658
727779048	ACC	16.235302	-2.9018958	-2.1768703
727779058	ACC	16.512869	-3.3613176	-2.2725832
727779067	ACC	16.823936	-3.8111682	-2.425724
727779077	ACC	17.130217	-4.127021	-2.6985056
727779086	ACC	17.407785	-4.529015	-3.086143
727779096	ACC	17.570498	-4.9118667	-3.760919
727779105	ACC	17.613567	-5.2899327	-4.5409794
727779115	ACC	17.436499	-5.67757	-5.2683973
727779124	ACC	17.082361	-6.069993	-5.7948184
727779134	ACC	16.551155	-6.337989	-5.986244
727779143	ACC	16.063019	-6.6394844	-5.8426747
727779153	ACC	15.704095	-6.9122663	-5.354539
727779162	ACC	15.110675	-6.9505515	-4.8711886
727779172	ACC	14.694324	-7.0079794	-4.732405
727779181	ACC	14.110476	-7.0223365	-4.8855457
727779191	ACC	13.440485	-6.9361944	-5.148756
727779200	ACC	12.559926	-6.7639112	-5.4167523
727779210	ACC	11.612369	-6.5677	-5.4837513
727779219	ACC	10.741381	-6.3858457	-5.3306108
727779229	ACC	9.994821	-6.256633	-5.057829
727779238	ACC	9.142975	-6.069993	-4.6462636
727779248	ACC	8.281559	-5.964709	-4.1964126
727779257	ACC	7.5589266	-5.9024954	-3.679563
727779267	ACC	6.8650084	-5.6967125	-3.0622149
727779276	ACC	6.2237315	-5.486144	-2.559722
727779286	ACC	5.582455	-5.313861	-2.2390838
727779295	ACC	4.989035	-5.1463633	-1.9950159
727779305	ACC	4.4051867	-5.00758	-1.80359
727779314	ACC	3.940979	-4.878367	-1.683949
727779324	ACC	3.6394832	-4.7395835	-1.6169499
727779333	ACC	3.4863427	-4.639085	-1.5930216
727779343	ACC	3.2327034	-4.5242295	-1.6217356
727779352	ACC	2.9982069	-4.462016	-1.655235
727779362	ACC	2.8642087	-4.423731	-1.683949
727779371	ACC	2.778067	-4.3998027	-1.7461623
727779381	ACC	2.6105695	-4.3854456	-1.8083757
727779390	ACC	2.1942184	-4.371089	-1.9184456
727779400	ACC	1.7778672	-4.4189453	-2.018944
727779409	ACC	1.3710874	-4.462016	-2.0428724
727779419	ACC	1.0504491	-4.5242295	-2.1481566
727779428	ACC	0.78723866	-4.471587	-2.1768703
727779438	ACC	0.89730847	-4.471587	-2.0955145
727779447	ACC	1.0983056	-4.519444	-2.1194427
727779457	ACC	1.39023	-4.543372	-2.1912274
727779466	ACC	1.8257236	-4.6007996	-2.2917259
727779476	ACC	2.4526432	-4.720441	-2.4305096
727779485	ACC	3.2614172	-4.8448677	-2.5357938
727779495	ACC	4.1898327	-4.9932227	-2.5501506
727779504	ACC	5.0656056	-5.0889354	-2.6075785
727779514	ACC	5.802595	-5.1272206	-2.8325038
727779523	ACC	6.4821568	-5.213362	-3.0909286
727779533	ACC	7.2095747	-5.328218	-3.3254254
727779542	ACC	7.8317084	-5.452645	-3.4689946
727779552	ACC	8.185846	-5.5052867	-3.679563
727779561	ACC	8.535198	-5.6536417	-3.8901315
727779571	ACC	9.056833	-5.988637	-4.0145583
727779580	ACC	9.88475	-6.309275	-4.0480576
727779590	ACC	10.707881	-6.5342007	-3.952345
727779599	ACC	11.473584	-6.6921268	-3.923631
727779609	ACC	12.134004	-6.8739815	-3.9619162
727779618	ACC	12.646068	-7.036693	-4.0241294
727779628	ACC	13.229917	-7.118049	-4.0480576
727779637	ACC	13.9573345	-7.0893354	-4.148556
727779647	ACC	14.967106	-7.0558357	-4.4452662
727779656	ACC	16.163517	-6.969694	-4.808975
727779666	ACC	17.130217	-6.783054	-5.2109694
727779675	ACC	17.78585	-6.4480586	-5.58425
727779685	ACC	18.221344	-6.069993	-5.7230334
727779694	ACC	18.3362	-5.601	-5.6321063
727779704	ACC	18.230915	-5.08415	-5.2827544
727779713	ACC	18.015562	-4.519444	-4.7228336
727779723	ACC	17.814564	-3.9738803	-4.282554
727779732	ACC	17.867207	-3.4761732	-3.9619162
727779742	ACC	18.077776	-2.9449666	-3.598207
727779751	ACC	18.111275	-2.274976	-3.4737802
727779761	ACC	18.029919	-1.5188441	-3.7034912
727779770	ACC	18.072989	-0.8536395	-4.153342
727779780	ACC	17.862421	-0.20279172	-4.5361934
727779789	ACC	17.489141	0.37627137	-4.5601215
727779799	ACC	16.92922	0.72083783	-4.330411
727779808	ACC	16.153946	0.9936196	-3.923631
727779818	ACC	15.292529	1.0941181	-3.4307094
727779827	ACC	14.751752	1.07019	-2.7750762
727779837	ACC	14.29233	0.974477	-2.0237298
727779846	ACC	13.756337	0.84047896	-1.2340983
727779856	ACC	13.143775	0.68255264	-0.49232325
727779865	ACC	12.516855	0.5102694	0.12981063
727779875	ACC	11.928221	0.30927232	0.4648058
727779884	ACC	11.454442	0.16570297	0.67058855
727779894	ACC	11.014163	0.06520442	0.86201435
727779903	ACC	10.6408825	-0.011365907	0.95772725
727779913	ACC	10.253245	-0.08793623	0.91465646
727779922	ACC	9.9038925	-0.14536397	0.7375876
727779932	ACC	9.789038	-0.22671995	0.52223355
727779941	ACC	9.798609	-0.28893334	0.23030917
727779951	ACC	9.80818	-0.3894319	-0.123828575
727779960	ACC	9.9038925	-0.53300124	-0.43968117
727779970	ACC	10.052248	-0.7435696	-0.698106
727779979	ACC	10.219746	-0.9062816	-0.779462
727779989	ACC	10.449456	-1.0163515	-0.65982085
727779998	ACC	10.789237	-1.1934203	-0.5832505
727780008	ACC	10.975878	-1.2556337	-0.631107
727780017	ACC	11.009377	-1.2747762	-0.74117684
727780027	ACC	11.057234	-1.3369896	-1.0091729
727780036	ACC	11.100305	-1.3800604	-1.3154542
727780046	ACC	11.296515	-1.4614165	-1.6265212
727780055	ACC	11.861222	-1.628914	-1.9328024
727780065	ACC	12.564712	-1.7964116	-2.196013
727780074	ACC	13.282558	-1.8873389	-2.39701
727780084	ACC	13.96212	-2.0739791	-2.4879375
727780093	ACC	14.507684	-2.2797618	-2.5788646
727780103	ACC	14.914464	-2.437688	-2.6027927
727780112	ACC	15.330814	-2.681756	-2.6315067
727780122	ACC	15.771094	-3.0311081	-2.856432
727780131	ACC	16.000805	-3.313461	-3.3732817
727780141	ACC	16.350157	-3.7250266	-3.7322052
727780150	ACC	16.450655	-3.9978085	-3.9332023
727780160	ACC	16.484156	-4.2035913	-4.0480576
727780169	ACC	16.699509	-4.423731	-4.0911283
727780179	ACC	17.010576	-4.734798	-4.1629133
727780188	ACC	17.187645	-5.0602217	-4.4548373
727780198	ACC	17.111074	-5.4000025	-4.9142594
727780207	ACC	16.838293	-5.610571	-5.3353963
727780217	ACC	16.570297	-5.701498	-5.555536
727780226	ACC	16.197016	-5.701498	-5.4502516
727780236	ACC	15.680167	-5.620142	-5.3353963
727780245	ACC	15.062819	-5.624928	-5.3066826
727780255	ACC	14.407186	-5.6967125	-5.215755
727780264	ACC	13.641482	-5.725426	-5.091328
727780274	ACC	12.933207	-5.725426	-4.8999023
727780283	ACC	12.248859	-5.7637115	-4.622335
727780293	ACC	11.430513	-5.7780685	-4.3208394
727780302	ACC	10.573883	-5.8067822	-3.8901315
727780312	ACC	9.645468	-5.773283	-3.4689946
727780321	ACC	8.750552	-5.6153564	-3.1339993
727780331	ACC	7.874779	-5.419145	-2.9042885
727780340	ACC	7.1617184	-5.232505	-2.789433
727780350	ACC	6.5635123	-5.0458646	-2.7990043
727780359	ACC	6.209375	-4.868796	-2.9234312
727780369	ACC	5.9270215	-4.7491546	-3.0430722
727780378	ACC	5.4628143	-4.6295137	-3.0382864
727780388	ACC	4.907679	-4.4811587	-2.9856443
727780397	ACC	4.409972	-4.3758745	-2.842075
727780407	ACC	4.0127635	-4.265805	-2.708077
727780416	ACC	3.8548372	-4.141378	-2.5836504
727780426	ACC	3.7208393	-4.0552363	-2.4783661
727780435	ACC	3.562913	-3.9882371	-2.4065814
727780445	ACC	3.3714871	-3.9164524	-2.3682961
727780454	ACC	3.089134	-3.7680974	-2.3300111
727780464	ACC	2.8642087	-3.6771703	-2.3539393
727780473	ACC	2.7110682	-3.5814574	-2.4687948
727780483	ACC	2.7445676	-3.4713874	-2.5262225
727780492	ACC	2.806781	-3.4666018	-2.5788646
727780502	ACC	2.8354948	-3.4426737	-2.5692933
727780511	ACC	2.7349963	-3.3852458	-2.5692933
727780521	ACC	2.6919255	-3.4043884	-2.5932214
727780530	ACC	2.7876384	-3.4570305	-2.6650062
727780540	ACC	2.926422	-3.4761732	-2.6841488
727780549	ACC	3.0317063	-3.4953158	-2.669792
727780559	ACC	3.3523445	-3.6245282	-2.5932214
727780568	ACC	3.6921253	-3.7106698	-2.4687948
727780578	ACC	3.9696927	-3.758526	-2.4544377
727780587	ACC	4.4243293	-3.9308095	-2.6171498
727780597	ACC	4.922036	-4.0887356	-2.842075
727780606	ACC	5.386244	-4.275376	-2.9186454
727780616	ACC	5.639883	-4.371089	-3.0000014
727780625	ACC	5.8504515	-4.514658	-3.153142
727780635	ACC	6.242874	-4.7395835	-3.263212
727780644	ACC	6.735796	-4.983651	-3.3637104
727780654	ACC	7.2526455	-5.189434	-3.5359936
727780663	ACC	7.884351	-5.3425746	-3.7130625
727780673	ACC	8.568698	-5.476573	-3.9571304
727780682	ACC	9.382257	-5.667999	-4.2011986
727780692	ACC	10.4016	-5.8307104	-4.450052
727780701	ACC	11.392229	-5.921638	-4.636692
727780711	ACC	12.172289	-5.921638	-4.895117
727780720	ACC	12.880565	-5.9790654	-5.2109694
727780730	ACC	13.493127	-6.069993	-5.411967
727780739	ACC	13.861622	-6.1657057	-5.5076795
727780749	ACC	14.201403	-6.2374907	-5.388038
727780758	ACC	14.450256	-6.2997036	-5.043472
727780768	ACC	14.723038	-6.4384875	-4.6749773
727780777	ACC	15.364314	-6.605985	-4.282554
727780787	ACC	16.08216	-6.6538415	-3.80399
727780796	ACC	16.694723	-6.4289165	-3.2105699
727780806	ACC	17.19243	-6.012565	-2.69372
727780815	ACC	17.613567	-5.5483575	-2.559722
727780825	ACC	17.848064	-5.017151	-2.6075785
727780834	ACC	17.800207	-4.438088	-2.789433
727780844	ACC	17.647066	-3.8350966	-3.0957143
727780853	ACC	17.51307	-3.246462	-3.1770704
727780863	ACC	17.474783	-2.6004	-3.1196425
727780872	ACC	17.350357	-1.9016958	-3.1627133
727780882	ACC	17.11586	-1.1694921	-3.2201412
727780891	ACC	16.972292	-0.62871414	-3.449852
727780901	ACC	16.867006	-0.18364914	-3.4259238
727780910	ACC	16.737795	0.3906283	-3.2919257
727780920	ACC	16.407585	0.9553344	-3.1914272
727780929	ACC	15.96252	1.3190435	-3.1004999
727780939	ACC	15.603597	1.4913267	-2.9808588
727780948	ACC	15.081961	1.66361	-2.7032914
727780958	ACC	14.512469	1.8071793	-2.2295125
727780967	ACC	13.914264	1.8358932	-1.5930216
727780977	ACC	13.339986	1.811965	-0.994816
727780986	ACC	12.693924	1.783251	-0.59282184
727780996	ACC	12.129218	1.7641085	-0.4109673
727781005	ACC	11.784652	1.7258233	-0.20997019
727781015	ACC	11.607583	1.7162521	-0.09032906
727781024	ACC	11.454442	1.7162521	-0.008973085
727781034	ACC	11.320444	1.6875381	0.10109676
727781043	ACC	11.416157	1.6253247	0.33559337
727781053	ACC	11.607583	1.5822539	0.57009
727781062	ACC	11.85165	1.5774683	0.8333005
727781072	ACC	12.110075	1.6396817	1.015155
727781081	ACC	12.626925	1.6588243	0.89072824
727781091	ACC	13.234702	1.5583258	0.45044887
727781100	ACC	13.899907	1.352543	-0.08554341
727781110	ACC	14.354543	1.2089736	-0.44925246
727781119	ACC	14.579469	1.07019	-0.631107
727781129	ACC	14.995819	0.85483587	-0.7938189
727781138	ACC	15.608382	0.5629115	-0.7363912
727781148	ACC	16.441084	0.22313072	-0.70289165
727781157	ACC	17.101503	-0.030508488	-0.8225328
727781167	ACC	17.479568	-0.49471608	-1.0378869
727781176	ACC	17.388641	-0.8392825	-1.387239
727781186	ACC	17.336	-1.198206	-1.7318054
727781195	ACC	17.527426	-1.6576279	-2.1433709
727781205	ACC	18.015562	-2.1314068	-2.6027927
727781214	ACC	18.532412	-2.562115	-3.0526435
727781224	ACC	18.82912	-3.0119655	-3.4737802
727781233	ACC	18.862621	-3.4713874	-3.9571304
727781243	ACC	18.364914	-3.7680974	-4.450052
727781252	ACC	17.65664	-4.0552363	-4.852046
727781262	ACC	17.388641	-4.3088756	-4.933402
727781271	ACC	17.135002	-4.423731	-5.0482574
727781281	ACC	16.795221	-4.67737	-5.3018966
727781290	ACC	16.441084	-4.8975096	-5.569893
727781300	ACC	15.933806	-5.055436	-5.9431734
727781309	ACC	15.21596	-5.222934	-6.148956
727781319	ACC	14.435899	-5.366503	-6.1680984
727781328	ACC	13.58884	-5.4670014	-6.129813
727781338	ACC	12.574283	-5.5675	-5.971887
727781347	ACC	11.478371	-5.610571	-5.7134624
727781357	ACC	10.463814	-5.543572	-5.469394
727781366	ACC	9.549755	-5.3473606	-5.388038
727781376	ACC	8.7984085	-5.136792	-5.4167523
727781385	ACC	8.13799	-5.031508	-5.4550376
727781395	ACC	7.554141	-4.868796	-5.354539
727781404	ACC	7.075577	-4.7156553	-5.1678987
727781413	ACC	6.4965134	-4.581657	-4.95733
727781423	ACC	5.8887367	-4.6055856	-4.6319065
727781432	ACC	5.410172	-4.6486564	-4.033701
727781442	ACC	4.8119664	-4.6151567	-3.4307094
727781451	ACC	4.2329035	-4.6821556	-2.870789
727781461	ACC	3.6203406	-4.7491546	-2.4448664
727781470	ACC	2.845066	-4.7156553	-2.1768703
727781480	ACC	2.0219352	-4.6486564	-1.9758734
727781489	ACC	1.3184453	-4.538586	-1.817947
727781499	ACC	0.85902333	-4.433302	-1.683949
727781508	ACC	0.53359944	-4.313661	-1.588236
727781518	ACC	0.5623133	-4.217948	-1.5308083
727781527	ACC	0.74416786	-4.208377	-1.7030915
727781537	ACC	1.0073783	-4.098307	-2.0380867
727781546	ACC	1.0983056	-3.9547377	-2.425724
727781556	ACC	1.160519	-3.8015969	-2.7846475
727781565	ACC	1.1844472	-3.7537405	-3.1435707
727781575	ACC	1.4333007	-3.7537405	-3.2919257
727781584	ACC	1.7587247	-3.7393837	-3.2584262
727781594	ACC	2.2420747	-3.8015969	-3.1100712
727781603	ACC	2.8307092	-3.9260237	-2.7942185
727781613	ACC	3.3523445	-3.9834516	-2.6554348
727781622	ACC	4.007978	-4.002594	-2.8229325
727781632	ACC	4.759324	-4.074379	-3.1004999
727781641	ACC	5.6063833	-4.165306	-3.4211383
727781651	ACC	6.1567326	-3.9403806	-3.464209
727781660	ACC	7.166504	-4.557729	-3.464209
727781670	ACC	7.133004	-4.136592	-3.976273
727781679	ACC	7.716853	-4.3998027	-4.4835515
727781689	ACC	8.29113	-4.284947	-4.651049
727781698	ACC	9.152547	-4.471587	-5.0386863
727781708	ACC	9.645468	-4.41416	-5.8043895
727781717	ACC	10.358529	-4.730012	-6.0197434
727781727	ACC	11.205588	-4.9788656	-5.435895
727781736	ACC	12.196217	-5.1607203	-4.612764
727781746	ACC	13.3687	-4.916652	-4.182056
727781755	ACC	14.751752	-4.4668016	-4.3686957
727781765	ACC	16.4028	-4.1892343	-4.8568316
727781774	ACC	17.575283	-3.935595	-5.2827544
727781784	ACC	17.833708	-3.5479577	-5.488537
727781793	ACC	17.64228	-3.2129626	-5.6033926
727781803	ACC	17.603996	-2.9593234	-5.7948184
727781812	ACC	17.503498	-2.653042	-6.187241
727781822	ACC	17.383856	-2.4616163	-6.431309
727781831	ACC	17.59921	-2.3994029	-5.8618174
727781841	ACC	17.718851	-1.9351953	-4.718048
727781850	ACC	17.848064	-1.4183456	-4.057629
727781860	ACC	17.958134	-0.78664047	-3.856632
727781869	ACC	17.63271	-0.020937199	-4.1964126
727781879	ACC	17.202002	0.70648086	-4.875974
727781888	ACC	17.010576	1.4386846	-5.411967
727781898	ACC	16.833508	2.2666013	-5.9766726
727781907	ACC	16.608582	3.094518	-6.4121666
727781917	ACC	16.512869	3.673581	-6.608378
727781926	ACC	16.532011	4.0851464	-6.25424
727781936	ACC	16.532011	4.3148575	-5.4981084
727781945	ACC	16.235302	4.4871407	-4.703691
727781955	ACC	15.876378	4.6689954	-3.8231323
727781964	ACC	15.498312	4.7838507	-3.0095727
727781974	ACC	15.081961	4.855635	-2.263012
727781983	ACC	14.502898	4.807779	-1.7318054
727781993	ACC	13.947763	4.6785665	-1.372882
727782002	ACC	13.354343	4.578068	-1.2484552
727782012	ACC	13.014563	4.400999	-1.1862419
727782021	ACC	12.957134	4.0851464	-1.0331012
727782031	ACC	12.899707	3.8027935	-0.9086744
727782040	ACC	12.751352	3.6257246	-0.59760743
727782050	ACC	12.727424	3.539583	-0.3487539
727782059	ACC	12.88535	3.362514	-0.21954148
727782069	ACC	13.244273	3.2620156	-0.46839502
727782078	ACC	13.746766	3.0705895	-0.9661021
727782088	ACC	14.3689	2.8121648	-1.5308083
727782097	ACC	15.048462	2.4484558	-2.1050856
727782107	ACC	15.550955	2.079961	-2.5501506
727782116	ACC	15.814165	1.6827525	-2.8468606
727782126	ACC	15.938592	1.2281163	-3.1244283
727782135	ACC	16.015162	0.79740816	-3.3684962
727782145	ACC	16.249659	0.3714857	-3.5742788
727782154	ACC	16.41237	-0.044865426	-3.7896328
727782164	ACC	16.613367	-0.3894319	-4.019344
727782173	ACC	16.756937	-0.73399836	-4.272983
727782183	ACC	16.934006	-1.0642079	-4.6079783
727782192	ACC	17.135002	-1.3130615	-4.8329034
727782202	ACC	17.087147	-1.5236298	-4.8999023
727782211	ACC	17.020147	-1.8873389	-4.9956155
727782221	ACC	16.900507	-2.1361923	-5.4646087
727782230	ACC	16.41237	-2.3754747	-5.9383874
727782240	ACC	15.613168	-2.562115	-6.0341005
727782249	ACC	14.857036	-2.6769702	-6.1441703
727782259	ACC	14.263616	-2.858825	-6.1920266
727782268	ACC	14.14876	-3.0358937	-6.3068824
727782278	ACC	14.076976	-3.2321053	-6.622735
727782287	ACC	13.344772	-3.3852458	-6.66102
727782297	ACC	12.397214	-3.5144582	-6.5030937
727782306	ACC	11.626725	-3.6867416	-6.2111692
727782316	ACC	10.84188	-3.7489548	-5.8857455
727782325	ACC	10.301102	-3.8255253	-5.4837513
727782335	ACC	9.894321	-3.720241	-5.0865426
727782344	ACC	9.458828	-3.5096726	-4.909474
727782354	ACC	8.927621	-3.3230324	-4.976473
727782363	ACC	8.420342	-3.2416766	-5.239683
727782373	ACC	7.7551384	-3.126821	-5.28754
727782382	ACC	6.869794	-2.9880373	-5.105685
727782392	ACC	6.1232333	-2.9210382	-4.8903313
727782401	ACC	5.4963136	-2.9353952	-4.7419763
727782411	ACC	4.8119664	-2.9736803	-4.4404807
727782420	ACC	4.022335	-3.00718	-4.019344
727782430	ACC	3.2805598	-3.0311081	-3.612564
727782439	ACC	2.672783	-3.1028929	-3.1866415
727782449	ACC	2.1272194	-3.1363924	-2.6219354
727782458	ACC	1.8161523	-3.112464	-2.076372
727782468	ACC	1.4476577	-3.045465	-1.6456637
727782477	ACC	0.9164511	-2.9688947	-1.3202399
727782487	ACC	0.6149554	-3.045465	-1.1431711
727782496	ACC	0.33738798	-2.9880373	-0.92303133
727782506	ACC	0.12203395	-2.925824	-0.8895318
727782515	ACC	0.021535404	-2.9306095	-1.1144571
727782525	ACC	0.23688944	-3.0550363	-1.3393825
727782534	ACC	0.35653058	-2.978466	-1.5786648
727782544	ACC	0.63888365	-3.0023942	-1.8658035
727782553	ACC	1.1365907	-3.2081769	-2.1912274
727782563	ACC	1.8448663	-3.3804603	-2.5501506
727782572	ACC	2.5962126	-3.586243	-2.7272196
727782582	ACC	3.3810585	-3.6723845	-2.574079
727782591	ACC	3.8069808	-3.6532419	-2.3635106
727782601	ACC	4.132405	-3.5958142	-2.3012972
727782610	ACC	4.4674	-3.4809587	-2.425724
727782620	ACC	4.9028935	-3.4139597	-2.6793633
727782629	ACC	5.4053864	-3.4331024	-2.937788
727782639	ACC	6.1902323	-3.4713874	-3.114857
727782648	ACC	7.2095747	-3.4857445	-3.4737802
727782658	ACC	8.233703	-3.6197424	-3.9667017
727782667	ACC	9.300901	-3.6915271	-4.3926244
727782677	ACC	10.372886	-3.7489548	-4.612764
727782686	ACC	11.157732	-3.8398821	-4.325625
727782696	ACC	11.545369	-3.8494534	-3.80399
727782705	ACC	12.201003	-3.9164524	-3.5790644
727782715	ACC	12.957134	-4.0552363	-3.6221352
727782724	ACC	13.560126	-4.0552363	-3.8997028
727782734	ACC	13.828122	-4.026522	-4.272983
727782743	ACC	14.574683	-4.002594	-4.8855457
727782753	ACC	16.613367	-4.0648074	-5.799604
727782762	ACC	18.881763	-3.9738803	-6.905088
727782772	ACC	19.905891	-3.5910287	-7.900502
727782781	ACC	20.097317	-3.126821	-8.230712
727782791	ACC	19.29333	-2.5764718	-8.091928
727782800	ACC	18.455841	-2.0787647	-7.603792
727782810	ACC	18.637695	-1.9208384	-7.1300135
727782819	ACC	18.599411	-1.7868403	-6.8333035
727782829	ACC	18.197416	-1.5236298	-6.369096
727782838	ACC	17.89592	-1.3130615	-5.4502516
727782848	ACC	17.781065	-0.8632108	-4.4979086
727782857	ACC	17.431713	-0.13579269	-3.8183467
727782867	ACC	17.087147	0.5389833	-3.7178483
727782876	ACC	17.068005	0.9409775	-4.3878384
727782886	ACC	17.03929	1.3429717	-5.2109694
727782895	ACC	16.508083	2.0081763	-5.6321063
727782905	ACC	16.106089	2.5633113	-5.4311094
727782914	ACC	15.751951	3.0418758	-5.0482574
727782924	ACC	15.4313135	3.44387	-4.962116
727782933	ACC	15.034104	3.7118661	-4.976473
727782943	ACC	14.517255	3.7740796	-4.8472605
727782952	ACC	13.981263	3.7166517	-4.3782673
727782962	ACC	13.196417	3.7070804	-3.894917
727782971	ACC	12.535997	3.5491543	-3.4929228
727782981	ACC	12.143575	3.2237303	-3.1387851
727782990	ACC	11.679367	2.9126635	-2.7655048
727783000	ACC	11.205588	2.6398816	-2.277369
727783009	ACC	10.683953	2.5345974	-1.535594
727783019	ACC	10.143175	2.5058835	-1.0091729
727783028	ACC	9.80818	2.472384	-0.80817586
727783038	ACC	9.683753	2.3862424	-0.8560323
727783047	ACC	9.803394	2.3958137	-1.0522437
727783057	ACC	10.176675	2.4819553	-1.3154542
727783066	ACC	10.683953	2.4963121	-1.5403795
727783076	ACC	11.4018	2.55374	-1.80359
727783085	ACC	12.157932	2.620739	-2.0907288
727783095	ACC	12.942778	2.7068806	-2.277369
727783104	ACC	13.914264	2.702095	-2.4161527
727783114	ACC	14.790037	2.6925237	-2.6889346
727783123	ACC	15.426528	2.6398816	-3.0382864
727783133	ACC	16.106089	2.4915266	-3.464209
727783142	ACC	16.886148	2.204388	-3.9571304
727783152	ACC	17.65664	1.8693926	-4.4979086
727783161	ACC	18.551554	1.4482559	-5.024329
727783171	ACC	19.441685	0.907478	-5.378467
727783180	ACC	19.853249	0.32362926	-5.392824
727783190	ACC	19.762321	-0.21714866	-5.2540402
727783199	ACC	19.503897	-0.6861419	-5.000401
727783209	ACC	19.427326	-1.1934203	-4.7898326
727783218	ACC	19.274187	-1.7868403	-4.799404
727783228	ACC	19.001404	-2.3419752	-4.718048
727783237	ACC	18.537197	-2.777469	-4.6079783
727783247	ACC	18.11606	-3.1555347	-4.8041897
727783256	ACC	17.670996	-3.3565319	-5.096114
727783266	ACC	16.967505	-3.4139597	-5.3353963
727783275	ACC	16.45544	-3.610171	-5.340182
727783285	ACC	15.900307	-3.6436708	-5.325825
727783294	ACC	15.383457	-3.667599	-5.5316076
727783304	ACC	14.550755	-3.6532419	-5.7469616
727783313	ACC	13.607983	-3.5766716	-5.8043895
727783323	ACC	12.914063	-3.5336008	-5.971887
727783332	ACC	12.177074	-3.3517463	-6.148956
727783342	ACC	11.459228	-3.1363924	-6.0676003
727783351	ACC	10.73181	-2.8253253	-5.5651073
727783361	ACC	10.1288185	-2.3994029	-5.0339007
727783370	ACC	9.631111	-2.2462623	-4.6175494
727783380	ACC	9.454042	-2.3228326	-4.301697
727783389	ACC	8.7984085	-2.274976	-4.0480576
727783399	ACC	7.8317084	-2.1744776	-3.8327036
727783408	ACC	7.1042905	-2.021337	-3.6652062
727783418	ACC	6.2668023	-1.8777676	-3.6173496
727783427	ACC	5.3240304	-1.7676977	-3.5120654
727783437	ACC	4.534399	-1.6002002	-3.3254254
727783446	ACC	3.9649072	-1.4470595	-3.1387851
727783456	ACC	3.95055	-1.3992031	-3.0143583
727783465	ACC	3.8213377	-1.4279169	-2.8612177
727783475	ACC	3.3667014	-1.4231312	-2.6602206
727783484	ACC	2.6488547	-1.3848461	-2.3635106
727783494	ACC	2.050649	-1.3800604	-2.0859432
727783503	ACC	1.5433706	-1.3513466	-1.9232312
727783513	ACC	1.3184453	-1.4039887	-1.8323039
727783522	ACC	0.95473623	-1.4039887	-1.750948
727783532	ACC	0.5240282	-1.5044873	-1.5595222
727783541	ACC	0.40438703	-1.911267	-1.8323039
727783551	ACC	-0.21296121	-1.7102699	-2.018944
727783560	ACC	0.14117654	-1.8299111	-1.966302
727783570	ACC	1.1892328	-2.2127628	-2.2677977
727783579	ACC	2.0027926	-2.480759	-2.8133612
727783589	ACC	2.361716	-2.5764718	-3.004787
727783598	ACC	2.28036	-2.5381866	-2.856432
727783608	ACC	2.1511476	-2.6578279	-2.966502
727783617	ACC	2.1655045	-2.7008986	-3.114857
727783627	ACC	2.2420747	-2.748755	-2.99043
727783636	ACC	2.347359	-2.8827531	-2.8516464
727783646	ACC	2.821138	-3.098107	-2.7128627
727783655	ACC	3.749553	-3.1603205	-2.6027927
727783665	ACC	5.022535	-3.0693932	-2.8229325
727783674	ACC	5.989235	-2.9593234	-3.4259238
727783684	ACC	6.8410797	-2.8827531	-4.249055
727783693	ACC	7.5493555	-2.7008986	-4.895117
727783703	ACC	7.6977105	-2.4855444	-5.191827
727783712	ACC	7.8317084	-2.3467607	-5.2492547
727783722	ACC	8.4012	-2.423331	-5.2013984
727783731	ACC	8.803194	-2.571686	-4.947759
727783741	ACC	9.468399	-2.519044	-4.5266223
727783750	ACC	10.899307	-2.2223341	-4.4165525
727783760	ACC	12.177074	-1.7437695	-4.8137608
727783769	ACC	13.110275	-1.4087744	-5.4311094
727783779	ACC	13.919049	-1.4422739	-5.9001026
727783788	ACC	14.675181	-1.2843475	-5.890531
727783798	ACC	15.536597	-1.11685	-6.1680984
727783807	ACC	16.254444	-1.035494	-6.617949
727783817	ACC	16.488941	-1.102493	-6.780661
727783826	ACC	15.905092	-1.0785648	-6.2111692
727783836	ACC	15.507884	-0.9349955	-4.818547
727783845	ACC	15.349957	-0.6239285	-3.5934215
727783855	ACC	16.067804	-0.27936205	-3.4163525
727783864	ACC	17.206787	0.0029910284	-3.9954157
727783874	ACC	17.613567	0.47676992	-4.69412
727783883	ACC	17.283358	1.1084751	-5.5459647
727783893	ACC	16.747366	1.6061822	-6.541379
727783902	ACC	16.661224	2.056033	-7.106085
727783912	ACC	17.340786	2.3336003	-7.402795
727783921	ACC	18.144773	2.592025	-7.3980093
727783931	ACC	18.240486	3.0323045	-6.77109
727783940	ACC	17.804993	3.7214375	-5.813961
727783950	ACC	17.331215	4.3531427	-5.0530434
727783959	ACC	17.278572	4.898706	-4.808975
727783969	ACC	17.403	5.348557	-5.230112
727783978	ACC	17.125431	5.8893347	-5.8426747
727783988	ACC	16.527225	6.2051873	-6.1010995
727783997	ACC	16.125233	6.4731836	-6.000601
727784007	ACC	15.814165	6.358328	-5.5986066
727784016	ACC	15.565311	6.109474	-4.828118
727784026	ACC	15.014962	5.8223357	-4.0145583
727784035	ACC	14.502898	5.4777694	-3.057429
727784045	ACC	13.866407	5.238487	-2.1625135
727784054	ACC	13.129417	4.9896336	-1.683949
727784064	ACC	12.550355	4.6546383	-1.5978073
727784073	ACC	12.29193	4.3962135	-1.5690935
727784083	ACC	12.138789	4.2335014	-1.6217356
727784092	ACC	12.057433	4.0851464	-1.7653049
727784101	ACC	12.033505	3.9655054	-1.9088743
727784111	ACC	11.85165	3.8937206	-1.9902302
727784120	ACC	11.62194	3.8171504	-2.1242282
727784130	ACC	11.73201	3.7740796	-2.2342982
727784139	ACC	12.047862	3.6831522	-2.3012972
727784149	ACC	12.47857	3.5252259	-2.5262225
727784158	ACC	13.062419	3.3290145	-2.736791
727784168	ACC	13.674981	3.1998022	-3.0813572
727784177	ACC	13.85205	3.094518	-3.5359936
727784187	ACC	13.828122	2.9270203	-3.9571304
727784196	ACC	13.780266	2.7260232	-4.28734
727784206	ACC	14.081761	2.5058835	-4.4979086
727784215	ACC	14.58904	2.2378874	-4.7563334
727784225	ACC	15.101104	1.8646071	-4.9525447
727784234	ACC	15.340386	1.5774683	-4.9142594
727784244	ACC	15.656239	1.2711871	-4.895117
727784253	ACC	16.101303	1.0510473	-5.1343994
727784263	ACC	16.484156	0.8452646	-5.727819
727784272	ACC	16.986649	0.5724828	-6.282954
727784282	ACC	17.173288	0.38584265	-6.8668027
727784291	ACC	16.723438	0.10827523	-7.3980093
727784301	ACC	15.933806	-0.116650105	-7.713862
727784310	ACC	15.192031	-0.43728834	-7.9244304
727784320	ACC	14.58904	-0.69092757	-7.7425756
727784329	ACC	14.000405	-1.0833504	-7.3692956
727784339	ACC	13.330415	-1.5092729	-6.871588
727784348	ACC	12.669996	-1.805983	-6.4121666
727784358	ACC	11.976077	-2.00698	-5.95753
727784367	ACC	11.07159	-2.0979073	-5.5986066
727784377	ACC	10.296316	-2.1074786	-5.263612
727784386	ACC	9.501899	-2.1074786	-4.95733
727784396	ACC	8.626125	-2.0739791	-4.718048
727784405	ACC	7.908279	-2.184049	-4.4931226
727784415	ACC	7.367501	-2.3467607	-4.1868415
727784424	ACC	6.8315086	-2.3802602	-3.8757744
727784434	ACC	6.4534426	-2.370689	-3.6412778
727784443	ACC	6.108876	-2.3132613	-3.531208
727784453	ACC	5.501099	-2.2989044	-3.4019957
727784462	ACC	4.8263235	-2.265405	-3.205784
727784472	ACC	4.089334	-2.2127628	-3.0957143
727784481	ACC	3.6059837	-2.2462623	-2.9138598
727784491	ACC	3.3092737	-2.370689	-2.7798617
727784500	ACC	2.8977082	-2.3994029	-2.7415764
727784510	ACC	2.2468605	-2.4472594	-2.7128627
727784519	ACC	1.5529419	-2.519044	-2.6219354
727784529	ACC	1.0025927	-2.6243281	-2.3682961
727784538	ACC	0.7393822	-2.748755	-2.1337996
727784548	ACC	1.0073783	-2.8731818	-2.0380867
727784557	ACC	1.4907285	-3.0023942	-2.2007985
727784567	ACC	1.835295	-3.0646076	-2.4161527
727784576	ACC	1.7012969	-3.0550363	-2.6745775
727784586	ACC	1.294517	-3.0358937	-2.9234312
727784595	ACC	1.1557333	-3.0502508	-3.033501
727784605	ACC	1.4907285	-3.045465	-3.1244283
727784614	ACC	2.050649	-3.0885358	-3.1483564
727784624	ACC	2.7493532	-3.112464	-3.1196425
727784633	ACC	3.696911	-3.1028929	-2.8755746
727784643	ACC	4.8598228	-2.9449666	-2.8229325
727784652	ACC	5.788238	-2.7535408	-3.2297122
727784662	ACC	6.204589	-2.6434708	-3.598207
727784671	ACC	6.2237315	-2.533401	-3.7657046
727784681	ACC	6.1328044	-2.4329023	-3.7369907
727784690	ACC	6.262017	-2.4711876	-3.7322052
727784700	ACC	7.018149	-2.5764718	-4.019344
727784709	ACC	8.152347	-2.6961129	-4.4452662
727784719	ACC	9.568898	-2.7583263	-4.8472605
727784728	ACC	10.5690975	-2.7583263	-5.1535416
727784738	ACC	11.100305	-2.7631118	-5.1678987
727784747	ACC	11.425728	-2.7056842	-5.172684
727784757	ACC	11.765509	-2.6961129	-5.244469
727784766	ACC	12.191431	-2.801397	-5.3736815
727784776	ACC	13.545769	-2.7583263	-5.5220366
727784785	ACC	15.14896	-2.5812573	-5.785247
727784795	ACC	16.158731	-2.2845473	-6.1585274
727784804	ACC	16.532011	-1.8586249	-6.617949
727784814	ACC	16.914864	-1.3944174	-7.019943
727784823	ACC	17.675781	-0.8392825	-7.407581
727784833	ACC	18.15913	-0.3080759	-7.8000035
727784842	ACC	17.953348	0.10348958	-7.9387875
727784852	ACC	17.747566	0.37627137	-7.541579
727784861	ACC	17.905493	0.68255264	-6.84766
727784871	ACC	17.733208	1.1515459	-6.2494545
727784880	ACC	17.89592	1.5774683	-5.9958153
727784890	ACC	18.096918	2.0512471	-6.0771713
727784899	ACC	17.77628	2.6303103	-6.201598
727784909	ACC	17.757137	2.9892337	-6.201598
727784918	ACC	18.082561	3.3385859	-6.17767
727784928	ACC	17.905493	3.807579	-6.3068824
727784937	ACC	17.087147	4.195216	-6.321239
727784947	ACC	15.957734	4.386642	-6.17767
727784956	ACC	14.866607	4.4871407	-5.7373905
727784966	ACC	14.1726885	4.4488554	-4.8711886
727784975	ACC	13.622339	4.2335014	-4.1054854
727784985	ACC	13.162917	3.9750767	-3.4737802
727784994	ACC	13.014563	3.7645082	-2.7463622
727785004	ACC	12.679567	3.659224	-2.196013
727785013	ACC	11.96172	3.6113675	-1.7413766
727785023	ACC	11.29173	3.5347972	-1.4303098
727785032	ACC	10.765309	3.4486556	-1.3298112
727785042	ACC	10.473385	3.5060835	-1.2628121
727785051	ACC	10.329815	3.5682967	-1.2915261
727785061	ACC	10.334601	3.5491543	-1.4590236
727785070	ACC	10.473385	3.5443685	-1.3824533
727785080	ACC	10.660025	3.6831522	-1.2915261
727785089	ACC	10.870593	3.7932222	-1.3824533
727785099	ACC	11.148161	3.7980077	-1.4781662
727785108	ACC	11.483156	3.8458643	-1.5308083
727785118	ACC	11.770294	3.92722	-1.5403795
727785127	ACC	12.057433	3.9511483	-1.5690935
727785137	ACC	12.449856	3.9176488	-1.7461623
727785146	ACC	13.009777	3.8602211	-1.884946
727785156	ACC	13.497912	3.7453656	-2.1577277
727785165	ACC	13.861622	3.5682967	-2.4879375
727785175	ACC	14.201403	3.3385859	-2.7990043
727785184	ACC	14.641682	3.0179477	-3.0957143
727785194	ACC	15.235102	2.6829524	-3.3637104
727785203	ACC	15.9433775	2.3336003	-3.6029928
727785213	ACC	16.627724	1.8837496	-3.9858444
727785222	ACC	17.03929	1.3238292	-4.531408
727785232	ACC	17.312073	0.7399804	-5.0051866
727785241	ACC	17.546568	0.15134603	-5.0865426
727785251	ACC	17.532211	-0.44207397	-5.0865426
727785260	ACC	17.479568	-0.9206385	-5.1966124
727785270	ACC	17.450855	-1.2699906	-5.3162537
727785279	ACC	17.307285	-1.5284154	-5.5746784
727785289	ACC	17.144575	-1.7533408	-6.1250277
727785298	ACC	16.876577	-1.9495523	-6.665806
727785308	ACC	16.450655	-2.1218355	-7.2209406
727785317	ACC	15.8715925	-2.1026928	-9.25484
727785327	ACC	14.641682	-3.49053	-7.84786
727785336	ACC	12.856636	-3.1794631	-7.2305117
727785346	ACC	12.090933	-1.9591235	-7.3453674
727785355	ACC	11.96172	-2.0644078	-6.541379
727785365	ACC	11.363515	-2.4568307	-6.407381
727785374	ACC	10.54517	-3.098107	-6.4887366
727785384	ACC	9.444471	-3.1507492	-5.6943197
727785393	ACC	8.606983	-3.112464	-4.679763
727785403	ACC	8.200203	-3.2560334	-3.8087754
727785412	ACC	7.664211	-3.4283166	-3.2105699
727785422	ACC	6.946364	-3.5431721	-2.8516464
727785431	ACC	6.381658	-3.7298124	-2.669792
727785441	ACC	5.9844494	-3.9690945	-2.669792
727785450	ACC	5.453243	-4.217948	-2.870789
727785460	ACC	4.7832522	-4.447659	-3.1244283
727785469	ACC	4.0127635	-4.505087	-3.2392836
727785479	ACC	3.1513474	-4.4428735	-3.3493536
727785488	ACC	2.4670002	-4.313661	-3.4402807
727785498	ACC	2.0985055	-4.1605206	-3.4259238
727785507	ACC	1.9597218	-4.098307	-3.3637104
727785517	ACC	1.9788643	-4.0648074	-3.167499
727785526	ACC	2.0985055	-4.0121655	-2.9808588
727785536	ACC	2.3521447	-4.0073795	-2.856432
727785545	ACC	2.658426	-4.0408792	-2.736791
727785555	ACC	3.0843484	-4.165306	-2.574079
727785564	ACC	3.3906298	-4.150949	-2.3635106
727785574	ACC	3.2805598	-4.08395	-2.2342982
727785583	ACC	2.9838498	-4.016951	-2.2151556
727785593	ACC	2.9503503	-4.002594	-2.2199411
727785602	ACC	3.3092737	-3.9020956	-2.1098714
727785612	ACC	3.739982	-3.7489548	-2.1625135
727785621	ACC	4.194618	-3.6771703	-2.5645077
727785631	ACC	4.7306104	-3.6532419	-3.0622149
727785640	ACC	5.237889	-3.5288153	-3.4737802
727785650	ACC	5.773881	-3.399603	-3.894917
727785659	ACC	6.530013	-3.342175	-4.1868415
727785669	ACC	7.4010005	-3.2656047	-4.282554
727785678	ACC	8.181061	-3.2321053	-4.4117665
727785688	ACC	8.812766	-3.2847474	-4.450052
727785697	ACC	9.205189	-3.370889	-4.282554
727785707	ACC	9.731609	-3.4857445	-4.1007
727785716	ACC	10.191031	-3.5383866	-4.1150565
727785726	ACC	11.004591	-3.4809587	-4.4021955
727785735	ACC	11.99522	-3.6005998	-4.866403
727785745	ACC	12.669996	-3.7393837	-5.172684
727785754	ACC	13.004992	-3.7250266	-5.206184
727785764	ACC	13.272987	-3.5766716	-5.28754
727785773	ACC	13.823337	-3.5910287	-5.4023952
727785783	ACC	14.58904	-3.5814574	-5.5651073
727785792	ACC	15.460027	-3.4666018	-5.799604
727785802	ACC	16.067804	-3.399603	-6.110671
727785811	ACC	16.508083	-3.222534	-6.0867424
727785821	ACC	16.981863	-2.89711	-5.708677
727785830	ACC	17.627924	-2.4329023	-5.2683973
727785840	ACC	17.958134	-1.8442681	-4.8568316
727785849	ACC	18.163918	-1.2556337	-4.58405
727785859	ACC	18.441484	-0.590429	-4.5361934
727785868	ACC	18.422342	0.15134603	-4.5409794
727785878	ACC	18.326628	0.88354975	-4.464409
727785887	ACC	18.283558	1.4578272	-4.272983
727785897	ACC	17.804993	2.0368903	-3.9571304
727785906	ACC	16.99622	2.539383	-3.5503507
727785916	ACC	16.532011	2.797808	-3.2297122
727785925	ACC	16.206587	3.0897322	-3.0717862
727785935	ACC	15.613168	3.4965122	-2.7750762
727785944	ACC	14.876179	3.7166517	-2.521437
727785954	ACC	14.206188	3.8650067	-2.3252254
727785963	ACC	13.617554	3.9798622	-2.0859432
727785973	ACC	13.043276	4.11386	-1.7318054
727785982	ACC	12.392428	4.2047877	-1.3202399
727785992	ACC	11.88515	4.156931	-1.0570294
727786001	ACC	11.641082	3.970291	-0.8129615
727786011	ACC	11.32523	3.932006	-0.5736792
727786020	ACC	10.822737	3.9655054	-0.5210371
727786030	ACC	10.406385	3.932006	-0.65024954
727786039	ACC	10.339387	3.8793638	-0.82731843
727786048	ACC	10.305887	3.9128633	-1.0570294
727786058	ACC	10.372886	3.984648	-1.3202399
727786067	ACC	10.746166	3.9128633	-1.4781662
727786077	ACC	11.205588	3.836293	-1.5451652
727786086	ACC	11.655439	3.9080775	-1.5595222
727786096	ACC	12.191431	3.888935	-1.7748762
727786105	ACC	12.622139	3.9080775	-2.1050856
727786115	ACC	12.832707	3.9128633	-2.4161527
727786124	ACC	13.177275	3.8793638	-2.6602206
727786134	ACC	13.789837	3.836293	-2.9282167
727786143	ACC	14.364115	3.7310088	-3.2727833
727786153	ACC	14.799608	3.5491543	-3.6173496
727786162	ACC	15.263816	3.3720853	-3.9044883
727786172	ACC	15.862021	3.1232316	-4.043272
727786181	ACC	16.378872	2.9030921	-4.0624146
727786191	ACC	16.747366	2.673381	-4.138985
727786200	ACC	16.967505	2.3431716	-4.2634115
727786210	ACC	17.254644	1.9555343	-4.282554
727786219	ACC	17.355143	1.5726827	-4.3447676
727786229	ACC	17.398214	1.1036894	-4.450052
727786238	ACC	17.560925	0.5198407	-4.703691
727786248	ACC	17.714066	0.026919255	-5.096114
727786257	ACC	17.886349	-0.6047859	-5.5076795
727786267	ACC	17.843279	-1.0929217	-5.58425
727786276	ACC	17.728422	-1.6336997	-5.5459647
727786286	ACC	17.675781	-2.030908	-5.6703916
727786295	ACC	17.508284	-2.2701905	-5.88096
727786305	ACC	17.168503	-2.5669005	-5.9671016
727786314	ACC	16.78565	-2.830111	-6.0341005
727786324	ACC	16.512869	-3.016751	-5.9383874
727786333	ACC	16.240088	-3.222534	-5.852246
727786343	ACC	15.933806	-3.5336008	-5.890531
727786352	ACC	15.330814	-3.8303108	-5.971887
727786362	ACC	14.340186	-4.1222353	-5.962316
727786371	ACC	13.129417	-4.3519464	-5.7804613
727786381	ACC	12.296716	-4.6151567	-5.502894
727786390	ACC	11.416157	-4.67737	-5.163113
727786400	ACC	10.47817	-4.8448677	-4.8903313
727786409	ACC	9.592826	-5.0602217	-4.598407
727786419	ACC	8.702696	-5.1990056	-4.2203407
727786428	ACC	7.7790666	-5.2660046	-3.7513478
727786438	ACC	7.094719	-5.371289	-3.3062828
727786447	ACC	6.65444	-5.4574304	-2.9138598
727786457	ACC	6.017949	-5.366503	-2.6745775
727786466	ACC	5.2953167	-5.1990056	-2.4687948
727786476	ACC	4.65404	-5.0362935	-2.2917259
727786485	ACC	3.888337	-4.7826543	-2.129014
727786495	ACC	3.0699914	-4.519444	-2.076372
727786504	ACC	2.3904297	-4.3040895	-2.076372
727786514	ACC	1.98365	-4.1126637	-2.0668006
727786523	ACC	1.6582261	-3.9164524	-2.0572293
727786533	ACC	1.524228	-3.734598	-2.0572293
727786542	ACC	1.4045869	-3.6293137	-2.0428724
727786552	ACC	1.2035898	-3.4570305	-1.9902302
727786561	ACC	0.78723866	-3.0598218	-1.50688
727786571	ACC	1.2753744	-3.557529	-1.8658035
727786580	ACC	0.99302137	-3.141178	-2.3300111
727786590	ACC	0.50488555	-2.7726831	-2.315654
727786599	ACC	0.5240282	-2.9114668	-1.899303
727786609	ACC	0.85902333	-3.0550363	-1.80359
727786618	ACC	1.6821543	-3.1890345	-2.0572293
727786628	ACC	2.7110682	-3.1555347	-2.1720848
727786637	ACC	3.7591243	-3.1507492	-2.373082
727786647	ACC	4.831109	-3.1316066	-2.818147
727786656	ACC	5.615955	-2.9832516	-3.2823544
727786666	ACC	6.166304	-2.8636105	-3.5120654
727786675	ACC	6.314659	-2.7535408	-3.5694933
727786685	ACC	6.3864436	-2.7008986	-3.6843486
727786694	ACC	6.558727	-2.868396	-3.5742788
727786704	ACC	6.855437	-3.0119655	-3.3637104
727786713	ACC	7.4105716	-3.1316066	-3.4450665
727786723	ACC	8.4347	-3.3230324	-3.775276
727786732	ACC	9.487542	-3.4187453	-4.2442694
727786742	ACC	10.191031	-3.5096726	-4.8711886
727786751	ACC	11.373086	-3.638885	-5.105685
727786761	ACC	12.751352	-3.6245282	-4.9525447
727786770	ACC	13.794622	-3.3038898	-4.976473
727786780	ACC	15.11546	-3.0502508	-5.2683973
727786789	ACC	16.211374	-3.0550363	-5.689534
727786799	ACC	16.713865	-3.016751	-5.9527445
727786808	ACC	17.18286	-2.858825	-5.809175
727786818	ACC	17.52264	-2.3802602	-5.3976097
727786827	ACC	18.125631	-1.8921245	-4.9525447
727786837	ACC	19.025333	-1.4374882	-4.8855457
727786846	ACC	20.03989	-0.92542416	-5.0626144
727786856	ACC	20.977877	-0.18364914	-5.4263234
727786865	ACC	21.528225	0.56769717	-5.809175
727786875	ACC	21.518654	1.3238292	-6.1585274
727786884	ACC	20.48017	2.1900308	-6.3834524
727786894	ACC	18.996618	2.864807	-6.407381
727786903	ACC	18.139988	3.1902308	-5.9671016
727786913	ACC	17.733208	3.539583	-5.325825
727786922	ACC	17.22593	3.970291	-4.852046
727786932	ACC	16.584654	4.2478585	-4.636692
727786941	ACC	15.976877	4.41057	-4.47398
727786951	ACC	15.364314	4.549354	-4.2394834
727786960	ACC	14.526826	4.683352	-3.8997028
727786970	ACC	13.469198	4.855635	-3.39721
727786979	ACC	12.5551405	4.9752765	-2.7415764
727786989	ACC	11.760723	5.104489	-2.1768703
727786998	ACC	11.023734	5.2863436	-1.7174485
727787008	ACC	10.521241	5.3389854	-1.3393825
727787017	ACC	10.286744	5.372485	-1.0953146
727787027	ACC	10.21496	5.449055	-0.9182457
727787036	ACC	10.4159565	5.5112686	-0.74596244
727787046	ACC	10.6408825	5.539983	-0.52582276
727787055	ACC	10.947164	5.539983	-0.15732808
727787065	ACC	11.263016	5.496912	0.19202402
727787074	ACC	11.717652	5.401199	0.46959144
727787084	ACC	12.081362	5.209773	0.6658029
727787093	ACC	12.358929	5.03749	0.6945168
727787103	ACC	12.607782	4.8843493	0.42652065
727787112	ACC	12.847065	4.7359943	0.05802595
727787122	ACC	13.091133	4.5397825	-0.52582276
727787131	ACC	13.5170555	4.238287	-1.0235299
727787141	ACC	14.244473	3.8410785	-1.4638093
727787150	ACC	15.14896	3.4342988	-1.8945173
727787160	ACC	15.895521	3.0083764	-2.344368
727787169	ACC	16.421942	2.5633113	-2.8803604
727787179	ACC	16.790436	2.1996021	-3.5168512
727787188	ACC	16.953148	1.7497516	-4.2681975
727787198	ACC	17.024933	1.2424731	-4.842475
727787207	ACC	17.053646	0.7639086	-5.0626144
727787217	ACC	17.096718	0.24705894	-5.2253265
727787226	ACC	17.307285	-0.28414768	-5.297111
727787236	ACC	17.288143	-0.738784	-5.311468
727787245	ACC	16.938791	-1.1072787	-5.0099726
727787255	ACC	16.235302	-1.3944174	-4.875974
727787264	ACC	15.541383	-1.7485552	-4.947759
727787274	ACC	15.048462	-2.00698	-5.2253265
727787283	ACC	14.727823	-2.2271197	-5.5507503
727787293	ACC	14.18226	-2.519044	-5.809175
727787302	ACC	13.392629	-2.7966115	-5.9192452
727787312	ACC	12.315858	-3.0646076	-5.9527445
727787321	ACC	11.215159	-3.222534	-5.866603
727787331	ACC	10.224531	-3.3900316	-5.727819
727787340	ACC	9.688539	-3.5431721	-5.6321063
727787350	ACC	9.401401	-3.6771703	-5.4311094
727787359	ACC	8.7984085	-3.734598	-5.1343994
727787369	ACC	8.099705	-3.7298124	-4.636692
727787378	ACC	7.429714	-3.5527434	-4.0145583
727787388	ACC	6.6592255	-3.251248	-3.4977086
727787397	ACC	6.0418773	-3.045465	-3.1866415
727787407	ACC	5.8935223	-2.9593234	-3.0813572
727787416	ACC	5.716453	-2.9688947	-3.0622149
727787426	ACC	5.5250273	-2.992823	-3.0239296
727787435	ACC	5.410172	-3.0119655	-2.9808588
727787445	ACC	5.237889	-2.9162526	-2.9712875
727787454	ACC	4.955536	-2.7583263	-2.966502
727787464	ACC	4.7976093	-2.748755	-3.0239296
727787473	ACC	5.0273204	-2.8636105	-3.0813572
727787483	ACC	5.3240304	-2.964109	-3.0382864
727787492	ACC	5.3144593	-3.0598218	-2.9569306
727787502	ACC	5.113462	-3.251248	-2.8372893
727787511	ACC	4.8454657	-3.4474592	-2.6027927
727787521	ACC	4.4004006	-3.5623147	-2.3874388
727787530	ACC	3.9170506	-3.6005998	-2.2295125
727787540	ACC	3.5150564	-3.6723845	-2.1864417
727787549	ACC	3.3619158	-3.7633119	-2.224727
727787559	ACC	3.5437703	-3.7728832	-2.4161527
727787568	ACC	4.1228333	-3.7824545	-2.641078
727787578	ACC	4.802395	-3.7633119	-2.8755746
727787587	ACC	5.4053864	-3.7920256	-3.0478578
727787597	ACC	5.8265233	-3.6197424	-2.9042885
727787606	ACC	6.013163	-3.4474592	-2.736791
727787616	ACC	6.094519	-3.4043884	-2.69372
727787625	ACC	6.166304	-3.3661032	-2.736791
727787635	ACC	6.35773	-3.3517463	-2.722434
727787644	ACC	6.558727	-3.260819	-2.7942185
727787654	ACC	6.893722	-3.2321053	-2.9856443
727787663	ACC	7.3770723	-3.2368908	-3.1004999
727787673	ACC	8.123632	-3.2991042	-3.0717862
727787682	ACC	9.133404	-3.3852458	-2.9952157
727787692	ACC	9.631111	-3.3469608	-2.8037899
727787701	ACC	9.5353985	-3.3086755	-2.7511477
727787711	ACC	9.530613	-3.3613176	-2.6219354
727787720	ACC	9.674182	-3.4953158	-2.5118656
727787730	ACC	9.889536	-3.5383866	-2.6458635
727787739	ACC	10.530812	-3.667599	-2.9617162
727787749	ACC	11.411371	-3.78724	-3.4594233
727787758	ACC	12.401999	-3.8063827	-3.8470607
727787768	ACC	13.153346	-3.7537405	-4.0815573
727787777	ACC	13.96212	-3.6436708	-4.406981
727787787	ACC	14.9096775	-3.5671003	-4.703691
727787796	ACC	15.751951	-3.4474592	-4.9860444
727787806	ACC	16.699509	-3.3038898	-5.36411
727787815	ACC	17.63271	-3.1890345	-5.5076795
727787825	ACC	17.89592	-2.8731818	-5.526822
727787834	ACC	17.704494	-2.4616163	-5.627321
727787844	ACC	17.637495	-2.207977	-5.675177
727787853	ACC	17.541782	-1.9064814	-5.732605
727787863	ACC	17.283358	-1.5475581	-5.718248
727787872	ACC	17.283358	-1.250848	-5.5986066
727787882	ACC	17.417356	-0.91585284	-5.325825
727787891	ACC	17.364714	-0.49950173	-5.0530434
727787901	ACC	17.058434	0.04127619	-4.785047
727787910	ACC	16.493727	0.6538388	-4.5601215
727787920	ACC	15.833307	1.218545	-4.2777686
727787929	ACC	15.105889	1.7593229	-4.0145583
727787939	ACC	14.608182	2.2331018	-3.8087754
727787948	ACC	14.076976	2.649453	-3.6987057
727787958	ACC	13.550554	2.9557343	-3.502494
727787967	ACC	13.024134	3.1232316	-3.153142
727787977	ACC	12.526426	3.132803	-2.5692933
727787986	ACC	11.96172	3.1567314	-1.7892331
727787996	ACC	11.487942	3.1423743	-0.99960166
727788005	ACC	11.224731	3.1567314	-0.33439696
727788015	ACC	10.918449	3.3050864	0.31166515
727788024	ACC	10.6408825	3.5874393	0.7471589
727788034	ACC	10.530812	3.836293	0.8572287
727788043	ACC	10.473385	4.0564327	0.718445
727788053	ACC	10.444671	4.214359	0.36430725
727788062	ACC	10.583454	4.3531427	0.22552353
727788072	ACC	10.645668	4.4632125	5.9820566E-4
727788081	ACC	10.7844515	4.467998	-0.37746778
727788091	ACC	10.9375925	4.3962135	-0.71246296
727788100	ACC	11.162518	4.3387856	-1.0139586
727788110	ACC	11.411371	4.214359	-1.2149557
727788119	ACC	11.803794	4.0564327	-1.2723835
727788129	ACC	12.497713	3.7980077	-1.0953146
727788138	ACC	13.3352	3.5252259	-0.76510507
727788148	ACC	13.938192	3.3960135	-0.7603194
727788157	ACC	14.565111	3.266801	-0.93738824
727788167	ACC	15.263816	2.9126635	-1.3250256
727788176	ACC	15.92902	2.5680969	-1.8418752
727788186	ACC	16.421942	2.1852453	-2.411367
727788195	ACC	16.972292	1.7162521	-3.004787
727788205	ACC	17.584854	1.2233306	-3.5120654
727788214	ACC	18.2357	0.7399804	-4.0719857
727788224	ACC	18.92962	0.15613168	-4.4404807
727788233	ACC	19.44647	-0.4229314	-4.5649076
727788243	ACC	19.590038	-0.95413804	-4.7419763
727788252	ACC	19.585253	-1.5092729	-4.799404
727788262	ACC	19.513468	-1.9495523	-4.785047
727788271	ACC	19.44647	-2.4281168	-4.828118
727788281	ACC	19.408184	-2.7726831	-4.962116
727788290	ACC	19.168901	-3.0693932	-5.3066826
727788300	ACC	19.025333	-3.3086755	-5.3976097
727788309	ACC	18.910477	-3.4187453	-5.239683
727788319	ACC	18.781265	-3.6580276	-5.0386863
727788328	ACC	18.470198	-3.8638103	-4.9286165
727788338	ACC	18.082561	-3.8446677	-4.9860444
727788347	ACC	17.584854	-3.8925242	-5.4167523
727788357	ACC	16.867006	-4.060022	-5.88096
727788366	ACC	15.981663	-4.179663	-5.9431734
727788376	ACC	14.928821	-4.222734	-5.8857455
727788385	ACC	14.019547	-4.222734	-5.459823
727788395	ACC	13.10549	-4.1844487	-4.923831
727788404	ACC	12.473784	-4.179663	-4.4452662
727788414	ACC	12.02872	-4.323232	-4.0624146
727788423	ACC	11.416157	-4.519444	-3.799204
727788433	ACC	10.602597	-4.71087	-3.6317065
727788442	ACC	9.564112	-4.840082	-3.464209
727788451	ACC	8.4012	-4.9310093	-3.3062828
727788461	ACC	7.2861447	-5.0362935	-3.1052856
727788470	ACC	6.3290157	-5.1846485	-2.818147
727788480	ACC	5.410172	-5.2516475	-2.5405796
727788489	ACC	4.4817567	-5.2181478	-2.3012972
727788499	ACC	3.5820556	-5.1272206	-2.1385853
727788508	ACC	2.7972097	-5.065007	-2.0955145
727788518	ACC	2.2229323	-4.988437	-2.1385853
727788527	ACC	1.294517	-4.471587	-2.114657
727788537	ACC	0.9403793	-4.562515	-2.1481566
727788546	ACC	0.6963114	-4.667799	-2.6362925
727788556	ACC	-0.27517462	-4.1461635	-2.8085756
727788565	ACC	-0.5910272	-4.1174498	-2.6458635
727788575	ACC	-0.86859465	-3.9882371	-2.545365
727788584	ACC	-0.9499506	-4.0791645	-2.6793633
727788594	ACC	-0.930808	-4.016951	-2.7176483
727788603	ACC	-0.77766734	-3.8207395	-2.4687948
727788613	ACC	-0.53359944	-3.7298124	-2.1337996
727788622	ACC	0.11246266	-3.7776687	-1.9950159
727788632	ACC	0.9212367	-3.7154553	-2.076372
727788641	ACC	1.6007984	-3.586243	-2.1337996
727788651	ACC	2.1511476	-3.519244	-1.9615164
727788660	ACC	2.7062824	-3.519244	-1.7844474
727788670	ACC	3.4049866	-3.4953158	-1.7988044
727788679	ACC	4.1611185	-3.5096726	-1.9136599
727788689	ACC	4.7449675	-3.5144582	-2.2677977
727788698	ACC	5.2809596	-3.5479577	-2.8372893
727788708	ACC	5.9700923	-3.6340995	-3.2823544
727788717	ACC	7.0899334	-3.7010984	-3.6364923
727788727	ACC	8.329415	-3.6580276	-3.9427736
727788736	ACC	9.35833	-3.6340995	-4.182056
727788746	ACC	10.224531	-3.6484563	-4.3112683
727788755	ACC	11.042876	-3.6245282	-4.3208394
727788765	ACC	11.952149	-3.5288153	-4.4165525
727788774	ACC	13.177275	-3.6149569	-4.598407
727788784	ACC	14.024334	-3.8111682	-4.866403
727788793	ACC	14.177474	-3.9786658	-5.258826
727788803	ACC	14.47897	-4.246662	-5.6464634
727788812	ACC	15.522241	-4.4859443	-6.072386
727788822	ACC	16.47937	-4.610371	-6.617949
727788831	ACC	17.082361	-4.610371	-7.019943
727788841	ACC	17.45564	-4.5338006	-7.17787
727788850	ACC	17.737995	-4.371089	-6.9098735
727788860	ACC	18.072989	-4.1222353	-6.5700927
727788869	ACC	18.675982	-3.8877387	-6.3308105
727788879	ACC	19.341185	-3.6867416	-6.1154566
727788888	ACC	19.657038	-3.2943187	-5.9431734
727788898	ACC	19.484755	-2.8109684	-5.6799626
727788907	ACC	19.168901	-2.2127628	-5.354539
727788917	ACC	18.202202	-1.5044873	-5.091328
727788926	ACC	17.202002	-0.93978107	-4.8329034
727788936	ACC	16.713865	-0.5808577	-4.545765
727788945	ACC	16.843079	-0.2745764	-4.2203407
727788955	ACC	17.106289	0.055633128	-3.8997028
727788964	ACC	17.340786	0.44805604	-3.69392
727788974	ACC	17.407785	0.8021938	-3.4977086
727788983	ACC	17.14936	1.1563315	-3.411567
727788993	ACC	16.551155	1.5822539	-3.4211383
727789002	ACC	15.905092	1.945963	-3.3349965
727789012	ACC	15.321243	2.1996021	-3.0909286
727789021	ACC	14.809179	2.3431716	-2.69372
727789031	ACC	14.47897	2.376671	-2.2725832
727789040	ACC	14.014762	2.44367	-1.8801605
727789050	ACC	13.679767	2.4532413	-1.3537394
727789059	ACC	13.339986	2.3814569	-0.99960166
727789069	ACC	13.201202	2.2809582	-0.98524475
727789078	ACC	13.134204	2.204388	-1.2005987
727789088	ACC	12.890136	2.242673	-1.4350954
727789097	ACC	12.583855	2.2474587	-1.6600207
727789107	ACC	12.196217	2.2713869	-1.8801605
727789116	ACC	11.832508	2.2809582	-2.0237298
727789126	ACC	11.755938	2.1517458	-1.9615164
727789135	ACC	11.693725	1.9842482	-1.8370895
727789145	ACC	11.406586	1.8885353	-1.817947
727789154	ACC	11.114661	1.7162521	-1.8466609
727789164	ACC	10.846665	1.5631114	-1.8801605
727789173	ACC	10.588241	1.4434702	-1.8658035
727789183	ACC	10.320244	1.3046865	-1.7892331
727789192	ACC	10.143175	1.2999009	-1.6648064
727789202	ACC	10.4351	1.2281163	-1.6408781
727789211	ACC	11.129018	1.0893325	-1.750948
727789221	ACC	11.73201	1.0319048	-1.9423738
727789230	ACC	12.196217	1.0127622	-2.1003
727789240	ACC	12.669996	0.9553344	-2.2199411
727789249	ACC	12.990634	0.79740816	-2.315654
727789259	ACC	13.3639145	0.62512493	-2.3491535
727789268	ACC	13.655839	0.48155555	-2.4687948
727789278	ACC	14.076976	0.232702	-2.5166512
727789287	ACC	14.971891	-0.15493527	-2.559722
727789297	ACC	15.866807	-0.57607204	-2.5980072
727789306	ACC	16.718653	-0.91106725	-2.6745775
727789316	ACC	17.398214	-1.317847	-2.8612177
727789325	ACC	18.230915	-1.7054844	-3.2105699
727789335	ACC	19.322042	-2.1457636	-3.5886357
727789344	ACC	20.183458	-2.629114	-3.8901315
727789354	ACC	20.398813	-2.9593234	-4.028915
727789363	ACC	20.07339	-3.3230324	-4.0767717
727789373	ACC	19.408184	-3.6197424	-4.0624146
727789382	ACC	18.427128	-3.6867416	-4.1198425
727789392	ACC	17.96292	-3.571886	-4.205984
727789401	ACC	17.99642	-3.6053855	-4.5409794
727789411	ACC	17.991634	-3.6532419	-4.933402
727789420	ACC	17.74278	-3.6963127	-5.2109694
727789430	ACC	17.053646	-3.720241	-5.258826
727789439	ACC	16.230516	-3.6628132	-5.3162537
727789449	ACC	15.287744	-3.6245282	-5.4167523
727789458	ACC	14.344972	-3.5671003	-5.325825
727789468	ACC	13.550554	-3.4522448	-5.1966124
727789477	ACC	12.703495	-3.2703903	-5.043472
727789487	ACC	11.799008	-3.1459637	-4.933402
727789496	ACC	10.9375925	-3.0933216	-4.828118
727789506	ACC	10.080962	-3.098107	-4.7419763
727789515	ACC	9.363115	-3.1507492	-4.569693
727789525	ACC	8.76491	-3.112464	-4.2442694
727789534	ACC	8.353344	-3.0215368	-3.8374894
727789544	ACC	8.02792	-2.9114668	-3.4402807
727789553	ACC	7.664211	-2.8827531	-3.2488549
727789563	ACC	7.123433	-2.8492537	-3.1196425
727789572	ACC	6.2668023	-2.868396	-3.033501
727789582	ACC	5.2809596	-2.925824	-3.0000014
727789591	ACC	4.4243293	-2.9880373	-2.9617162
727789601	ACC	3.7591243	-2.9306095	-2.8325038
727789610	ACC	3.0795627	-2.8205397	-2.7176483
727789620	ACC	2.400001	-2.6578279	-2.6602206
727789629	ACC	1.8592232	-2.5525436	-2.5070798
727789639	ACC	1.3328022	-2.318047	-2.1864417
727789648	ACC	1.2083755	-2.126621	-1.9136599
727789658	ACC	1.2753744	-2.0021944	-1.9136599
727789667	ACC	0.96909314	-1.7868403	-1.8753748
727789677	ACC	0.74895346	-1.6815561	-1.8418752
727789686	ACC	0.57188463	-1.7006987	-1.899303
727789696	ACC	-0.0071784677	-1.332204	-1.9567307
727789705	ACC	0.15553348	-1.3226327	-2.0045872
727789715	ACC	0.4426722	-1.3561323	-2.2534406
727789724	ACC	0.715454	-1.4614165	-2.5692933
727789734	ACC	0.9403793	-1.4614165	-2.5549364
727789743	ACC	1.2801601	-1.494916	-2.4544377
727789753	ACC	1.7874385	-1.6049858	-2.521437
727789762	ACC	2.2564318	-1.6719848	-2.521437
727789772	ACC	2.5579274	-1.8011973	-2.4783661
727789781	ACC	2.7158537	-2.00698	-2.4783661
727789791	ACC	2.8594232	-2.2031915	-2.5022943
727789800	ACC	3.3714871	-2.4472594	-2.5980072
727789810	ACC	4.0797625	-2.6626134	-2.7415764
727789819	ACC	4.65404	-2.8396823	-2.8660033
727789829	ACC	5.1182475	-2.9545379	-3.1722846
727789838	ACC	5.6685967	-3.112464	-3.464209
727789848	ACC	6.257231	-3.2847474	-3.799204
727789857	ACC	7.0325055	-3.4570305	-4.033701
727789867	ACC	7.9657063	-3.6867416	-4.301697
727789876	ACC	9.114262	-3.9308095	-4.512265
727789886	ACC	10.3681	-4.074379	-4.7419763
727789895	ACC	11.411371	-4.136592	-5.0051866
727789905	ACC	11.660225	-4.1174498	-5.1008997
727789914	ACC	11.679367	-4.136592	-5.110471
727789924	ACC	12.067004	-4.366303	-5.2683973
727789933	ACC	12.784851	-4.71087	-5.5076795
727789943	ACC	14.220545	-5.026722	-5.7469616
727789952	ACC	15.876378	-5.352146	-6.120242
727789962	ACC	17.001005	-5.5675	-6.297311
727789971	ACC	17.091932	-5.5483575	-6.1010995
727789981	ACC	16.910078	-5.4239306	-5.5890355
727789990	ACC	17.034504	-5.285147	-5.096114
727790000	ACC	17.618353	-5.1272206	-4.6989055
727790009	ACC	17.943777	-5.017151	-4.5409794
727790019	ACC	18.230915	-4.8065825	-4.4691944
727790028	ACC	18.3362	-4.41416	-4.272983
727790038	ACC	18.3362	-4.0504503	-4.153342
727790047	ACC	18.747765	-3.854239	-4.019344
727790057	ACC	19.09233	-3.437888	-3.6987057
727790066	ACC	19.719252	-3.016751	-3.5503507
727790076	ACC	20.437098	-2.6051857	-3.8614175
727790085	ACC	20.877378	-1.9974087	-4.406981
727790095	ACC	20.982662	-1.2939188	-5.1870413
727790104	ACC	20.580667	-0.5521438	-5.8283176
727790114	ACC	19.604397	0.26141587	-6.282954
727790123	ACC	18.474983	0.9457632	-6.369096
727790133	ACC	17.613567	1.3621143	-6.1010995
727790142	ACC	17.130217	1.6061822	-5.411967
727790152	ACC	16.886148	1.7210377	-4.6749773
727790161	ACC	16.484156	1.7880367	-4.004987
727790171	ACC	15.986448	1.7497516	-3.3876386
727790180	ACC	14.770894	1.8646071	-2.8612177
727790190	ACC	13.205988	1.945963	-2.3395824
727790199	ACC	11.870793	1.8550358	-1.7988044
727790209	ACC	10.789237	1.7162521	-1.3633107
727790218	ACC	10.004392	1.6061822	-0.98524475
727790228	ACC	9.741181	1.4051851	-0.62153566
727790237	ACC	9.516255	1.2520444	-0.3152544
727790247	ACC	9.119047	1.2664014	5.9820566E-4
727790256	ACC	8.520842	1.2664014	0.22552353
727790266	ACC	7.8173513	1.3621143	0.2638087
727790275	ACC	7.4679995	1.3860425	0.3595216
727790285	ACC	7.405786	1.3812568	0.24945176
727790294	ACC	7.300502	1.3477573	0.06759724
727790304	ACC	7.2287173	1.3046865	5.9820566E-4
727790313	ACC	7.4392858	1.2089736	-0.028115666
727790323	ACC	7.8891363	1.0989038	0.11066805
727790332	ACC	8.32463	1.1228321	0.16331014
727790342	ACC	9.042477	1.0127622	-0.09990034
727790351	ACC	10.037891	0.9026923	-0.61675006
727790361	ACC	10.951949	0.9170493	-1.2484552
727790370	ACC	11.751152	0.9840483	-1.8131614
727790380	ACC	12.526426	0.97926265	-2.3347967
727790389	ACC	13.440485	0.89312106	-2.736791
727790399	ACC	14.416757	0.7399804	-2.9617162
727790408	ACC	15.498312	0.59641105	-3.234498
727790418	ACC	16.713865	0.45762733	-3.6652062
727790427	ACC	17.699709	0.26620153	-4.182056
727790437	ACC	18.269201	0.089132644	-4.828118
727790446	ACC	18.388842	-0.16450655	-5.354539
727790456	ACC	18.350557	-0.5377869	-5.6560345
727790465	ACC	18.092133	-0.9732806	-5.47418
727790475	ACC	17.77628	-1.466202	-4.9716873
727790484	ACC	17.584854	-1.9734805	-4.406981
727790494	ACC	17.570498	-2.4711876	-3.9667017
727790503	ACC	17.618353	-2.8444679	-3.7513478
727790513	ACC	17.800207	-3.1316066	-3.6317065
727790522	ACC	17.857635	-3.3182468	-3.6412778
727790532	ACC	17.958134	-3.557529	-3.9810586
727790541	ACC	18.044275	-3.815954	-4.47398
727790551	ACC	17.915064	-4.069593	-4.9429736
727790560	ACC	17.718851	-4.2801614	-5.3593245
727790570	ACC	17.431713	-4.4285164	-5.6703916
727790579	ACC	16.953148	-4.5673003	-6.0771713
727790589	ACC	16.18266	-4.6007996	-6.2638116
727790598	ACC	15.388243	-4.619942	-6.005387
727790608	ACC	14.780465	-4.5768714	-5.5794644
727790617	ACC	14.727823	-4.4524446	-5.3018966
727790627	ACC	14.737394	-4.438088	-5.0339007
727790636	ACC	14.455042	-4.3854456	-4.8472605
727790646	ACC	13.789837	-4.3088756	-4.7371907
727790655	ACC	12.976277	-4.2035913	-4.7419763
727790665	ACC	12.000006	-4.1605206	-4.8376894
727790674	ACC	10.865808	-4.098307	-4.8137608
727790683	ACC	9.6071825	-3.9212382	-4.732405
727790693	ACC	8.449057	-3.7680974	-4.69412
727790702	ACC	7.372287	-3.6771703	-4.598407
727790712	ACC	6.606583	-3.6340995	-4.4404807
727790721	ACC	5.907879	-3.6293137	-4.182056
727790731	ACC	5.180461	-3.5814574	-3.6652062
727790740	ACC	4.3334017	-3.4713874	-3.114857
727790750	ACC	3.4337006	-3.3230324	-2.6554348
727790759	ACC	2.7589245	-3.1986058	-2.1864417
727790769	ACC	2.3856442	-3.1220353	-1.817947
727790778	ACC	2.0937197	-2.9688947	-1.5451652
727790788	ACC	1.7204394	-2.7822545	-1.3920245
727790797	ACC	1.2514462	-2.6482565	-1.3968102
727790807	ACC	0.8446664	-2.5286152	-1.4350954
727790816	ACC	0.43788654	-2.41376	-1.4303098
727790826	ACC	0.083748795	-2.3467607	-1.4733806
727790835	ACC	-0.15553348	-2.2414765	-1.535594
727790845	ACC	-0.29910284	-2.035694	-1.5403795
727790854	ACC	0.10289137	-2.370689	-1.750948
727790864	ACC	0.16031912	-2.1457636	-1.9519451
727790873	ACC	0.42831525	-2.0691934	-1.9328024
727790883	ACC	0.89730847	-2.1505494	-1.9280169
727790892	ACC	1.1557333	-2.3276181	-2.2295125
727790902	ACC	1.5290136	-2.4855444	-2.344368
727790911	ACC	2.0410776	-2.4951158	-2.3252254
727790921	ACC	2.6153553	-2.5908287	-2.4209383
727790930	ACC	3.103491	-2.7343981	-2.669792
727790940	ACC	3.5676985	-2.8827531	-2.8372893
727790949	ACC	3.9888353	-2.9736803	-2.9282167
727790959	ACC	4.3669014	-2.9976087	-3.0095727
727790968	ACC	4.7784667	-3.0598218	-3.1244283
727790978	ACC	5.568098	-3.1746774	-3.4259238
727790987	ACC	6.640083	-3.2703903	-3.8757744
727790997	ACC	7.692925	-3.3278182	-4.5170507
727791006	ACC	8.707481	-3.3804603	-5.091328
727791016	ACC	9.726824	-3.3852458	-5.4646087
727791025	ACC	10.679168	-3.3469608	-5.88096
727791035	ACC	11.243874	-3.3278182	-6.1154566
727791044	ACC	11.569298	-3.409174	-6.105885
727791054	ACC	12.105289	-3.4666018	-6.1680984
727791063	ACC	12.497713	-3.4570305	-6.2159553
727791073	ACC	13.225131	-3.5623147	-6.1920266
727791082	ACC	13.990834	-3.6867416	-6.134599
727791092	ACC	14.47897	-3.6867416	-6.0197434
727791101	ACC	15.014962	-3.6580276	-5.9431734
727791111	ACC	15.507884	-3.6963127	-5.866603
727791120	ACC	15.723238	-3.667599	-5.622535
727791130	ACC	15.9433775	-3.6053855	-5.2540402
727791139	ACC	16.307087	-3.5144582	-4.866403
727791149	ACC	16.823936	-3.3804603	-4.7419763
727791158	ACC	16.991434	-3.1794631	-4.7515473
727791168	ACC	16.900507	-2.9449666	-4.8711886
727791177	ACC	17.111074	-2.7631118	-4.8041897
727791187	ACC	17.824137	-2.5238297	-4.6319065
727791196	ACC	18.317057	-2.140978	-4.5505505
727791206	ACC	18.55634	-1.7437695	-4.5888357
727791215	ACC	18.422342	-1.2556337	-4.8233323
727791225	ACC	18.111275	-0.72442704	-5.081757
727791234	ACC	17.65664	-0.13100705	-5.1870413
727791244	ACC	17.158932	0.24227329	-5.378467
727791253	ACC	16.867006	0.5198407	-5.5076795
727791263	ACC	16.881363	0.63948184	-5.407181
727791272	ACC	17.087147	0.82612205	-4.895117
727791282	ACC	17.020147	1.1036894	-4.249055
727791291	ACC	16.374084	1.4386846	-3.650849
727791301	ACC	15.172889	1.6444674	-3.2919257
727791310	ACC	13.947763	1.7497516	-2.9521449
727791320	ACC	12.976277	1.797608	-2.6075785
727791329	ACC	12.354143	1.8023937	-2.277369
727791339	ACC	11.923435	1.649253	-1.9184456
727791348	ACC	11.507084	1.5200406	-1.5643078
727791358	ACC	11.042876	1.3908281	-1.1623136
727791367	ACC	10.377672	1.3429717	-0.76989067
727791377	ACC	9.573684	1.3094722	-0.4444668
727791386	ACC	9.02812	1.1802598	-0.066400826
727791396	ACC	8.788837	1.0366904	0.46959144
727791405	ACC	8.788837	1.0510473	0.95772725
727791415	ACC	8.784052	1.1180464	1.1108679
727791424	ACC	8.7266245	1.1276177	0.933799
727791434	ACC	8.688339	1.1180464	0.53659046
727791443	ACC	8.544769	1.1659029	0.053240303
727791453	ACC	8.429914	1.1467602	-0.31046873
727791462	ACC	8.496913	1.0223335	-0.61675006
727791472	ACC	8.73141	0.8356933	-0.8560323
727791481	ACC	9.052048	0.68255264	-0.90388876
727791491	ACC	9.487542	0.5485546	-0.86560357
727791500	ACC	10.037891	0.3714857	-1.0091729
727791510	ACC	10.655239	0.22313072	-1.0426725
727791519	ACC	11.248659	0.232702	-1.1958131
727791529	ACC	11.760723	0.19920248	-1.5595222
727791538	ACC	12.191431	0.084346995	-1.9567307
727791548	ACC	12.521641	0.055633128	-2.3108685
727791557	ACC	12.990634	0.13220344	-2.5932214
727791567	ACC	13.794622	0.10348958	-2.8085756
727791576	ACC	14.679967	0.02213361	-3.167499
727791586	ACC	15.603597	-0.10707881	-3.708277
727791595	ACC	16.474585	-0.29850462	-4.4165525
727791605	ACC	17.125431	-0.48993045	-5.1200423
727791614	ACC	17.560925	-0.69092757	-5.703891
727791624	ACC	17.804993	-0.8488538	-6.038886
727791633	ACC	17.843279	-1.0977074	-6.153742
727791643	ACC	17.737995	-1.3369896	-6.120242
727791652	ACC	17.690138	-1.6049858	-5.809175
727791662	ACC	17.613567	-1.8299111	-5.388038
727791671	ACC	17.22593	-1.925624	-5.096114
727791681	ACC	16.843079	-1.9686948	-5.057829
727791690	ACC	16.800007	-2.059622	-5.3066826
727791700	ACC	17.297714	-2.0548365	-5.6799626
727791709	ACC	18.001205	-1.9734805	-6.062814
727791719	ACC	18.312271	-2.0452652	-6.3978095
727791728	ACC	18.139988	-2.2414765	-6.3403816
727791738	ACC	17.398214	-2.356332	-5.8043895
727791747	ACC	16.469799	-2.332404	-5.1678987
727791757	ACC	15.838093	-2.3515465	-4.6462636
727791766	ACC	15.594026	-2.4089742	-4.421338
727791776	ACC	15.230316	-2.452045	-4.3351965
727791785	ACC	14.861821	-2.3371894	-4.182056
727791795	ACC	15.005391	-2.2558336	-4.2299123
727791804	ACC	14.871393	-2.1984057	-4.3064823
727791814	ACC	14.344972	-2.140978	-4.4165525
727791823	ACC	13.4022	-2.169692	-4.6558347
727791833	ACC	12.397214	-2.2701905	-4.895117
727791842	ACC	11.210374	-2.3898315	-5.081757
727791852	ACC	9.846465	-2.5908287	-5.124828
727791861	ACC	8.262417	-2.8348966	-5.0769715
727791871	ACC	6.7740808	-3.0789645	-4.99083
727791880	ACC	5.3623157	-3.2656047	-4.464409
727791890	ACC	4.0414777	-3.3517463	-3.7417765
727791899	ACC	2.8833513	-3.4331024	-3.0000014
727791909	ACC	2.0219352	-3.4522448	-2.2055843
727791918	ACC	1.2897314	-3.4283166	-1.4925231
727791928	ACC	0.7585248	-3.3565319	-0.90388876
727791937	ACC	0.5623133	-3.251248	-0.48275197
727791947	ACC	0.61016977	-3.098107	-0.39661035
727791956	ACC	0.70588267	-2.9210382	-0.631107
727791966	ACC	0.65324056	-2.777469	-1.0378869
727791975	ACC	0.46660042	-2.6482565	-1.50688
727791985	ACC	-0.02632105	-2.2941186	-1.7988044
727791994	ACC	-0.12203395	-2.5286152	-2.0285153
727792004	ACC	-0.782453	-2.3371894	-2.2534406
727792013	ACC	-1.5098711	-2.1505494	-2.3060827
727792023	ACC	-1.5672989	-2.289333	-2.0620148
727792032	ACC	-1.308874	-2.385046	-1.7988044
727792042	ACC	-0.99302137	-2.4999015	-1.6983058
727792051	ACC	-0.6580262	-2.6051857	-1.521237
727792061	ACC	-0.16031912	-2.6913273	-1.4159528
727792070	ACC	0.41874397	-2.7439694	-1.4829519
727792080	ACC	1.2466606	-2.7535408	-1.6791633
727792089	ACC	2.0937197	-2.7583263	-2.0285153
727792099	ACC	2.8307092	-2.8061829	-2.39701
727792108	ACC	3.3906298	-2.777469	-2.8085756
727792118	ACC	4.017549	-2.8396823	-3.1435707
727792127	ACC	4.7880383	-3.0789645	-3.449852
727792137	ACC	5.5106707	-3.2273195	-3.5120654
727792146	ACC	6.204589	-3.260819	-3.3349965
727792156	ACC	6.8410797	-3.1986058	-3.3876386
727792165	ACC	7.62114	-3.3038898	-3.6699917
727792175	ACC	8.630911	-3.6053855	-4.0911283
727792184	ACC	9.635897	-3.868596	-4.5601215
727792194	ACC	10.727024	-3.9738803	-4.8855457
727792203	ACC	11.899507	-4.069593	-5.110471
727792213	ACC	12.545569	-3.9738803	-5.2923255
727792222	ACC	12.7082815	-3.8590248	-5.66082
727792232	ACC	13.225131	-4.093521	-5.971887
727792241	ACC	14.210974	-4.423731	-6.1824555
727792251	ACC	15.311672	-4.653442	-6.517451
727792260	ACC	16.575083	-4.734798	-6.6801624
727792270	ACC	17.44607	-4.6965127	-6.823732
727792279	ACC	17.685352	-4.476373	-6.675377
727792289	ACC	17.556139	-4.289733	-6.268597
727792298	ACC	17.417356	-4.165306	-5.852246
727792308	ACC	17.59921	-4.1318064	-5.5459647
727792317	ACC	17.891134	-4.1318064	-5.321039
727792327	ACC	18.230915	-4.0073795	-5.0769715
727792336	ACC	18.537197	-3.8925242	-4.8041897
727792346	ACC	18.283558	-3.519244	-4.3734818
727792355	ACC	17.493927	-3.0311081	-4.043272
727792365	ACC	16.886148	-2.720041	-3.856632
727792374	ACC	17.139788	-2.5238297	-3.650849
727792384	ACC	17.570498	-2.140978	-3.4211383
727792393	ACC	17.37907	-1.4853446	-3.4259238
727792403	ACC	16.962719	-0.95413804	-3.7704902
727792412	ACC	16.694723	-0.5712864	-4.1294136
727792422	ACC	16.431513	-0.21714866	-4.1629133
727792431	ACC	16.230516	0.012562319	-3.9571304
727792441	ACC	16.273586	0.06520442	-3.6077783
727792450	ACC	16.44587	-0.025722843	-3.330211
727792460	ACC	16.2688	-0.035294134	-3.019144
727792469	ACC	15.641882	0.06999006	-2.5836504
727792479	ACC	14.96232	0.14656039	-2.2725832
727792488	ACC	14.249259	0.25184458	-2.1194427
727792498	ACC	13.641482	0.33320054	-2.0620148
727792507	ACC	13.2921295	0.4336991	-1.9375881
727792517	ACC	13.4022	0.48155555	-1.9328024
727792526	ACC	13.493127	0.5772685	-2.018944
727792536	ACC	13.062419	0.79740816	-2.0045872
727792545	ACC	12.301501	0.98883396	-2.0380867
727792555	ACC	11.703296	1.0989038	-2.076372
727792564	ACC	11.286944	1.1419746	-2.0907288
727792574	ACC	10.889736	1.1994023	-1.9423738
727792583	ACC	10.487741	1.1994023	-1.7174485
727792593	ACC	10.18146	1.1467602	-1.4350954
727792602	ACC	9.812965	1.0845468	-1.1096715
727792612	ACC	9.51147	0.9553344	-0.83688974
727792621	ACC	9.296116	0.81655073	-0.631107
727792631	ACC	8.989835	0.7399804	-0.50189453
727792640	ACC	8.678768	0.72083783	-0.40618163
727792650	ACC	8.5016985	0.66341007	-0.37268212
727792659	ACC	8.338987	0.58683974	-0.4444668
727792669	ACC	8.257631	0.4671986	-0.59282184
727792678	ACC	8.32463	0.3188436	-0.779462
727792688	ACC	8.496913	0.21355942	-0.927817
727792697	ACC	8.707481	0.19441684	-1.0283155
727792707	ACC	9.037691	0.12263216	-1.0809577
727792716	ACC	9.4636135	0.012562319	-1.0331012
727792726	ACC	9.879965	-0.08315059	-1.0570294
727792735	ACC	10.377672	-0.1788635	-1.2436695
727792745	ACC	11.057234	-0.20279172	-1.5738791
727792754	ACC	11.808579	-0.23629123	-2.047658
727792764	ACC	12.488141	-0.27936205	-2.588436
727792773	ACC	13.225131	-0.360718	-3.1292138
727792783	ACC	13.919049	-0.6334998	-3.5551362
727792792	ACC	14.967106	-1.183849	-3.9284165
727792802	ACC	16.048662	-1.6671991	-4.272983
727792811	ACC	17.3695	-1.9974087	-4.488337
727792821	ACC	18.652052	-2.2558336	-4.7515473
727792830	ACC	19.695324	-2.653042	-5.3449674
727792840	ACC	20.054247	-3.2560334	-6.153742
727792849	ACC	19.642681	-3.8111682	-6.871588
727792859	ACC	18.867407	-4.1174498	-7.010372
727792868	ACC	18.144773	-4.447659	-6.555736
727792877	ACC	17.613567	-4.7635117	-5.8043895
727792887	ACC	17.364714	-4.9214377	-5.043472
727792896	ACC	17.316858	-5.0362935	-4.421338
727792906	ACC	17.269001	-5.0602217	-4.0384865
727792915	ACC	17.197216	-4.9405804	-3.9379878
727792925	ACC	16.895721	-4.7778687	-4.086343
727792934	ACC	16.187445	-4.596014	-4.3064823
727792944	ACC	15.25903	-4.438088	-4.406981
727792953	ACC	14.297115	-4.366303	-4.4117665
727792963	ACC	13.512269	-4.2610188	-4.282554
727792972	ACC	12.856636	-4.074379	-4.1294136
727792982	ACC	12.464213	-3.8781674	-4.019344
727792991	ACC	12.095718	-3.705884	-3.952345
727793001	ACC	11.760723	-3.3900316	-3.99063
727793010	ACC	11.25823	-3.0789645	-4.0767717
727793020	ACC	10.84188	-2.8348966	-4.0528436
727793029	ACC	10.296316	-2.6338995	-3.9858444
727793039	ACC	9.731609	-2.6626134	-3.8997028
727793048	ACC	9.042477	-2.7296124	-3.6556349
727793058	ACC	8.075776	-2.7391837	-3.3254254
727793067	ACC	7.1138616	-2.8205397	-2.9856443
727793077	ACC	6.166304	-2.964109	-2.7798617
727793086	ACC	5.319245	-3.1890345	-2.612364
727793096	ACC	4.57747	-3.4187453	-2.3682961
727793105	ACC	3.926622	-3.6053855	-2.0285153
727793115	ACC	3.3092737	-3.7393837	-1.6265212
727793124	ACC	2.6679974	-3.734598	-1.3489537
727793134	ACC	2.0315065	-3.7298124	-1.3250256
727793143	ACC	1.4476577	-3.7154553	-1.4255241
727793153	ACC	1.0313065	-3.6197424	-1.4925231
727793162	ACC	0.7298109	-3.4426737	-1.7222341
727793172	ACC	0.5814559	-3.246462	-1.9758734
727793181	ACC	0.485743	-3.0598218	-2.263012
727793191	ACC	0.4761717	-2.8779674	-2.6506493
727793200	ACC	0.5623133	-2.6482565	-3.0095727
727793210	ACC	0.8350951	-2.4616163	-3.2775688
727793219	ACC	1.2418749	-2.3515465	-3.4450665
727793229	ACC	1.5960127	-2.2797618	-3.411567
727793238	ACC	1.9357935	-2.2462623	-3.2775688
727793248	ACC	2.2277179	-2.274976	-3.1339993
727793257	ACC	2.5387847	-2.4185455	-2.9521449
727793267	ACC	3.141776	-2.6386852	-2.6315067
727793276	ACC	3.586841	-2.7248268	-2.1529422
727793286	ACC	3.7208393	-2.7248268	-1.9088743
727793295	ACC	3.830909	-2.8444679	-1.9184456
727793305	ACC	3.8787656	-2.9545379	-1.8514465
727793314	ACC	4.1850467	-3.0311081	-1.9375881
727793324	ACC	4.6061835	-3.0358937	-2.1912274
727793333	ACC	5.0799623	-3.1172497	-2.559722
727793343	ACC	5.697311	-3.2177482	-3.1052856
727793352	ACC	6.5682983	-3.2560334	-3.4259238
727793362	ACC	7.5828547	-3.222534	-3.4211383
727793371	ACC	8.295917	-3.0598218	-3.7178483
727793381	ACC	9.109476	-3.1363924	-3.947559
727793390	ACC	11.181661	-4.2370906	-5.340182
727793400	ACC	11.492727	-3.720241	-5.7804613
727793409	ACC	11.96172	-4.060022	-5.139185
727793419	ACC	12.387643	-4.366303	-4.808975
727793428	ACC	12.58864	-4.9980083	-4.99083
727793438	ACC	13.052848	-5.3856454	-5.124828
727793447	ACC	13.837693	-5.596214	-5.2492547
727793457	ACC	15.2063875	-5.7780685	-5.627321
727793466	ACC	16.498512	-5.519644	-5.8713884
727793476	ACC	17.584854	-4.878367	-6.0436716
727793485	ACC	18.824335	-4.3184466	-6.3451676
727793495	ACC	19.867607	-3.8733816	-6.6849484
727793504	ACC	20.350956	-3.5288153	-6.6849484
727793514	ACC	20.360527	-3.19382	-6.3164535
727793523	ACC	20.140388	-2.9162526	-5.651249
727793533	ACC	19.460827	-2.5573292	-4.966902
727793542	ACC	18.934406	-2.30369	-4.1007
727793552	ACC	18.427128	-2.1074786	-3.1770704
727793561	ACC	17.66621	-1.7820547	-2.3012972
727793571	ACC	16.900507	-1.5140585	-1.4685949
727793580	ACC	15.881164	-1.1790633	-0.8703892
727793590	ACC	14.66561	-0.7722835	-0.59282184
727793599	ACC	13.651053	-0.48035914	-0.6837491
727793609	ACC	12.861422	-0.24586253	-1.0283155
727793618	ACC	12.401999	-0.15493527	-1.2963116
727793628	ACC	12.033505	-0.035294134	-1.2675978
727793637	ACC	11.784652	0.12263216	-1.2149557
727793647	ACC	11.674582	0.21355942	-1.1240284
727793656	ACC	11.660225	0.29491538	-0.9421739
727793666	ACC	11.507084	0.381057	-0.7890333
727793675	ACC	11.200803	0.48155555	-0.62153566
727793685	ACC	10.73181	0.77826554	-0.4636094
727793694	ACC	10.229317	1.0510473	-0.45882374
727793704	ACC	9.879965	1.1324034	-0.4971089
727793713	ACC	9.908679	1.1467602	-0.57846487
727793723	ACC	10.167104	1.1611172	-0.62153566
727793732	ACC	10.526027	1.1419746	-0.60717875
727793742	ACC	10.951949	1.1084751	-0.7746763
727793751	ACC	11.334801	1.0462617	-1.0953146
727793761	ACC	11.755938	0.9026923	-1.3633107
727793770	ACC	12.248859	0.69212395	-1.5786648
727793780	ACC	12.51207	0.6011967	-1.8227327
727793789	ACC	12.559926	0.5485546	-1.8466609
727793799	ACC	12.660424	0.5198407	-1.7126628
727793808	ACC	12.971492	0.55334026	-1.5403795
727793818	ACC	13.550554	0.64905316	-1.521237
727793827	ACC	14.215759	0.8021938	-1.6648064
727793837	ACC	14.632111	0.9314062	-2.033301
727793846	ACC	14.91925	1.0366904	-2.5645077
727793856	ACC	15.287744	1.0941181	-3.1244283
727793865	ACC	15.354743	1.1515459	-3.5359936
727793875	ACC	14.900106	1.0941181	-3.7178483
727793884	ACC	14.201403	0.8644072	-3.7178483
727793894	ACC	13.550554	0.5341976	-3.411567
727793903	ACC	12.909278	0.17527425	-2.7320054
727793913	ACC	12.44507	-0.1788635	-2.033301
727793922	ACC	12.18186	-0.57607204	-1.5020944
727793932	ACC	12.067004	-0.92542416	-1.1192428
727793941	ACC	12.210574	-1.1790633	-0.927817
727793951	ACC	12.521641	-1.4039887	-1.0426725
727793960	ACC	12.9236355	-1.6049858	-1.2771691
727793970	ACC	13.411771	-1.7533408	-1.5834504
727793979	ACC	13.741981	-1.8011973	-1.9758734
727793989	ACC	13.947763	-1.9878374	-2.344368
727793998	ACC	14.18226	-2.30369	-2.669792
727794008	ACC	14.574683	-2.6578279	-3.0143583
727794017	ACC	15.168102	-2.964109	-3.181856
727794027	ACC	15.756737	-3.1507492	-3.354139
727794036	ACC	16.173088	-3.222534	-3.6317065
727794046	ACC	16.488941	-3.49053	-4.0959144
727794055	ACC	16.77608	-3.6915271	-4.5888357
727794065	ACC	16.86222	-3.8973098	-4.95733
727794074	ACC	16.900507	-4.2275195	-5.105685
727794084	ACC	16.838293	-4.49073	-5.0865426
727794093	ACC	16.728224	-4.701298	-5.1439705
727794103	ACC	16.766508	-4.859225	-5.230112
727794112	ACC	16.618153	-4.988437	-5.560322
727794122	ACC	16.230516	-5.017151	-6.062814
727794131	ACC	15.440885	-4.840082	-6.407381
727794141	ACC	14.474184	-4.663013	-6.608378
727794150	ACC	13.2921295	-4.3854456	-6.704091
727794160	ACC	12.000006	-4.1318064	-6.6131635
727794169	ACC	10.755738	-3.8925242	-6.2350974
727794179	ACC	9.702896	-3.6436708	-5.718248
727794188	ACC	8.8701935	-3.3565319	-5.230112
727794198	ACC	8.195417	-3.00718	-4.4979086
727794207	ACC	7.5254273	-2.6434708	-3.8135612
727794217	ACC	6.7645097	-2.3467607	-3.2727833
727794226	ACC	6.151947	-2.0979073	-2.8277183
727794236	ACC	5.6590257	-1.911267	-2.5357938
727794245	ACC	5.0799623	-1.7964116	-2.4161527
727794255	ACC	4.4434714	-1.925624	-2.4544377
727794264	ACC	3.7064822	-2.1026928	-2.5070798
727794274	ACC	2.8785655	-2.2127628	-2.4352953
727794283	ACC	1.9740787	-2.2797618	-2.2869403
727794293	ACC	1.1509477	-2.3611178	-2.076372
727794302	ACC	0.4426722	-2.4903302	-1.8227327
727794312	ACC	-0.10289137	-2.5286152	-1.5260227
727794321	ACC	-0.4139583	-2.614757	-1.2197413
727794331	ACC	-0.50009996	-2.653042	-1.0235299
727794340	ACC	-0.2847459	-2.7439694	-0.89431745
727794350	ACC	0.04546363	-2.8444679	-0.9517452
727794359	ACC	0.64845496	-2.9688947	-1.1766706
727794369	ACC	1.2370893	-3.0358937	-1.5499508
727794378	ACC	1.5337993	-3.0837502	-1.9136599
727794388	ACC	1.6342978	-3.1842487	-2.3108685
727794397	ACC	1.7108682	-3.3565319	-2.6362925
727794407	ACC	1.7970098	-3.586243	-2.856432
727794416	ACC	2.0745773	-3.8925242	-2.9617162
727794426	ACC	2.2851455	-4.0648074	-2.8612177
727794435	ACC	2.400001	-4.2035913	-2.69372
727794445	ACC	2.4239295	-4.328018	-2.6841488
727794454	ACC	2.6344976	-4.476373	-2.7320054
727794464	ACC	3.3954153	-4.6055856	-2.8133612
727794473	ACC	4.4817567	-4.67737	-2.9425735
727794483	ACC	5.6685967	-4.768297	-3.2105699
727794492	ACC	6.7932234	-4.801797	-3.545565
727794502	ACC	7.932207	-4.7826543	-3.8805602
727794511	ACC	8.846265	-4.744369	-4.249055
727794521	ACC	9.382257	-4.6725845	-4.6079783
727794530	ACC	9.4636135	-4.6055856	-5.1008997
727794540	ACC	9.420543	-4.706084	-5.378467
727794549	ACC	9.482756	-4.916652	-5.388038
727794559	ACC	10.076176	-5.222934	-5.072186
727794568	ACC	10.84188	-5.4574304	-4.6031923
727794578	ACC	11.684153	-5.5483575	-4.1437707
727794587	ACC	12.277573	-5.663213	-3.9571304
727794597	ACC	12.669996	-5.7876396	-4.0672
727794606	ACC	13.076776	-5.9503517	-4.2203407
727794616	ACC	13.741981	-6.1417775	-4.4596233
727794625	ACC	14.938392	-6.27099	-4.579264
727794635	ACC	16.130018	-6.294918	-4.6989055
727794644	ACC	17.029718	-6.227919	-4.7515473
727794654	ACC	17.546568	-6.170491	-4.6654058
727794663	ACC	17.977276	-5.998208	-4.282554
727794673	ACC	18.025133	-5.67757	-3.9188452
727794682	ACC	17.886349	-5.4095736	-3.746562
727794692	ACC	18.010777	-5.2755756	-3.7848473
727794701	ACC	18.503698	-5.0458646	-4.000201
727794711	ACC	19.202402	-4.610371	-4.2107697
727794720	ACC	19.89632	-3.9212382	-4.5505505
727794730	ACC	20.805593	-3.251248	-5.1966124
727794739	ACC	21.418156	-2.571686	-5.947959
727794749	ACC	21.154945	-1.8251255	-6.742376
727794758	ACC	20.350956	-1.0307083	-7.283154
727794767	ACC	19.484755	-0.4851448	-7.259226
727794777	ACC	18.474983	0.026919255	-6.713662
727794786	ACC	17.426928	0.4336991	-5.9001026
727794796	ACC	16.474585	0.6442675	-5.0674
727794805	ACC	15.570097	0.6681957	-4.234698
727794815	ACC	14.512469	0.6155536	-3.5216367
727794824	ACC	13.383057	0.56769717	-2.708077
727794834	ACC	12.531212	0.46241298	-1.8418752
727794843	ACC	11.956935	0.3188436	-0.9661021
727794853	ACC	11.516655	0.31405798	-0.14297116
727794862	ACC	10.870593	0.37627137	0.45044887
727794872	ACC	10.100104	0.43848476	0.75194454
727794881	ACC	9.300901	0.50069815	0.9385847
727794891	ACC	8.645268	0.63948184	0.98644114
727794900	ACC	8.228917	0.7639086	0.8859426
727794910	ACC	8.176275	0.8213364	0.79501534
727794919	ACC	8.525627	0.77826554	0.7328019
727794929	ACC	8.898908	0.8356933	0.57487565
727794938	ACC	9.090333	0.9314062	0.33559337
727794948	ACC	9.382257	0.8500503	0.03888337
727794957	ACC	9.899107	0.64905316	-0.071186475
727794967	ACC	10.459028	0.50069815	-0.16689938
727794976	ACC	10.794023	0.48155555	-0.21475583
727794986	ACC	11.148161	0.3714857	-0.20997019
727794995	ACC	11.58844	0.21834506	-0.3152544
727795005	ACC	12.086147	0.06520442	-0.59282184
727795014	ACC	12.617353	-0.1692922	-0.927817
727795024	ACC	13.287344	-0.4564309	-1.3489537
727795033	ACC	13.85205	-0.7818548	-1.8466609
727795043	ACC	14.301901	-1.0929217	-2.2917259
727795052	ACC	14.77568	-1.41356	-2.5836504
727795062	ACC	15.407385	-1.777269	-2.9521449
727795071	ACC	16.110874	-2.140978	-3.3732817
727795081	ACC	16.718653	-2.614757	-3.8614175
727795090	ACC	16.986649	-3.0119655	-4.272983
727795100	ACC	17.044075	-3.3852458	-4.5218368
727795109	ACC	16.910078	-3.8303108	-4.670192
727795119	ACC	16.498512	-4.045665	-4.7132626
727795128	ACC	16.153946	-4.246662	-4.5888357
727795138	ACC	15.952949	-4.395017	-4.3208394
727795147	ACC	15.598811	-4.5338006	-4.17727
727795157	ACC	15.282958	-4.6965127	-4.2394834
727795166	ACC	14.9814625	-4.878367	-4.3782673
727795176	ACC	14.656038	-5.041079	-4.512265
727795185	ACC	14.297115	-5.1702914	-4.5744786
727795195	ACC	14.07219	-5.2277193	-4.6462636
727795204	ACC	13.914264	-5.27079	-4.808975
727795214	ACC	13.521841	-5.222934	-4.7946186
727795223	ACC	13.048062	-5.1272206	-4.612764
727795233	ACC	12.617353	-5.0458646	-4.3351965
727795242	ACC	12.177074	-4.9118667	-4.028915
727795252	ACC	11.684153	-4.7491546	-3.8183467
727795261	ACC	11.085947	-4.572086	-3.827918
727795271	ACC	10.631311	-4.4859443	-3.976273
727795280	ACC	10.363315	-4.4189453	-4.205984
727795290	ACC	10.090533	-4.3375893	-4.2969112
727795299	ACC	9.750752	-4.1892343	-4.3495536
727795309	ACC	9.300901	-4.127021	-4.4691944
727795318	ACC	8.717052	-4.08395	-4.4691944
727795328	ACC	7.9034934	-3.9930227	-4.205984
727795337	ACC	7.0468626	-3.868596	-3.6364923
727795347	ACC	6.424729	-3.758526	-3.0622149
727795356	ACC	6.046663	-3.7824545	-2.6219354
727795366	ACC	5.6781683	-3.8207395	-2.3347967
727795375	ACC	5.194818	-3.8255253	-2.1385853
727795385	ACC	4.5535417	-3.7824545	-2.1003
727795394	ACC	3.9074793	-3.5910287	-2.1098714
727795404	ACC	3.347559	-3.3852458	-2.2965117
727795413	ACC	2.9120653	-3.1507492	-2.5022943
727795423	ACC	2.5292134	-2.9162526	-2.7655048
727795432	ACC	2.2899313	-2.681756	-2.9617162
727795442	ACC	2.213361	-2.5477579	-3.0239296
727795451	ACC	2.3952155	-2.437688	-3.0239296
727795461	ACC	2.7158537	-2.3611178	-2.99043
727795470	ACC	2.8833513	-2.30369	-2.9473593
727795480	ACC	2.7302105	-2.2510478	-2.99043
727795489	ACC	2.400001	-2.2319052	-3.019144
727795499	ACC	2.0458634	-2.265405	-2.9712875
727795508	ACC	1.9549361	-2.3276181	-2.8516464
727795518	ACC	2.012364	-2.4329023	-2.559722
727795527	ACC	2.28036	-2.6243281	-2.1481566
727795537	ACC	2.6153553	-2.8396823	-1.8323039
727795546	ACC	2.9790642	-3.0502508	-1.6313069
727795556	ACC	3.3762727	-3.3086755	-1.5978073
727795565	ACC	3.8835511	-3.557529	-1.588236
727795575	ACC	4.362116	-3.7489548	-1.6408781
727795584	ACC	4.8358946	-3.935595	-1.7796619
727795594	ACC	5.2905307	-4.1222353	-2.076372
727795603	ACC	5.8073807	-4.284947	-2.4161527
727795613	ACC	6.242874	-4.4524446	-2.7798617
727795622	ACC	6.6831536	-4.610371	-3.2009985
727795632	ACC	7.152147	-4.801797	-3.5838501
727795641	ACC	7.611569	-4.916652	-3.775276
727795651	ACC	8.3581295	-5.002794	-3.775276
727795660	ACC	9.6071825	-5.031508	-3.708277
727795670	ACC	11.253445	-4.9788656	-3.8470607
727795679	ACC	13.119846	-4.8065825	-4.1437707
727795689	ACC	14.895321	-4.6151567	-4.215555
727795698	ACC	16.374084	-4.342375	-4.545765
727795708	ACC	17.101503	-3.8590248	-5.0482574
727795717	ACC	17.178074	-3.3756745	-5.502894
727795727	ACC	16.986649	-2.7631118	-5.6560345
727795736	ACC	16.704294	-1.9351953	-5.569893
727795746	ACC	16.694723	-1.3082758	-5.28754
727795755	ACC	16.977077	-0.9924232	-4.99083
727795765	ACC	17.245073	-0.39421752	-4.512265
727795774	ACC	17.560925	0.32362926	-3.8518462
727795784	ACC	18.197416	0.91226363	-3.4211383
727795793	ACC	19.331614	1.1228321	-2.9042885
727795803	ACC	20.88695	1.2951152	-2.2965117
727795812	ACC	21.891933	1.5631114	-1.7222341
727795822	ACC	22.887348	2.2139592	-0.82731843
727795831	ACC	23.648266	2.7499514	0.7088737
727795841	ACC	21.174088	3.242873	1.2113664
727795850	ACC	19.350758	3.5826538	1.1156535
727795860	ACC	17.245073	3.6209388	1.2927225
727795869	ACC	15.80938	3.309872	1.6420746
727795879	ACC	15.125031	3.2715867	2.187638
727795888	ACC	14.660825	3.0849466	2.6470602
727795898	ACC	14.239688	2.9509485	2.9916265
727795907	ACC	13.856836	2.8169506	3.6329029
727795917	ACC	14.009976	2.4101706	3.9104705
727795926	ACC	14.009976	2.228316	3.9535413
727795936	ACC	13.607983	2.1565313	3.8961134
727795945	ACC	12.976277	2.0177476	3.6664026
727795955	ACC	12.583855	1.8358932	3.6329029
727795964	ACC	12.4115715	1.6588243	3.8386858
727795974	ACC	12.287145	1.4099708	4.154538
727795983	ACC	12.105289	1.1371889	4.369892
727795993	ACC	11.856436	1.0031909	4.5565324
727796002	ACC	11.784652	0.7639086	4.6953163
727796012	ACC	11.928221	0.42891344	4.747958
727796021	ACC	12.100504	0.22313072	4.7718863
727796031	ACC	12.1148615	0.11784652	4.5565324
727796040	ACC	11.866008	-0.116650105	4.188038
727796050	ACC	10.96152	-0.2219343	3.8147576
727796059	ACC	10.07139	-0.46121657	3.738187
727796069	ACC	9.444471	-0.6239285	3.9487555
727796078	ACC	8.865408	-0.738784	4.197609
727796088	ACC	8.58784	-0.91106725	4.618746
727796097	ACC	8.2145605	-1.0594223	4.9058847
727796107	ACC	7.7216387	-1.1503495	5.102096
727796116	ACC	7.133004	-1.332204	5.183452
727796126	ACC	6.367301	-1.5379868	5.331807
727796135	ACC	5.759524	-1.6719848	5.408377
727796145	ACC	5.501099	-1.6671991	5.4370914
727796154	ACC	5.5633125	-1.5714862	5.5136614
727796164	ACC	5.8600225	-1.5427724	5.556732
727796173	ACC	5.419743	-1.3130615	6.494719
727796183	ACC	5.682954	-1.480559	6.0113688
727796192	ACC	6.084948	-1.8394824	4.767101
727796202	ACC	5.3336015	-1.3034902	4.0731826
727796211	ACC	4.5678983	-0.82971126	4.121039
727796221	ACC	4.2568316	-0.8153543	4.0348973
727796230	ACC	3.9553359	-0.7148558	3.4749768
727796240	ACC	3.6681972	-0.360718	3.6281173
727796249	ACC	3.644269	-0.09272188	4.4608197
727796259	ACC	3.6681972	-0.04965107	5.035097
727796268	ACC	3.9840498	-0.1692922	5.5519466
727796278	ACC	4.2185464	0.17048861	5.331807
727796287	ACC	4.9842496	0.67776704	5.250451
727796297	ACC	5.237889	0.6538388	5.9300127
727796306	ACC	5.304888	0.62512493	5.24088
727796316	ACC	5.453243	0.66341007	4.738387
727796325	ACC	5.218746	1.0271192	4.657031
727796335	ACC	4.65404	1.2376875	4.671388
727796344	ACC	4.007978	1.1659029	4.8532424
727796354	ACC	3.4241292	1.1180464	5.575875
727796363	ACC	2.969493	1.1324034	6.571289
727796373	ACC	2.6632116	0.8644072	7.609774
727796382	ACC	2.5004997	0.70169526	8.782257
727796392	ACC	2.5339992	0.5916254	9.500104
727796401	ACC	2.5866413	0.5389833	9.945169
727796411	ACC	2.4526432	0.6681957	9.69153
727796420	ACC	2.6488547	0.81655073	9.433105
727796430	ACC	2.9599216	0.8021938	9.193823
727796439	ACC	3.1848469	0.8979067	8.8492565
727796449	ACC	3.2853456	1.1994023	8.710473
727796458	ACC	3.2853456	1.4003994	8.475976
727796468	ACC	3.3906298	1.4482559	8.251051
727796477	ACC	3.400201	1.4769697	8.241479
727796487	ACC	3.3762727	1.4961123	8.480762
727796496	ACC	3.2422748	1.4243277	8.676973
727796506	ACC	3.103491	1.3190435	8.95454
727796515	ACC	2.7972097	1.218545	9.399606
727796525	ACC	2.361716	1.1084751	9.830314
727796534	ACC	2.0745773	0.9936196	10.0265255
727796544	ACC	2.160719	0.84047896	10.031311
727796553	ACC	2.4765713	1.2137593	10.9788685
727796563	ACC	3.4337006	0.232702	9.782457
727796572	ACC	3.1752756	0.8500503	8.447262
727796582	ACC	2.8977082	1.5200406	8.346764
727796591	ACC	2.845066	1.4961123	8.054839
727796600	ACC	2.7972097	1.6779668	8.2558365
727796610	ACC	3.0029924	1.7784654	8.997611
727796619	ACC	3.1226335	1.5726827	9.634102
727796629	ACC	3.0604203	1.338186	10.160523
727796638	ACC	2.7349963	1.2281163	10.552946
