727732876	ACC	-0.0023928226	3.1136606	9.179466
727732885	ACC	-0.09332009	3.4055848	8.380263
727732895	ACC	-0.09332009	3.3290145	7.9686975
727732904	ACC	0.083748795	3.1280174	7.4997044
727732914	ACC	0.4761717	2.7068806	6.9541407
727732923	ACC	1.0600204	2.324029	6.5760746
727732933	ACC	1.7970098	2.3958137	6.370292
727732942	ACC	1.6342978	2.7355945	6.0687966
727732952	ACC	0.4953143	3.3146574	6.8536425
727732961	ACC	0.27517462	3.8458643	8.203195
727732971	ACC	0.059820566	3.5156546	10.261022
727732980	ACC	0.12203395	3.185445	10.797014
727732990	ACC	-0.3804588	2.7260232	10.8352995
727732999	ACC	0.18424734	1.9076779	11.184651
727733009	ACC	0.6867401	1.5104693	10.58166
727733018	ACC	0.7298109	0.73519474	9.409177
727733028	ACC	-0.22731815	0.0077766734	8.868399
727733037	ACC	1.4045869	1.3621143	9.796814
727733047	ACC	1.5050855	1.5583258	11.476576
727733056	ACC	1.2514462	0.40977088	12.203994
727733066	ACC	1.5960127	-0.035294134	13.051053
727733075	ACC	1.9262222	-0.18843478	13.122838
727733085	ACC	2.0985055	-0.116650105	11.907284
727733094	ACC	2.199004	0.6969096	10.476376
727733104	ACC	2.6153553	1.8646071	10.495519
727733113	ACC	2.969493	2.5489542	9.2177515
727733123	ACC	1.4237294	2.702095	8.313264
727733132	ACC	-1.9597218	5.118846	5.331807
727733142	ACC	-5.3623157	9.071789	7.5236325
727733151	ACC	-3.0652058	9.885348	7.7677007
727733161	ACC	-0.57188463	8.263015	8.121839
727733170	ACC	0.4139583	7.11446	6.150152
727733180	ACC	0.14596218	6.851249	3.2069805
727733189	ACC	-0.35174492	5.4634123	4.9728837
727733199	ACC	-0.5479564	5.52084	4.604389
727733208	ACC	-1.5194423	4.5014977	5.9491553
727733218	ACC	0.05503492	4.7216372	7.6959157
727733227	ACC	0.9834501	3.8602211	8.318049
727733237	ACC	1.9884356	3.362514	9.050254
727733246	ACC	3.237489	3.266801	10.328021
727733256	ACC	3.6251264	3.309872	11.203794
727733265	ACC	3.4624143	3.4390843	12.314063
727733275	ACC	3.3523445	3.7022948	12.802199
727733284	ACC	3.4432719	3.9176488	12.87877
727733294	ACC	3.792624	3.836293	12.337992
727733303	ACC	3.6107693	3.1902308	11.969497
727733313	ACC	3.400201	2.3048863	10.911869
727733322	ACC	2.725425	2.6781666	9.629316
727733332	ACC	2.6344976	3.4342988	9.122038
727733341	ACC	2.4765713	4.0037904	8.045268
727733351	ACC	2.495714	4.1760736	7.6576304
727733360	ACC	2.481357	4.1665025	7.939984
727733370	ACC	2.0745773	4.5445685	8.260622
727733379	ACC	2.0793629	4.9082775	8.341978
727733389	ACC	2.2755744	5.243273	7.9304123
727733398	ACC	1.8592232	5.697909	7.719844
727733408	ACC	1.0025927	5.937191	7.5667033
727733417	ACC	0.7298109	5.492126	7.236494
727733427	ACC	2.0793629	4.434499	6.7483582
727733436	ACC	2.1655045	3.5826538	6.619146
727733446	ACC	1.9788643	3.4151561	6.61436
727733455	ACC	2.3186452	3.362514	6.451648
727733465	ACC	2.1463618	3.592225	6.978069
727733474	ACC	1.6677973	3.6831522	7.839485
727733484	ACC	0.96430755	3.6352959	7.7629147
727733493	ACC	0.27517462	3.5635111	6.939784
727733503	ACC	0.15553348	3.2859437	5.968298
727733512	ACC	0.3278167	3.3385859	5.42752
727733522	ACC	1.2418749	3.013162	4.188038
727733531	ACC	2.4622145	2.056033	2.5178475
727733541	ACC	3.2614172	1.5918252	0.019740786
727733550	ACC	4.1180477	1.5870396	-2.4687948
727733560	ACC	4.974678	1.5822539	-4.1054854
727733569	ACC	5.0129633	2.2761726	-5.718248
727733579	ACC	5.0799623	2.0991037	-6.2925253
727733588	ACC	4.362116	1.9507487	-6.402595
727733598	ACC	4.223332	1.3286148	-4.746762
727733607	ACC	4.2664027	0.55812585	-2.885146
727733617	ACC	4.3238306	0.16570297	-1.1192428
727733626	ACC	4.6779685	0.050847482	0.1585245
727733636	ACC	5.3336015	-0.15014961	0.8859426
727733645	ACC	5.7451673	-0.2219343	1.0486546
727733655	ACC	6.2141604	-0.14536397	0.6131608
727733664	ACC	6.788438	-0.2745764	0.091525465
727733674	ACC	7.2622166	-0.49950173	-0.29132617
727733683	ACC	7.5110703	-0.7531409	-0.2961118
727733693	ACC	7.908279	-1.0211371	-0.07597212
727733702	ACC	8.721839	-1.3369896	0.4743771
727733712	ACC	9.387043	-1.6193427	1.2065809
727733721	ACC	9.592826	-1.7581264	2.0297117
727733731	ACC	9.35833	-1.7533408	2.5226333
727733740	ACC	9.02812	-1.8969102	2.7092733
727733750	ACC	9.119047	-2.2606192	2.4364917
727733759	ACC	9.506684	-2.480759	1.8622142
727733769	ACC	9.717253	-2.5142584	1.3884354
727733778	ACC	10.07139	-2.3228326	0.71365935
727733788	ACC	10.54517	-1.6241283	-0.3822534
727733797	ACC	11.157732	-0.76271224	-1.8801605
727733807	ACC	12.435499	-0.34636107	-3.4881372
727733816	ACC	13.828122	-0.1788635	-4.8376894
727733826	ACC	14.8378935	-0.09750752	-5.756533
727733835	ACC	15.25903	-0.10229317	-6.096314
727733845	ACC	14.957535	-0.18364914	-5.9288163
727733854	ACC	14.799608	-0.4564309	-5.555536
727733864	ACC	14.880964	-0.8153543	-4.962116
727733873	ACC	14.713467	-0.9206385	-4.000201
727733883	ACC	14.627325	-0.77706915	-2.7990043
727733892	ACC	14.660825	-0.61914283	-1.8897316
727733902	ACC	14.737394	-0.6047859	-1.2675978
727733911	ACC	14.718252	-0.5282156	-1.1527423
727733921	ACC	14.785251	-0.39421752	-1.1862419
727733930	ACC	14.584254	-0.3080759	-1.4350954
727733940	ACC	14.268401	-0.15014961	-1.7653049
727733949	ACC	14.024334	-0.13579269	-2.1337996
727733959	ACC	13.655839	-0.044865426	-2.224727
727733968	ACC	13.320844	0.098703936	-2.1768703
727733978	ACC	13.311273	0.23748764	-1.9902302
727733987	ACC	13.58884	0.54376894	-1.7940187
727733997	ACC	14.081761	0.9840483	-1.4733806
727734006	ACC	14.526826	1.3669	-1.1862419
727734016	ACC	14.679967	1.797608	-1.238884
727734025	ACC	14.656038	2.1948166	-1.4446666
727734035	ACC	14.526826	2.5441687	-1.8514465
727734044	ACC	14.25883	2.8935208	-2.2917259
727734054	ACC	14.091332	3.1040893	-2.5692933
727734063	ACC	14.086547	3.266801	-2.6554348
727734073	ACC	13.92862	3.539583	-2.6171498
727734082	ACC	13.502698	3.7692938	-2.4496522
727734092	ACC	13.138989	3.903292	-2.2007985
727734101	ACC	12.971492	3.9750767	-1.8370895
727734111	ACC	12.966706	4.0181475	-1.5738791
727734120	ACC	13.100704	4.022933	-1.3345969
727734130	ACC	13.339986	4.0420756	-1.1144571
727734139	ACC	13.497912	4.013362	-1.0713863
727734149	ACC	13.560126	3.9176488	-1.1001002
727734158	ACC	13.296915	3.8267217	-1.0522437
727734168	ACC	12.933207	3.7740796	-0.95653087
727734177	ACC	12.861422	3.6496527	-0.9182457
727734187	ACC	13.081561	3.4917264	-0.92303133
727734196	ACC	13.459627	3.3768709	-0.8703892
727734206	ACC	13.880764	3.2333016	-0.779462
727734215	ACC	14.153546	3.118446	-0.86560357
727734225	ACC	14.349757	2.970091	-1.0570294
727734234	ACC	14.421542	2.7930222	-1.3250256
727734244	ACC	14.4693985	2.6303103	-1.5978073
727734253	ACC	14.632111	2.44367	-1.7461623
727734263	ACC	15.043676	2.2235305	-1.7844474
727734272	ACC	15.565311	2.0177476	-1.80359
727734282	ACC	15.80938	1.9172492	-1.884946
727734291	ACC	16.063019	1.8263218	-2.033301
727734301	ACC	16.3358	1.5439688	-2.2055843
727734310	ACC	16.546368	1.3956138	-2.315654
727734320	ACC	16.41237	1.0845468	-2.4975085
727734329	ACC	16.249659	0.7495517	-2.6650062
727734339	ACC	16.091732	0.4001996	-2.8660033
727734348	ACC	15.914663	0.04127619	-2.9569306
727734358	ACC	15.522241	-0.31764722	-3.1196425
727734367	ACC	15.527026	-0.41336012	-3.234498
727734377	ACC	15.297316	-0.6478567	-3.5359936
727734386	ACC	15.268601	-0.7531409	-3.8997028
727734396	ACC	15.201602	-0.8536395	-4.1437707
727734405	ACC	14.684752	-1.049851	-4.4117665
727734415	ACC	13.670196	-1.2364911	-4.636692
727734424	ACC	12.339787	-1.346561	-4.8329034
727734434	ACC	10.9375925	-1.5188441	-4.9046884
727734443	ACC	9.635897	-1.8825532	-4.8137608
727734453	ACC	8.4347	-2.2031915	-4.5936213
727734462	ACC	7.405786	-2.4711876	-4.249055
727734472	ACC	6.5252275	-2.7152555	-3.7800615
727734481	ACC	5.8073807	-2.9162526	-3.4977086
727734491	ACC	5.123033	-3.126821	-2.5645077
727734500	ACC	4.7018967	-3.313461	-1.8323039
727734510	ACC	4.5008993	-3.399603	-1.4207385
727734519	ACC	4.2664027	-3.6771703	-1.0187442
727734529	ACC	3.993621	-3.9978085	-0.67417777
727734538	ACC	3.5724843	-4.289733	-0.51146585
727734548	ACC	3.1274192	-4.342375	-0.028115666
727734557	ACC	2.7589245	-4.4572306	0.2542374
727734567	ACC	2.524428	-4.471587	0.010169496
727734576	ACC	2.1511476	-4.395017	-0.43489552
727734586	ACC	1.8017955	-4.4189453	-1.1814562
727734595	ACC	1.4955142	-4.423731	-1.966302
727734605	ACC	1.3998013	-4.3758745	-2.559722
727734614	ACC	1.5194423	-4.3519464	-2.99043
727734624	ACC	1.6965113	-4.2945185	-3.167499
727734633	ACC	1.9645073	-4.208377	-3.2488549
727734643	ACC	2.1272194	-4.222734	-3.2392836
727734652	ACC	2.3808584	-4.136592	-3.0526435
727734662	ACC	2.7014968	-4.1126637	-2.8277183
727734671	ACC	3.0652058	-4.0648074	-2.574079
727734681	ACC	3.4719856	-3.9834516	-2.3587248
727734690	ACC	3.9696927	-3.906881	-2.167299
727734700	ACC	4.5966125	-3.7250266	-1.9710877
727734709	ACC	5.5202417	-3.5096726	-1.8275183
727734719	ACC	6.649654	-3.1746774	-1.7748762
727734728	ACC	7.7072816	-2.7631118	-1.9040886
727734738	ACC	8.831908	-2.4185455	-2.2534406
727734747	ACC	9.999606	-2.274976	-2.7846475
727734757	ACC	11.062019	-2.126621	-3.1435707
727734766	ACC	11.636296	-1.9304097	-3.4450665
727734776	ACC	11.755938	-1.6049858	-3.4737802
727734785	ACC	11.856436	-1.5044873	-3.5359936
727734795	ACC	12.464213	-1.4039887	-3.7130625
727734804	ACC	13.124632	-1.2029916	-3.9188452
727734814	ACC	13.531412	-0.71007013	-4.0145583
727734823	ACC	14.143974	-0.31286156	-4.1198425
727734833	ACC	15.048462	-0.016151553	-4.2107697
727734842	ACC	15.780665	0.26141587	-4.464409
727734852	ACC	16.532011	0.5485546	-4.8855457
727734861	ACC	16.957933	0.7926225	-5.3736815
727734871	ACC	16.603796	1.0319048	-5.799604
727734880	ACC	15.546168	1.3142579	-6.0101724
727734890	ACC	14.723038	1.7162521	-5.837889
727734899	ACC	14.402399	2.1708884	-5.263612
727734909	ACC	14.545969	2.539383	-4.39741
727734918	ACC	14.770894	2.9030921	-3.5407794
727734928	ACC	14.8378935	3.1375887	-2.8803604
727734937	ACC	14.679967	3.3385859	-2.464009
727734947	ACC	14.435899	3.6496527	-2.3682961
727734956	ACC	14.110476	3.9894335	-2.6219354
727734966	ACC	13.770695	4.310072	-2.9952157
727734975	ACC	13.378271	4.659424	-3.354139
727734985	ACC	13.062419	5.0135617	-3.4737802
727734994	ACC	13.000205	5.2576294	-3.3062828
727735004	ACC	13.028919	5.439484	-3.0382864
727735013	ACC	13.024134	5.6739807	-2.760719
727735023	ACC	12.890136	5.965905	-2.5836504
727735032	ACC	12.622139	6.166902	-2.5118656
727735042	ACC	12.540784	6.209973	-2.588436
727735051	ACC	12.459428	6.2195444	-2.574079
727735061	ACC	12.311072	6.315257	-2.344368
727735070	ACC	12.29193	6.348757	-1.9950159
727735080	ACC	12.488141	6.2721863	-1.5690935
727735089	ACC	12.866207	6.1956162	-1.2005987
727735099	ACC	13.4022	6.1621165	-0.86081797
727735108	ACC	13.9573345	6.1046886	-0.5832505
727735118	ACC	14.66561	6.0281186	-0.5210371
727735127	ACC	15.340386	5.9228344	-0.5736792
727735137	ACC	15.895521	5.8127646	-0.85124665
727735146	ACC	16.393229	5.5591254	-1.2915261
727735156	ACC	16.694723	5.2576294	-1.8323039
727735165	ACC	16.73301	4.936991	-2.4448664
727735175	ACC	16.838293	4.578068	-3.0239296
727735184	ACC	16.948362	4.1904306	-3.4546378
727735194	ACC	17.283358	3.74058	-3.799204
727735203	ACC	17.637495	3.3768709	-3.9379878
727735213	ACC	17.843279	3.013162	-3.842275
727735222	ACC	17.828922	2.6685956	-3.6317065
727735232	ACC	17.685352	2.3479571	-3.6460636
727735241	ACC	17.541782	1.9986051	-3.9332023
727735251	ACC	17.106289	1.634896	-4.3734818
727735260	ACC	16.350157	1.1276177	-4.8472605
727735270	ACC	15.507884	0.6346962	-5.3066826
727735279	ACC	14.297115	0.14177474	-5.502894
727735289	ACC	13.000205	-0.45164528	-5.5076795
727735298	ACC	11.736795	-1.0833504	-5.3066826
727735308	ACC	10.607383	-1.7533408	-4.962116
727735317	ACC	9.506684	-2.3419752	-4.4835515
727735327	ACC	8.482556	-2.7966115	-4.0719857
727735336	ACC	7.692925	-3.2416766	-3.8374894
727735346	ACC	7.003792	-3.6963127	-3.650849
727735355	ACC	6.35773	-4.026522	-3.4259238
727735365	ACC	5.907879	-4.3519464	-3.1962128
727735374	ACC	5.5920267	-4.667799	-3.0000014
727735384	ACC	5.276174	-4.983651	-2.789433
727735393	ACC	4.941179	-5.203791	-2.5692933
727735403	ACC	4.5678983	-5.3473606	-2.373082
727735412	ACC	4.113262	-5.4382877	-2.2055843
727735422	ACC	3.644269	-5.510072	-2.1529422
727735431	ACC	3.35713	-5.5722857	-2.1481566
727735441	ACC	3.290131	-5.553143	-2.2295125
727735450	ACC	3.2757742	-5.4957156	-2.373082
727735460	ACC	3.2853456	-5.601	-2.545365
727735469	ACC	3.290131	-5.6823554	-2.6985056
727735479	ACC	3.251846	-5.4000025	-2.8037899
727735488	ACC	3.2039895	-5.1415777	-2.8037899
727735498	ACC	3.1800613	-4.9788656	-2.7702904
727735507	ACC	3.0652058	-4.7635117	-2.708077
727735517	ACC	2.8642087	-4.5912285	-2.612364
727735526	ACC	2.7828526	-4.4285164	-2.5405796
727735536	ACC	2.9886355	-4.284947	-2.4065814
727735545	ACC	3.4049866	-4.1605206	-2.248655
727735555	ACC	3.7016966	-4.002594	-2.114657
727735564	ACC	3.9696927	-3.9260237	-2.0811574
727735574	ACC	4.261617	-3.9164524	-2.1098714
727735583	ACC	4.5678983	-3.854239	-1.9902302
727735593	ACC	4.9938207	-3.7489548	-1.7940187
727735602	ACC	5.6207404	-3.5527434	-1.655235
727735612	ACC	6.5635123	-3.275176	-1.7748762
727735621	ACC	7.812566	-2.9593234	-2.1481566
727735631	ACC	9.162118	-2.5812573	-2.7176483
727735640	ACC	10.358529	-2.1122642	-3.3732817
727735650	ACC	11.387443	-1.6528423	-4.2299123
727735659	ACC	12.196217	-1.3944174	-5.2540402
727735669	ACC	12.784851	-1.3657036	-5.981458
727735678	ACC	13.18206	-1.3848461	-6.1824555
727735688	ACC	13.497912	-1.3274183	-5.95753
727735697	ACC	13.981263	-1.2125629	-5.636892
727735707	ACC	14.560326	-1.1120644	-5.311468
727735716	ACC	14.823536	-0.79142606	-4.785047
727735726	ACC	15.239887	-0.39421752	-4.3351965
727735735	ACC	16.091732	-0.18843478	-4.1629133
727735745	ACC	16.91965	-0.0065802624	-4.4165525
727735754	ACC	17.594425	0.14656039	-4.785047
727735764	ACC	18.656837	0.4336991	-5.000401
727735773	ACC	18.623339	0.9314062	-5.043472
727735783	ACC	17.345572	1.5583258	-4.9812584
727735792	ACC	15.723238	2.1421745	-4.703691
727735802	ACC	14.512469	2.391028	-4.3686957
727735811	ACC	13.981263	2.4484558	-3.9188452
727735821	ACC	13.909478	2.501098	-3.4977086
727735830	ACC	13.895121	2.525026	-3.330211
727735840	ACC	13.531412	2.5680969	-3.3397822
727735849	ACC	13.2203455	2.6685956	-3.234498
727735859	ACC	13.067204	2.7595227	-2.9617162
727735868	ACC	12.899707	2.888735	-2.6458635
727735878	ACC	12.703495	3.0753753	-2.4065814
727735887	ACC	12.593426	3.281158	-2.1912274
727735897	ACC	12.464213	3.5635111	-2.0572293
727735906	ACC	12.301501	3.7214375	-2.076372
727735916	ACC	12.201003	3.8027935	-2.2725832
727735925	ACC	12.134004	3.8937206	-2.425724
727735935	ACC	12.004791	4.0564327	-2.3108685
727735944	ACC	11.88515	4.1234317	-1.9232312
727735954	ACC	11.751152	4.2191443	-1.3968102
727735963	ACC	11.69851	4.238287	-1.0474582
727735973	ACC	11.58844	4.243073	-0.846461
727735982	ACC	11.569298	4.3962135	-0.67417777
727735992	ACC	11.684153	4.534997	-0.62153566
727736001	ACC	11.846865	4.5397825	-0.698106
727736011	ACC	12.167503	4.558925	-0.94695956
727736020	ACC	12.636497	4.592425	-1.2436695
727736030	ACC	13.210773	4.5062833	-1.4733806
727736039	ACC	13.842479	4.4057846	-1.6743777
727736049	ACC	14.426328	4.262215	-1.966302
727736058	ACC	14.823536	4.14736	-2.3922246
727736068	ACC	15.14896	3.9080775	-2.7655048
727736077	ACC	15.440885	3.6927235	-3.0813572
727736086	ACC	15.675381	3.482155	-3.3637104
727736096	ACC	15.938592	3.1567314	-3.7130625
727736105	ACC	16.421942	2.8073792	-3.9619162
727736115	ACC	17.254644	2.3862424	-4.1198425
727736124	ACC	18.044275	2.0033908	-4.2777686
727736134	ACC	18.551554	1.6205392	-4.531408
727736143	ACC	18.685553	1.352543	-4.7946186
727736153	ACC	18.618553	1.1563315	-5.124828
727736162	ACC	18.465412	0.9170493	-5.541179
727736172	ACC	18.206987	0.6538388	-5.9431734
727736181	ACC	17.881563	0.4528417	-6.2638116
727736191	ACC	17.489141	0.22313072	-6.47438
727736200	ACC	16.910078	-0.064008005	-6.555736
727736210	ACC	16.220945	-0.37507495	-6.4648085
727736219	ACC	15.3691	-0.7052845	-6.230312
727736229	ACC	14.316257	-1.1072787	-5.933602
727736238	ACC	13.191631	-1.5332011	-5.4789658
727736248	ACC	12.2584305	-1.8873389	-4.9286165
727736257	ACC	11.655439	-2.265405	-4.430909
727736267	ACC	11.239088	-2.6769702	-4.110271
727736276	ACC	10.621739	-3.0789645	-4.2011986
727736286	ACC	9.712467	-3.4666018	-4.2634115
727736295	ACC	8.812766	-3.8111682	-4.110271
727736305	ACC	7.9130645	-4.026522	-3.8997028
727736314	ACC	7.075577	-4.2131624	-3.6317065
727736324	ACC	6.472585	-4.390231	-3.449852
727736333	ACC	6.108876	-4.5242295	-3.2153554
727736343	ACC	5.706882	-4.557729	-3.0382864
727736352	ACC	5.2331033	-4.529015	-2.9186454
727736362	ACC	4.7401814	-4.5768714	-2.8372893
727736371	ACC	4.1611185	-4.581657	-2.722434
727736381	ACC	3.6921253	-4.471587	-2.559722
727736390	ACC	3.3667014	-4.342375	-2.464009
727736400	ACC	3.2231321	-4.256233	-2.3395824
727736409	ACC	3.2279177	-4.222734	-2.2151556
727736419	ACC	3.2757742	-4.275376	-2.1816561
727736428	ACC	3.0652058	-4.208377	-2.1050856
727736438	ACC	2.8546374	-4.098307	-2.0045872
727736447	ACC	2.7158537	-4.026522	-1.8323039
727736457	ACC	2.6823542	-3.9260237	-1.6983058
727736466	ACC	2.5435705	-3.8398821	-1.6504494
727736476	ACC	2.2612174	-3.7393837	-1.6935202
727736485	ACC	1.9166509	-3.720241	-1.8227327
727736495	ACC	1.7395821	-3.705884	-1.9184456
727736504	ACC	1.7395821	-3.7010984	-2.0045872
727736514	ACC	1.9166509	-3.8255253	-2.0285153
727736523	ACC	2.3234308	-4.031308	-1.9806589
727736533	ACC	2.7876384	-4.1222353	-1.9232312
727736542	ACC	3.3667014	-4.19402	-2.0285153
727736552	ACC	3.9457645	-4.2610188	-2.2725832
727736561	ACC	4.601398	-4.356732	-2.4975085
727736571	ACC	5.151747	-4.3471603	-2.7272196
727736580	ACC	5.5537415	-4.2801614	-2.909074
727736590	ACC	6.1998034	-4.342375	-3.2201412
727736599	ACC	7.2670026	-4.462016	-3.531208
727736609	ACC	8.262417	-4.3998027	-3.7274194
727736618	ACC	8.961121	-4.275376	-4.033701
727736628	ACC	9.908679	-4.3040895	-4.5266223
727736637	ACC	11.090733	-4.342375	-5.0769715
727736647	ACC	12.110075	-4.3615174	-5.3497534
727736656	ACC	13.10549	-4.246662	-5.172684
727736666	ACC	13.895121	-3.6628132	-4.818547
727736675	ACC	14.85225	-3.0215368	-4.651049
727736685	ACC	15.818951	-2.452045	-4.7371907
727736694	ACC	16.622938	-1.8873389	-5.0530434
727736704	ACC	17.383856	-1.1264212	-5.512465
727736713	ACC	18.03949	-0.21714866	-6.1250277
727736723	ACC	18.838694	0.5246264	-6.7088766
727736732	ACC	19.508682	1.0366904	-7.134799
727736742	ACC	20.025532	1.5678971	-6.943373
727736751	ACC	19.96332	2.3001008	-6.1393847
727736761	ACC	19.341185	3.0514472	-5.239683
727736770	ACC	18.886549	3.5539398	-4.6654058
727736780	ACC	18.288343	3.955934	-4.3926244
727736789	ACC	17.757137	4.3674994	-4.258626
727736799	ACC	17.350357	4.8269215	-4.057629
727736808	ACC	16.790436	5.3676996	-3.799204
727736818	ACC	16.144375	5.9706907	-3.650849
727736827	ACC	15.6466675	6.4157557	-3.4354951
727736837	ACC	15.345172	6.6981087	-3.3349965
727736846	ACC	15.077175	6.870392	-3.4307094
727736856	ACC	14.723038	6.966105	-3.4307094
727736865	ACC	14.081761	7.057032	-3.2153554
727736875	ACC	13.349558	7.1048884	-2.937788
727736884	ACC	12.914063	7.0378895	-2.6027927
727736894	ACC	12.703495	6.875178	-2.1529422
727736903	ACC	12.492927	6.7411795	-1.7126628
727736913	ACC	12.253645	6.52104	-1.3633107
727736922	ACC	12.167503	6.3104715	-1.1623136
727736932	ACC	12.119647	6.233901	-1.0666007
727736941	ACC	12.201003	6.1764736	-1.1335998
727736951	ACC	12.531212	6.061618	-1.4063815
727736960	ACC	13.048062	5.9706907	-1.750948
727736970	ACC	13.593625	5.985048	-2.0093727
727736979	ACC	14.18226	5.9324055	-2.3874388
727736989	ACC	14.813965	5.6596236	-2.870789
727736998	ACC	15.311672	5.319843	-3.181856
727737008	ACC	15.795022	5.00399	-3.4019957
727737017	ACC	16.359728	4.5972104	-3.4833515
727737027	ACC	16.890936	4.1234317	-3.626921
727737036	ACC	17.288143	3.6257246	-3.7417765
727737046	ACC	17.584854	3.1663027	-3.760919
727737055	ACC	17.828922	2.6781666	-3.842275
727737065	ACC	18.063417	2.2761726	-4.0480576
727737074	ACC	18.101704	1.8311075	-4.4404807
727737084	ACC	17.991634	1.3716856	-4.875974
727737093	ACC	17.934206	0.93619186	-5.1008997
727737103	ACC	17.77628	0.5246264	-5.1966124
727737112	ACC	17.230717	-0.0735793	-5.3449674
727737122	ACC	16.374084	-0.6478567	-5.459823
727737131	ACC	15.302101	-1.1407782	-5.4789658
727737141	ACC	14.311472	-1.7198412	-5.4550376
727737150	ACC	13.607983	-2.2414765	-5.392824
727737160	ACC	13.110275	-2.7726831	-5.445466
727737169	ACC	12.641282	-3.2560334	-5.6991053
727737179	ACC	12.009577	-3.5766716	-5.962316
727737188	ACC	11.114661	-3.7776687	-6.0676003
727737198	ACC	10.1288185	-3.854239	-5.986244
727737207	ACC	9.195618	-3.882953	-5.6991053
727737217	ACC	8.539984	-3.8781674	-5.5316076
727737226	ACC	8.003992	-3.8111682	-5.411967
727737236	ACC	7.391429	-3.8111682	-5.2540402
727737245	ACC	6.8650084	-3.8111682	-5.0769715
727737255	ACC	6.4199433	-3.9212382	-4.7659044
727737264	ACC	5.9700923	-4.0360937	-4.339982
727737274	ACC	5.54417	-4.0791645	-3.8470607
727737283	ACC	5.194818	-4.141378	-3.2871401
727737293	ACC	4.759324	-4.208377	-2.708077
727737302	ACC	4.28076	-4.2275195	-2.2917259
727737312	ACC	3.7830527	-4.2514477	-1.9136599
727737321	ACC	3.3044882	-4.179663	-1.6313069
727737331	ACC	2.9742785	-4.141378	-1.4685949
727737340	ACC	2.778067	-4.060022	-1.5451652
727737350	ACC	2.5435705	-3.9882371	-1.750948
727737359	ACC	2.1702902	-3.882953	-1.9854445
727737369	ACC	1.6582261	-3.6771703	-2.2007985
727737378	ACC	1.3375878	-3.49053	-2.3347967
727737388	ACC	1.160519	-3.3565319	-2.5166512
727737397	ACC	1.0073783	-3.251248	-2.7272196
727737407	ACC	1.0313065	-3.1363924	-2.9521449
727737416	ACC	1.3710874	-3.074179	-3.2009985
727737426	ACC	1.902294	-3.016751	-3.3876386
727737435	ACC	2.457429	-3.00718	-3.4737802
727737445	ACC	3.1848469	-3.0119655	-3.4354951
727737454	ACC	3.926622	-3.00718	-3.4354951
727737464	ACC	4.706682	-2.9880373	-3.354139
727737473	ACC	5.1852465	-2.8827531	-3.2871401
727737483	ACC	5.4628143	-2.8061829	-3.2392836
727737492	ACC	5.639883	-2.7822545	-3.3349965
727737502	ACC	6.017949	-2.7439694	-3.4259238
727737511	ACC	6.606583	-2.7008986	-3.478566
727737521	ACC	7.018149	-2.629114	-3.5359936
727737530	ACC	7.391429	-2.4281168	-3.057429
727737540	ACC	8.439486	-2.8109684	-3.4929228
727737549	ACC	8.683554	-2.4759731	-3.976273
727737559	ACC	9.35833	-2.1505494	-4.0959144
727737568	ACC	10.918449	-2.3276181	-5.1966124
727737578	ACC	11.076376	-1.2173486	-6.0341005
727737587	ACC	11.688938	-1.0881361	-5.9001026
727737597	ACC	12.1866455	-1.0163515	-5.77089
727737606	ACC	12.9954195	-0.74835527	-6.230312
727737616	ACC	14.904892	-0.49471608	-6.6801624
727737625	ACC	16.981863	0.055633128	-6.369096
727737635	ACC	18.41277	0.92662054	-6.014958
727737644	ACC	19.054047	1.8454645	-6.268597
727737654	ACC	19.250257	2.6303103	-6.9242306
727737663	ACC	18.987047	3.214159	-7.536793
727737673	ACC	18.604197	3.44387	-7.876574
727737682	ACC	17.938992	3.6017964	-7.6851482
727737692	ACC	17.292929	3.5970106	-7.1539416
727737701	ACC	17.120646	3.4677982	-6.460023
727737711	ACC	17.211573	3.510869	-5.7373905
727737720	ACC	17.158932	3.6544385	-4.9525447
727737730	ACC	17.087147	3.821936	-4.4596233
727737739	ACC	16.910078	4.046861	-4.2107697
727737749	ACC	16.560726	4.434499	-4.033701
727737758	ACC	15.957734	4.779065	-4.1437707
727737768	ACC	15.3691	4.956134	-4.58405
727737777	ACC	14.823536	5.0183473	-5.014758
727737787	ACC	14.407186	5.03749	-5.297111
727737796	ACC	14.067405	5.051847	-5.2540402
727737806	ACC	13.7324095	5.0422754	-4.7898326
727737815	ACC	13.3639145	4.92742	-4.2634115
727737825	ACC	12.966706	4.788636	-3.923631
727737834	ACC	12.559926	4.6546383	-3.559922
727737844	ACC	12.067004	4.491926	-3.1244283
727737853	ACC	11.353944	4.319643	-2.6315067
727737863	ACC	10.66481	4.1808596	-2.1050856
727737872	ACC	10.080962	4.080361	-1.6169499
727737882	ACC	9.631111	3.9942193	-1.2293127
727737891	ACC	9.51147	3.8841493	-0.9804591
727737901	ACC	9.58804	3.7692938	-0.8560323
727737910	ACC	9.698111	3.6640096	-0.83688974
727737920	ACC	9.693324	3.6209388	-0.8751749
727737929	ACC	9.631111	3.6113675	-0.9613165
727737939	ACC	9.631111	3.577868	-1.1527423
727737948	ACC	9.80818	3.592225	-1.4015958
727737958	ACC	10.023534	3.606582	-1.669592
727737967	ACC	10.439885	3.5826538	-2.0141585
727737977	ACC	10.966306	3.5730824	-2.3922246
727737986	ACC	11.425728	3.5587256	-2.760719
727737996	ACC	11.779866	3.4917264	-3.0430722
727738005	ACC	12.301501	3.3338	-3.1196425
727738015	ACC	12.736995	3.3050864	-3.086143
727738024	ACC	13.196417	3.2763724	-3.0957143
727738034	ACC	13.679767	3.2189445	-3.2584262
727738043	ACC	14.134403	3.0993035	-3.8087754
727738053	ACC	14.4693985	3.0275187	-4.7419763
727738062	ACC	14.904892	2.9653056	-5.775676
727738072	ACC	15.388243	2.9078777	-6.512665
727738081	ACC	15.74238	2.7355945	-7.1012993
727738091	ACC	16.086946	2.687738	-7.4362946
727738100	ACC	16.536797	2.5489542	-7.498508
727738110	ACC	16.235302	2.3575284	-8.053643
727738119	ACC	18.762123	2.2666013	-7.216155
727738129	ACC	18.355343	1.66361	-7.039086
727738138	ACC	18.015562	1.3238292	-7.7234335
727738148	ACC	17.03929	1.1467602	-7.9818583
727738157	ACC	15.799808	0.5054838	-8.139785
727738167	ACC	14.18226	0.12263216	-8.565707
727738176	ACC	12.564712	-0.12622139	-8.73799
727738186	ACC	11.176874	-0.52342993	-8.642277
727738195	ACC	10.009177	-0.887139	-8.264212
727738205	ACC	9.109476	-1.11685	-7.7617183
727738214	ACC	8.420342	-1.3992031	-7.0247293
727738224	ACC	7.668997	-1.6815561	-6.201598
727738233	ACC	6.798009	-1.911267	-5.4023952
727738243	ACC	5.960521	-2.0979073	-4.6079783
727738252	ACC	5.1756754	-2.2319052	-3.7944186
727738262	ACC	4.3334017	-2.274976	-3.1100712
727738271	ACC	3.7064822	-2.30369	-2.6171498
727738281	ACC	3.1609187	-2.356332	-2.2677977
727738290	ACC	2.6775684	-2.3611178	-2.0093727
727738300	ACC	2.1367905	-2.3467607	-1.7605193
727738309	ACC	1.6103697	-2.3467607	-1.5930216
727738319	ACC	1.3184453	-2.4041886	-1.4207385
727738328	ACC	1.0456635	-2.452045	-1.2532408
727738338	ACC	0.7968099	-2.504687	-1.1288141
727738347	ACC	0.5479564	-2.5381866	-1.0187442
727738357	ACC	0.33738798	-2.5142584	-0.97567344
727738366	ACC	0.26081768	-2.5381866	-1.1048858
727738376	ACC	0.19860429	-2.5764718	-1.387239
727738385	ACC	0.11246266	-2.5812573	-1.7318054
727738395	ACC	0.09810573	-2.653042	-2.0141585
727738404	ACC	0.27517462	-2.7343981	-2.1768703
727738414	ACC	0.69152576	-2.7918258	-2.2917259
727738423	ACC	1.2131611	-2.801397	-2.4161527
727738433	ACC	1.7443677	-2.830111	-2.6075785
727738442	ACC	2.2660031	-2.8827531	-2.870789
727738452	ACC	2.7732813	-2.925824	-3.1052856
727738461	ACC	3.3523445	-2.964109	-3.1722846
727738471	ACC	3.9361932	-2.992823	-3.1579278
727738480	ACC	4.558327	-3.0406795	-3.1866415
727738490	ACC	5.204389	-3.2129626	-3.2201412
727738499	ACC	5.7786665	-3.3278182	-3.1435707
727738509	ACC	6.013163	-3.2321053	-3.0909286
727738518	ACC	6.0753765	-3.1986058	-3.2584262
727738528	ACC	6.175875	-3.2081769	-3.5742788
727738537	ACC	6.472585	-3.0406795	-3.9379878
727738547	ACC	7.051648	-2.6961129	-4.330411
727738556	ACC	8.463413	-2.3802602	-4.842475
727738566	ACC	10.4351	-1.9639091	-5.5076795
727738575	ACC	12.564712	-1.3226327	-6.1968126
727738585	ACC	15.302101	-0.5808577	-7.0821567
727738594	ACC	18.340986	0.036490545	-8.446066
727738604	ACC	20.389242	0.5054838	-10.063614
727738613	ACC	21.178873	0.9457632	-11.513664
727738623	ACC	20.88695	1.5343975	-12.131013
727738632	ACC	19.733608	2.352743	-11.896516
727738642	ACC	18.206987	2.9126635	-11.116456
727738651	ACC	16.699509	3.0227332	-10.054043
727738661	ACC	15.469599	2.917449	-8.862417
727738670	ACC	14.804394	3.1136606	-7.5942206
727738680	ACC	14.847465	3.3385859	-6.6370916
727738689	ACC	15.498312	3.6640096	-6.014958
727738699	ACC	15.885949	4.0564327	-5.775676
727738708	ACC	15.981663	4.3531427	-5.813961
727738718	ACC	15.909878	4.7455654	-6.005387
727738727	ACC	15.402599	5.276772	-6.2255263
727738737	ACC	14.287544	5.6739807	-6.426523
727738746	ACC	12.985848	5.836693	-6.498308
727738756	ACC	11.8899355	5.941977	-6.2350974
727738765	ACC	11.009377	6.1716876	-5.8618174
727738775	ACC	10.530812	6.2674007	-5.502894
727738784	ACC	10.439885	6.262615	-5.191827
727738794	ACC	10.688739	6.281758	-4.866403
727738803	ACC	10.985449	6.2961144	-4.464409
727738813	ACC	11.066805	6.315257	-4.0145583
727738822	ACC	10.947164	6.238687	-3.6604204
727738832	ACC	10.779666	6.2195444	-3.2919257
727738841	ACC	10.655239	6.238687	-2.8947172
727738851	ACC	10.4351	6.238687	-2.6267211
727738860	ACC	10.195817	6.2291155	-2.5357938
727738870	ACC	10.042677	6.142974	-2.5166512
727738879	ACC	10.100104	6.0951176	-2.4592235
727738889	ACC	10.482956	6.0376897	-2.4735804
727738898	ACC	10.956735	5.961119	-2.545365
727738908	ACC	11.32523	5.870192	-2.736791
727738917	ACC	11.516655	5.7553368	-2.885146
727738927	ACC	11.755938	5.573482	-3.004787
727738936	ACC	12.105289	5.401199	-3.4163525
727738946	ACC	12.47857	5.2193446	-3.799204
727738955	ACC	12.909278	4.8269215	-4.110271
727738965	ACC	13.191631	4.5014977	-4.5170507
727738974	ACC	13.545769	4.214359	-4.966902
727738984	ACC	13.947763	3.9607196	-5.3736815
727738993	ACC	14.636896	3.5826538	-5.6799626
727739003	ACC	15.239887	3.2476585	-6.1154566
727739012	ACC	15.771094	3.0035906	-6.6945195
727739022	ACC	15.996019	2.716452	-7.350153
727739031	ACC	16.110874	2.4340987	-8.001
727739041	ACC	15.981663	2.2331018	-8.599206
727739050	ACC	15.842878	2.012962	-9.1974125
727739060	ACC	15.751951	1.7162521	-9.771689
727739069	ACC	15.507884	1.4626129	-10.29811
727739079	ACC	15.436099	1.1467602	-10.479965
727739088	ACC	15.340386	0.88354975	-10.40818
727739098	ACC	14.933606	0.7304091	-10.250254
727739107	ACC	14.191831	0.5724828	-9.943973
727739117	ACC	13.387843	0.3044867	-9.513265
727739126	ACC	12.545569	-0.068793654	-8.982058
727739136	ACC	11.540584	-0.41336012	-8.33121
727739145	ACC	10.530812	-0.8153543	-7.55115
727739155	ACC	9.540184	-1.198206	-6.77109
727739164	ACC	8.597412	-1.480559	-5.9958153
727739174	ACC	8.02792	-1.6002002	-5.258826
727739183	ACC	7.6067834	-1.7102699	-4.6989055
727739193	ACC	7.123433	-1.8777676	-4.2634115
727739202	ACC	6.515656	-2.021337	-3.7561333
727739212	ACC	5.8600225	-2.1026928	-3.3349965
727739221	ACC	5.209175	-2.2223341	-3.0095727
727739231	ACC	4.692325	-2.3419752	-2.6650062
727739240	ACC	4.1754756	-2.4424736	-2.464009
727739250	ACC	3.5964124	-2.4759731	-2.3395824
727739259	ACC	3.1465619	-2.4855444	-2.3252254
727739269	ACC	2.658426	-2.4903302	-2.3587248
727739278	ACC	2.1942184	-2.4616163	-2.3682961
727739288	ACC	1.7730815	-2.4329023	-2.373082
727739297	ACC	1.4811572	-2.4472594	-2.3682961
727739307	ACC	1.2897314	-2.4855444	-2.3635106
727739316	ACC	1.2131611	-2.504687	-2.263012
727739326	ACC	1.2514462	-2.5381866	-2.1625135
727739335	ACC	1.2801601	-2.614757	-2.0524435
727739345	ACC	1.1940185	-2.681756	-1.9567307
727739354	ACC	1.0073783	-2.71047	-1.8227327
727739364	ACC	0.87338024	-2.7918258	-1.7413766
727739373	ACC	0.9451649	-2.8492537	-1.6648064
727739383	ACC	1.1413764	-2.8348966	-1.7126628
727739392	ACC	1.3950156	-2.9162526	-1.7844474
727739402	ACC	1.8113668	-3.0358937	-1.7174485
727739411	ACC	2.2420747	-3.0885358	-1.5786648
727739421	ACC	2.644069	-3.0693932	-1.5403795
727739430	ACC	3.1561332	-2.992823	-1.7078772
727739440	ACC	3.9457645	-2.9401808	-2.0093727
727739449	ACC	5.113462	-2.8540392	-2.2582264
727739459	ACC	6.4773707	-2.748755	-2.5549364
727739468	ACC	7.5589266	-2.571686	-2.8995028
727739478	ACC	8.252846	-2.265405	-3.1292138
727739487	ACC	8.73141	-1.9447666	-3.4402807
727739497	ACC	9.262616	-1.7198412	-4.0911283
727739506	ACC	9.659825	-1.6049858	-4.976473
727739516	ACC	10.157532	-1.561915	-5.7134624
727739525	ACC	10.96152	-1.1264212	-5.9288163
727739535	ACC	12.105289	-0.45164528	-6.153742
727739544	ACC	13.526627	-0.05922236	-6.895517
727739554	ACC	14.574683	0.036490545	-7.9148593
727739563	ACC	14.938392	0.24227329	-8.895916
727739573	ACC	14.895321	0.6681957	-9.3409815
727739582	ACC	14.928821	1.1084751	-9.355338
727739592	ACC	14.790037	1.352543	-9.393623
727739601	ACC	14.153546	1.4291133	-9.245269
727739611	ACC	13.808979	1.4051851	-8.804989
727739620	ACC	14.019547	1.4530416	-8.134998
727739630	ACC	14.718252	1.7880367	-7.5846496
727739639	ACC	15.440885	2.5968108	-7.3549385
727739649	ACC	15.933806	3.4199417	-7.36451
727739658	ACC	15.96252	4.013362	-7.5607214
727739668	ACC	15.909878	4.386642	-7.967501
727739677	ACC	15.885949	4.659424	-8.379066
727739687	ACC	15.622739	4.9322057	-8.690134
727739696	ACC	15.211174	5.1906304	-8.771489
727739706	ACC	14.531611	5.4634123	-8.431708
727739715	ACC	13.708481	5.6213384	-7.6133633
727739725	ACC	13.129417	5.6213384	-6.5365934
727739734	ACC	12.861422	5.5830536	-5.3306108
727739744	ACC	12.937992	5.5112686	-4.272983
727739753	ACC	12.952349	5.4729834	-3.6077783
727739763	ACC	12.80878	5.4729834	-3.2105699
727739772	ACC	12.593426	5.4873405	-3.004787
727739782	ACC	12.459428	5.5256257	-2.99043
727739791	ACC	12.282358	5.52084	-3.1914272
727739801	ACC	12.062219	5.5160546	-3.4594233
727739810	ACC	12.0430765	5.415556	-3.6221352
727739820	ACC	12.153146	5.386842	-3.5790644
727739829	ACC	12.287145	5.343771	-3.39721
727739838	ACC	12.526426	5.3150573	-3.1435707
727739848	ACC	12.861422	5.252844	-2.909074
727739857	ACC	13.043276	5.1619167	-2.7463622
727739867	ACC	13.076776	5.1092744	-2.7655048
727739876	ACC	13.03849	5.0997033	-3.0813572
727739886	ACC	13.115061	5.03749	-3.4402807
727739895	ACC	13.225131	4.903492	-3.8518462
727739905	ACC	13.277773	4.726423	-4.0911283
727739914	ACC	13.411771	4.5732822	-4.110271
727739924	ACC	13.598412	4.377071	-4.057629
727739933	ACC	13.77548	4.1760736	-4.1054854
727739943	ACC	13.971691	3.9176488	-4.182056
727739952	ACC	14.167903	3.6687953	-4.1964126
727739962	ACC	14.3258295	3.482155	-4.2299123
727739971	ACC	14.464613	3.3385859	-4.450052
727739981	ACC	14.627325	3.0897322	-4.670192
727739990	ACC	14.8378935	2.8313074	-4.8855457
727740000	ACC	15.07239	2.592025	-5.0769715
727740009	ACC	15.349957	2.3431716	-5.1535416
727740019	ACC	15.460027	2.0991037	-5.2923255
727740028	ACC	15.402599	1.7928224	-5.536393
727740038	ACC	15.330814	1.5487545	-5.852246
727740047	ACC	15.172889	1.1659029	-6.172884
727740057	ACC	14.732609	0.7543373	-6.407381
727740066	ACC	14.29233	0.45762733	-6.66102
727740076	ACC	14.019547	0.093918286	-6.9338017
727740085	ACC	13.670196	-0.37986058	-7.2496543
727740095	ACC	12.947563	-0.82013994	-7.47458
727740104	ACC	11.952149	-1.3274183	-7.4793653
727740114	ACC	10.894522	-1.8873389	-7.211369
727740123	ACC	9.836894	-2.3946173	-6.756733
727740133	ACC	8.927621	-2.8396823	-6.2111692
727740142	ACC	8.286345	-3.2321053	-5.4646087
727740152	ACC	7.5924263	-3.6005998	-4.718048
727740161	ACC	6.8410797	-3.7920256	-4.019344
727740171	ACC	6.0370917	-3.7537405	-3.4402807
727740180	ACC	5.54417	-4.136592	-3.301497
727740190	ACC	4.6636114	-3.720241	-2.2917259
727740199	ACC	4.031906	-3.8207395	-2.114657
727740209	ACC	3.5724843	-3.7920256	-2.3539393
727740218	ACC	3.0269206	-3.4187453	-2.574079
727740228	ACC	2.4335005	-3.0311081	-2.588436
727740237	ACC	2.0267208	-2.71047	-2.5357938
727740247	ACC	1.6486548	-2.4424736	-2.6075785
727740256	ACC	1.2897314	-2.2127628	-2.6506493
727740266	ACC	0.96430755	-1.8921245	-2.5932214
727740275	ACC	0.8542377	-1.5810575	-2.5070798
727740285	ACC	0.9068798	-1.2747762	-2.5070798
727740294	ACC	0.80159557	-1.0546366	-2.6362925
727740304	ACC	0.7968099	-0.9493524	-2.7463622
727740313	ACC	0.9882358	-0.9206385	-2.6889346
727740323	ACC	1.5050855	-0.92542416	-2.5501506
727740332	ACC	2.3665016	-0.9924232	-2.4975085
727740342	ACC	3.2566316	-1.0977074	-2.5166512
727740351	ACC	3.9218364	-1.1934203	-2.4687948
727740361	ACC	4.0797625	-1.2269198	-2.3395824
727740370	ACC	4.031906	-1.2317054	-2.3108685
727740380	ACC	3.888337	-1.2747762	-2.3778675
727740389	ACC	3.7447674	-1.2987045	-2.5262225
727740399	ACC	3.778267	-1.4374882	-2.760719
727740408	ACC	3.8644085	-1.4709877	-2.9330025
727740418	ACC	4.4674	-1.6384853	-3.3684962
727740427	ACC	5.127819	-1.7150556	-3.9379878
727740437	ACC	5.864808	-1.7437695	-4.2777686
727740446	ACC	6.7022963	-1.628914	-4.2442694
727740456	ACC	7.554141	-1.4231312	-4.0911283
727740465	ACC	8.405986	-1.1886346	-4.134199
727740475	ACC	8.961121	-0.80578303	-4.182056
727740484	ACC	10.033105	-1.265205	-4.58405
727740494	ACC	10.899307	-1.2987045	-6.062814
727740503	ACC	10.487741	-0.55692947	-6.9242306
727740513	ACC	10.554741	-0.7052845	-6.608378
727740522	ACC	10.516456	-0.91585284	-6.1680984
727740532	ACC	10.80838	-0.9637093	-5.981458
727740541	ACC	11.784652	-0.79142606	-5.8043895
727740551	ACC	13.205988	-0.4229314	-5.5459647
727740560	ACC	15.062819	-0.18843478	-5.651249
727740570	ACC	16.345371	0.25663024	-5.986244
727740579	ACC	16.938791	0.7304091	-6.393024
727740589	ACC	17.245073	0.9553344	-6.5365934
727740598	ACC	16.795221	1.2424731	-6.512665
727740608	ACC	16.091732	1.4291133	-6.469594
727740617	ACC	15.924234	1.3573287	-6.622735
727740627	ACC	15.436099	1.3286148	-6.8668027
727740636	ACC	15.364314	1.3573287	-6.8428745
727740646	ACC	15.847665	1.6971095	-6.5222363
727740655	ACC	16.063019	2.3001008	-6.0436716
727740665	ACC	16.235302	2.7355945	-5.77089
727740674	ACC	16.287943	3.1423743	-5.8043895
727740684	ACC	16.388443	3.5635111	-6.0915284
727740693	ACC	16.417156	3.9080775	-6.512665
727740703	ACC	16.067804	4.2478585	-6.9816585
727740712	ACC	15.345172	4.558925	-7.3549385
727740722	ACC	14.52204	4.7024946	-7.5990067
727740731	ACC	13.96212	4.7455654	-7.4937224
727740741	ACC	13.612768	4.755137	-6.9098735
727740750	ACC	13.10549	4.6785665	-6.187241
727740760	ACC	12.545569	4.5014977	-5.4646087
727740769	ACC	11.933006	4.377071	-4.828118
727740779	ACC	11.4018	4.3244286	-4.316054
727740788	ACC	11.009377	4.161717	-3.8183467
727740798	ACC	10.631311	4.008576	-3.3493536
727740807	ACC	10.143175	3.8650067	-3.0765717
727740817	ACC	9.65504	3.7310088	-2.99043
727740826	ACC	9.253045	3.5635111	-2.9617162
727740836	ACC	8.827123	3.4773695	-2.9808588
727740845	ACC	8.592627	3.44387	-3.0430722
727740855	ACC	8.583055	3.4390843	-3.1292138
727740864	ACC	8.755338	3.4630125	-3.3349965
727740874	ACC	9.037691	3.482155	-3.5551362
727740883	ACC	9.497113	3.4917264	-3.8757744
727740893	ACC	9.817751	3.5491543	-4.2011986
727740902	ACC	10.210175	3.5587256	-4.4117665
727740912	ACC	10.655239	3.5539398	-4.4979086
727740921	ACC	11.13859	3.592225	-4.464409
727740931	ACC	11.602797	3.6209388	-4.488337
727740940	ACC	12.086147	3.5970106	-4.6175494
727740950	ACC	12.545569	3.4869409	-4.7228336
727740959	ACC	13.081561	3.3864422	-4.7946186
727740969	ACC	13.727624	3.309872	-4.933402
727740978	ACC	14.58904	3.2572298	-5.172684
727740988	ACC	15.598811	3.14716	-5.608178
727740997	ACC	16.469799	2.9892337	-6.1824555
727741007	ACC	17.245073	2.7882366	-6.675377
727741016	ACC	17.967705	2.5968108	-7.0343003
727741026	ACC	18.56591	2.4532413	-7.3549385
727741035	ACC	18.886549	2.1230319	-7.8287177
727741045	ACC	18.809978	1.7258233	-8.302496
727741054	ACC	18.398413	1.4673985	-8.809774
727741064	ACC	17.809778	1.1228321	-9.116056
727741073	ACC	17.216358	0.7686943	-9.092128
727741083	ACC	16.642082	0.4001996	-8.92463
727741092	ACC	16.039091	-0.05922236	-8.613564
727741102	ACC	15.211174	-0.34636107	-8.154141
727741111	ACC	13.976477	-0.7579266	-7.7234335
727741121	ACC	12.531212	-1.1503495	-7.3453674
727741130	ACC	11.176874	-1.4901303	-7.063014
727741140	ACC	9.745967	-1.8729819	-6.6275206
727741149	ACC	8.348558	-2.3276181	-6.0484576
727741159	ACC	7.085148	-2.7008986	-5.340182
727741168	ACC	5.9318075	-3.074179	-4.5601215
727741178	ACC	4.8263235	-3.3038898	-3.8374894
727741187	ACC	4.098905	-3.5623147	-3.1914272
727741197	ACC	3.562913	-3.7776687	-2.6841488
727741206	ACC	3.0987053	-3.9595232	-2.2917259
727741216	ACC	2.644069	-4.174877	-2.0380867
727741225	ACC	2.2037897	-4.3758745	-1.7605193
727741235	ACC	1.6917256	-4.395017	-1.4542379
727741244	ACC	1.2323036	-4.3328037	-1.2149557
727741254	ACC	0.7728817	-4.2514477	-1.2005987
727741263	ACC	0.27996024	-4.1126637	-1.224527
727741273	ACC	-0.10767702	-3.9260237	-1.2197413
727741282	ACC	-0.27038896	-3.7441692	-1.2723835
727741292	ACC	-0.30388847	-3.557529	-1.4015958
727741301	ACC	-0.26081768	-3.4043884	-1.5690935
727741311	ACC	-0.22253251	-3.3182468	-1.7078772
727741320	ACC	-0.09810573	-3.246462	-1.7413766
727741330	ACC	0.47138608	-3.2321053	-1.7653049
727741339	ACC	1.160519	-3.1459637	-1.8083757
727741349	ACC	1.6677973	-3.0358937	-2.047658
727741358	ACC	2.0027926	-2.9593234	-2.4065814
727741368	ACC	2.400001	-2.9449666	-2.736791
727741377	ACC	2.7445676	-2.801397	-2.9808588
727741387	ACC	3.2279177	-2.9114668	-3.153142
727741396	ACC	3.845266	-2.9832516	-3.2967114
727741406	ACC	4.476971	-2.9449666	-3.5168512
727741415	ACC	4.912465	-2.7966115	-3.6221352
727741425	ACC	5.2905307	-2.8109684	-3.746562
727741434	ACC	5.582455	-2.9306095	-3.9619162
727741444	ACC	5.979664	-3.016751	-4.17727
727741453	ACC	6.6687965	-3.0598218	-4.421338
727741463	ACC	7.4823565	-3.0311081	-4.6319065
727741472	ACC	7.989635	-2.830111	-4.976473
727741482	ACC	8.492127	-2.4472594	-5.1678987
727741491	ACC	10.387243	-2.964109	-5.6464634
727741501	ACC	12.435499	-3.0358937	-7.704291
727741510	ACC	12.827922	-2.059622	-9.211769
727741520	ACC	13.483556	-1.9782661	-8.795418
727741529	ACC	14.143974	-2.5764718	-7.95793
727741539	ACC	14.450256	-2.8875387	-7.455437
727741548	ACC	14.756537	-2.777469	-7.1012993
727741558	ACC	15.192031	-2.6243281	-6.9098735
727741567	ACC	16.426727	-2.5142584	-7.1156564
727741577	ACC	17.704494	-2.140978	-7.704291
727741586	ACC	18.594625	-1.3752748	-8.580064
727741596	ACC	19.484755	-0.7531409	-9.250054
727741605	ACC	19.96332	-0.3080759	-9.58505
727741615	ACC	19.680965	0.29491538	-9.58505
727741624	ACC	19.207188	0.79740816	-9.398409
727741634	ACC	18.144773	1.2903296	-9.068199
727741643	ACC	16.910078	1.7688942	-8.623135
727741653	ACC	15.823736	2.0368903	-7.986644
727741662	ACC	15.268601	2.1996021	-7.2783685
727741672	ACC	14.991034	2.4101706	-6.5605216
727741681	ACC	14.799608	2.6638098	-6.072386
727741691	ACC	14.321044	2.9605198	-5.823532
727741700	ACC	13.641482	3.1950164	-5.617749
727741710	ACC	13.244273	3.4342988	-5.4933224
727741719	ACC	13.052848	3.6352959	-5.445466
727741729	ACC	12.617353	3.7836509	-5.3162537
727741738	ACC	12.191431	3.9176488	-4.947759
727741748	ACC	11.8899355	3.9128633	-4.6031923
727741757	ACC	11.550155	4.046861	-4.3734818
727741767	ACC	11.373086	4.14736	-4.249055
727741776	ACC	11.200803	4.066004	-4.043272
727741786	ACC	10.865808	4.0277185	-3.746562
727741795	ACC	10.597812	3.9655054	-3.4689946
727741805	ACC	10.310673	3.932006	-3.4163525
727741814	ACC	10.243673	3.8841493	-3.3924243
727741824	ACC	10.301102	3.726223	-3.2488549
727741833	ACC	10.339387	3.6544385	-3.1100712
727741843	ACC	10.281959	3.6113675	-2.8995028
727741852	ACC	10.037891	3.577868	-2.8468606
727741862	ACC	9.812965	3.510869	-2.856432
727741871	ACC	9.88475	3.577868	-3.0909286
727741881	ACC	10.305887	3.5682967	-3.531208
727741890	ACC	11.263016	3.5300117	-4.330411
727741900	ACC	12.540784	3.4486556	-5.2923255
727741909	ACC	13.871193	3.309872	-6.2255263
727741919	ACC	14.928821	3.0753753	-6.814161
727741928	ACC	15.503098	2.7786653	-7.1156564
727741938	ACC	15.790236	2.525026	-7.1300135
727741947	ACC	16.086946	2.3001008	-6.9816585
727741957	ACC	16.541582	1.9794625	-6.914659
727741966	ACC	16.847864	1.6157535	-6.84766
727741976	ACC	17.249859	1.2472588	-6.9673014
727741985	ACC	17.714066	0.9696914	-7.4362946
727741995	ACC	18.321842	0.56769717	-7.9244304
727742004	ACC	18.800407	0.18005991	-8.570493
727742014	ACC	19.00619	-0.13100705	-9.307482
727742023	ACC	19.188046	-0.6095716	-9.905687
727742033	ACC	18.97269	-1.0689936	-9.867402
727742042	ACC	18.19263	-1.4614165	-9.503694
727742052	ACC	16.737795	-1.9304097	-9.053843
727742061	ACC	15.105889	-2.1984057	-8.55135
727742071	ACC	14.124832	-2.1218355	-8.29771
727742080	ACC	13.392629	-2.3276181	-8.484351
727742090	ACC	12.803994	-2.7678976	-8.862417
727742099	ACC	12.100504	-3.251248	-8.766704
727742109	ACC	11.282159	-3.7250266	-8.115856
727742118	ACC	10.3441725	-4.1126637	-7.2496543
727742128	ACC	9.272188	-4.41416	-6.3643103
727742137	ACC	8.224132	-4.5338006	-5.5651073
727742147	ACC	7.5110703	-4.5768714	-4.947759
727742156	ACC	6.9655066	-4.653442	-4.502694
727742166	ACC	6.242874	-4.7156553	-4.0815573
727742175	ACC	5.5537415	-4.701298	-3.598207
727742185	ACC	4.922036	-4.686941	-3.1627133
727742194	ACC	4.3094735	-4.5768714	-2.842075
727742204	ACC	3.7830527	-4.4093738	-2.6458635
727742213	ACC	3.3236306	-4.241876	-2.6315067
727742223	ACC	2.806781	-4.1174498	-2.6267211
727742232	ACC	2.3904297	-3.9547377	-2.4735804
727742242	ACC	2.0793629	-3.734598	-2.2917259
727742251	ACC	1.9884356	-3.571886	-2.0620148
727742261	ACC	2.1224337	-3.4474592	-1.8705891
727742270	ACC	2.160719	-3.3469608	-1.8227327
727742280	ACC	1.9166509	-3.1890345	-1.817947
727742289	ACC	1.591227	-3.1028929	-1.7653049
727742299	ACC	1.294517	-3.0263224	-1.6456637
727742308	ACC	0.9403793	-2.8875387	-1.5834504
727742318	ACC	0.6149554	-2.7822545	-1.602593
727742327	ACC	0.36610186	-2.6004	-1.535594
727742337	ACC	0.36131623	-2.8492537	-1.7605193
727742346	ACC	0.25124636	-2.480759	-1.7988044
727742356	ACC	1.1844472	-2.8444679	-2.3922246
727742365	ACC	1.9932213	-2.7583263	-2.8229325
727742375	ACC	2.481357	-2.5669005	-2.9234312
727742384	ACC	2.9168508	-2.6004	-2.9473593
727742394	ACC	3.2327034	-2.8492537	-3.0287154
727742403	ACC	3.682554	-3.0023942	-3.0430722
727742413	ACC	3.9696927	-2.9449666	-3.004787
727742422	ACC	4.4051867	-2.9210382	-3.2201412
727742432	ACC	5.056034	-2.949752	-3.6029928
727742441	ACC	5.6733823	-2.7918258	-3.99063
727742451	ACC	6.5778694	-2.5812573	-4.464409
727742460	ACC	7.989635	-2.5764718	-5.1583276
727742470	ACC	9.305687	-2.5812573	-5.866603
727742479	ACC	10.334601	-2.4472594	-6.5892353
727742489	ACC	11.157732	-2.3754747	-7.1156564
727742498	ACC	11.870793	-2.385046	-7.3453674
727742508	ACC	12.349358	-2.452045	-7.374081
727742517	ACC	12.593426	-2.5908287	-7.44108
727742527	ACC	13.033705	-2.8205397	-7.5607214
727742536	ACC	13.746766	-2.9832516	-7.6277204
727742546	ACC	14.47897	-3.0406795	-7.7186475
727742555	ACC	15.268601	-2.949752	-7.8000035
727742565	ACC	15.70888	-2.71047	-7.699505
727742574	ACC	15.80938	-2.356332	-7.6516485
727742584	ACC	16.220945	-1.9160527	-7.66122
727742593	ACC	16.800007	-1.3992031	-7.7665043
727742603	ACC	17.757137	-0.8775677	-8.068
727742612	ACC	18.398413	-0.50428736	-8.517851
727742622	ACC	17.891134	0.050847482	-8.871988
727742631	ACC	16.847864	0.70169526	-8.84806
727742641	ACC	16.201801	1.1228321	-8.69492
727742650	ACC	15.603597	1.4243277	-8.249854
727742660	ACC	14.904892	1.6731812	-7.5272217
727742669	ACC	14.52204	1.8741783	-6.766304
727742679	ACC	14.4693985	2.0656042	-6.153742
727742688	ACC	14.091332	2.3718855	-5.799604
727742698	ACC	13.55534	2.7212377	-5.5316076
727742707	ACC	13.4022	3.0514472	-5.258826
727742717	ACC	13.081561	3.2763724	-5.024329
727742726	ACC	12.545569	3.5300117	-4.818547
727742736	ACC	12.119647	3.6496527	-4.6893344
727742745	ACC	11.765509	3.7022948	-4.3686957
727742755	ACC	11.454442	3.7357943	-4.1007
727742764	ACC	11.277373	3.6687953	-3.9284165
727742774	ACC	11.090733	3.5491543	-3.775276
727742783	ACC	10.980663	3.4773695	-3.464209
727742793	ACC	10.80838	3.4773695	-3.1196425
727742802	ACC	10.593026	3.429513	-2.9138598
727742812	ACC	10.473385	3.3577285	-2.8372893
727742821	ACC	10.439885	3.2572298	-2.8325038
727742831	ACC	10.54517	3.14716	-2.937788
727742840	ACC	10.80838	3.065804	-3.1196425
727742850	ACC	10.975878	3.0179477	-3.3206396
727742859	ACC	11.085947	2.946163	-3.545565
727742869	ACC	11.411371	2.797808	-3.8709888
727742878	ACC	12.033505	2.6398816	-4.110271
727742888	ACC	12.540784	2.5058835	-4.4021955
727742897	ACC	12.942778	2.3814569	-4.785047
727742907	ACC	13.383057	2.2857437	-5.115257
727742916	ACC	13.856836	2.204388	-5.5746784
727742926	ACC	14.378471	1.9842482	-6.0484576
727742935	ACC	15.014962	1.6253247	-6.5078793
727742945	ACC	15.641882	1.2855439	-7.0055866
727742954	ACC	16.21616	0.8452646	-7.431509
727742964	ACC	16.517654	0.4001996	-7.780861
727742973	ACC	16.81915	-0.025722843	-8.068
727742983	ACC	17.11586	-0.4564309	-8.168498
727742992	ACC	17.235502	-0.8392825	-8.087142
727743002	ACC	17.336	-1.2173486	-7.8239317
727743011	ACC	17.465212	-1.6049858	-7.7569327
727743021	ACC	17.900705	-2.0404794	-8.14457
727743030	ACC	18.187845	-2.4041886	-8.4604225
727743040	ACC	18.063417	-2.748755	-8.938987
727743049	ACC	17.374285	-2.9688947	-9.283554
727743059	ACC	16.264015	-3.0789645	-9.2691965
727743068	ACC	15.005391	-3.2321053	-9.058628
727743078	ACC	13.875978	-3.5431721	-8.723633
727743087	ACC	13.000205	-3.882953	-8.192427
727743097	ACC	12.277573	-4.1844487	-7.5176506
727743106	ACC	11.574083	-4.404588	-6.8859453
727743116	ACC	10.755738	-4.5673003	-6.2638116
727743125	ACC	9.674182	-4.701298	-5.6416774
727743135	ACC	8.563912	-4.7491546	-5.0099726
727743144	ACC	7.597212	-4.730012	-4.3782673
727743154	ACC	6.7501526	-4.581657	-3.827918
727743163	ACC	6.108876	-4.447659	-3.39721
727743173	ACC	5.5298133	-4.4285164	-3.0957143
727743182	ACC	5.046463	-4.423731	-2.842075
727743192	ACC	4.57747	-4.423731	-2.5501506
727743201	ACC	4.0127635	-4.438088	-2.2869403
727743211	ACC	3.4863427	-4.4524446	-1.9854445
727743220	ACC	2.993421	-4.471587	-1.6648064
727743230	ACC	2.5339992	-4.5003014	-1.439881
727743239	ACC	2.1463618	-4.5003014	-1.1096715
727743249	ACC	1.7395821	-4.3471603	-0.9613165
727743258	ACC	1.6199409	-4.404588	-1.0043873
727743268	ACC	1.5960127	-4.3184466	-1.1192428
727743277	ACC	1.4045869	-4.179663	-1.2484552
727743287	ACC	1.1892328	-4.0408792	-1.4207385
727743296	ACC	0.9451649	-3.949952	-1.5116657
727743306	ACC	0.7968099	-3.8207395	-1.6313069
727743315	ACC	0.863809	-3.7441692	-1.750948
727743325	ACC	0.9595219	-3.6819558	-1.736591
727743334	ACC	1.0313065	-3.5479577	-1.7174485
727743344	ACC	1.3950156	-3.461816	-1.9232312
727743353	ACC	1.8113668	-3.370889	-2.2390838
727743363	ACC	2.1942184	-3.3469608	-2.588436
727743372	ACC	2.6871397	-3.3661032	-2.856432
727743381	ACC	3.1465619	-3.409174	-3.004787
727743391	ACC	3.6777685	-3.409174	-3.0430722
727743400	ACC	4.2281175	-3.4043884	-3.1196425
727743410	ACC	4.6636114	-3.1172497	-3.0717862
727743419	ACC	5.6350975	-3.5240295	-3.2105699
727743429	ACC	6.2380886	-3.3804603	-3.8757744
727743438	ACC	7.2861447	-3.1986058	-4.36391
727743448	ACC	8.549556	-2.8253253	-5.172684
727743457	ACC	9.84168	-2.2797618	-6.402595
727743467	ACC	10.894522	-1.8155541	-7.225726
727743476	ACC	11.808579	-1.8490537	-7.498508
727743486	ACC	12.052648	-1.762912	-7.4506516
727743495	ACC	12.315858	-1.6480566	-7.340582
727743505	ACC	13.024134	-1.3752748	-7.211369
727743514	ACC	14.1726885	-1.2843475	-7.2640114
727743524	ACC	15.4313135	-1.3082758	-7.3549385
727743533	ACC	16.13959	-1.0211371	-7.393224
727743543	ACC	16.900507	-0.74835527	-7.5990067
727743552	ACC	17.436499	-0.6430711	-8.0345
727743562	ACC	17.383856	-0.5521438	-8.412566
727743571	ACC	16.52244	-0.1788635	-8.355139
727743581	ACC	15.14896	0.10827523	-7.84786
727743590	ACC	13.923835	0.13220344	-7.110871
727743600	ACC	13.526627	0.06520442	-6.3308105
727743609	ACC	13.411771	0.055633128	-5.6799626
727743619	ACC	13.406985	0.050847482	-5.3449674
727743628	ACC	13.4022	0.15613168	-5.2109694
727743638	ACC	13.3639145	0.3906283	-4.627121
727743647	ACC	13.430914	0.7256235	-3.99063
727743657	ACC	13.5074835	0.77347994	-3.856632
727743666	ACC	13.048062	0.95054877	-4.153342
727743676	ACC	12.253645	1.1802598	-4.4404807
727743685	ACC	11.607583	1.3716856	-4.488337
727743695	ACC	11.119447	1.5631114	-4.3208394
727743704	ACC	10.956735	1.7306089	-4.124628
727743714	ACC	10.956735	1.8311075	-3.923631
727743723	ACC	11.114661	1.8550358	-3.6843486
727743733	ACC	11.32523	1.9555343	-3.3493536
727743742	ACC	11.387443	2.1900308	-2.8899314
727743752	ACC	11.253445	2.4293132	-2.6793633
727743761	ACC	11.200803	2.4580271	-2.7846475
727743771	ACC	11.248659	2.4771698	-2.789433
727743780	ACC	11.406586	2.6350958	-2.69372
727743790	ACC	11.650654	2.7451658	-2.6458635
727743799	ACC	11.842079	2.7595227	-2.7032914
727743809	ACC	11.712867	2.702095	-2.8947172
727743818	ACC	11.526227	2.7308087	-3.1387851
727743828	ACC	11.545369	2.7738798	-3.4594233
727743837	ACC	11.722438	2.797808	-3.7178483
727743847	ACC	11.980863	2.7212377	-3.8135612
727743856	ACC	12.335001	2.5824537	-3.842275
727743866	ACC	12.569497	2.4819553	-3.80399
727743875	ACC	12.679567	2.4675984	-3.909274
727743885	ACC	12.746566	2.405385	-4.2634115
727743894	ACC	12.870993	2.2905295	-4.732405
727743904	ACC	13.239488	2.1326032	-5.124828
727743913	ACC	13.651053	1.9507487	-5.593821
727743923	ACC	13.96212	1.7353946	-5.904888
727743932	ACC	14.316257	1.4243277	-6.0771713
727743942	ACC	14.632111	1.0941181	-6.172884
727743951	ACC	14.952748	0.7639086	-6.2398834
727743961	ACC	15.292529	0.5485546	-6.4121666
727743970	ACC	15.847665	0.47676992	-6.6562343
727743980	ACC	16.603796	0.3379862	-7.0678
727743989	ACC	17.498713	0.11784652	-7.3692956
727743999	ACC	18.470198	-0.212363	-7.5607214
727744008	ACC	19.307686	-0.52342993	-7.780861
727744018	ACC	19.695324	-0.8632108	-7.5607214
727744027	ACC	18.58984	-1.4087744	-7.752147
727744037	ACC	19.020548	-1.1599208	-7.3166533
727744046	ACC	17.64228	-1.3034902	-6.6849484
727744056	ACC	16.25923	-1.5140585	-6.929016
727744065	ACC	15.474384	-1.265205	-7.3980093
727744075	ACC	14.354543	-1.265205	-7.508079
727744084	ACC	13.713266	-1.5044873	-7.5750785
727744094	ACC	13.000205	-1.6002002	-7.55115
727744103	ACC	12.205789	-1.7581264	-7.2448688
727744113	ACC	11.550155	-1.9926231	-7.0582285
727744122	ACC	10.669596	-2.1505494	-6.431309
727744132	ACC	9.540184	-2.4041886	-5.435895
727744141	ACC	8.286345	-2.4951158	-4.6893344
727744151	ACC	7.133004	-2.2797618	-4.110271
727744160	ACC	6.2380886	-1.9639091	-3.8183467
727744170	ACC	5.7260246	-1.9351953	-3.8518462
727744179	ACC	5.3910294	-2.2941186	-3.775276
727744189	ACC	5.0799623	-2.3419752	-3.004787
727744198	ACC	5.0847483	-2.2462623	-2.1720848
727744208	ACC	5.0177493	-2.179263	-1.3776677
727744217	ACC	4.725825	-1.9304097	-1.3489537
727744227	ACC	4.496114	-1.6097715	-1.3920245
727744236	ACC	4.7162533	-1.5475581	-1.3345969
727744246	ACC	5.0081778	-1.6480566	-0.62153566
727744255	ACC	5.2283173	-1.5954145	0.26859435
727744265	ACC	4.979464	-1.1455638	1.3980067
727744274	ACC	4.486542	-0.49950173	2.297708
727744284	ACC	3.6251264	0.055633128	2.7619154
727744293	ACC	2.9647074	0.5820541	3.1112676
727744303	ACC	2.8163524	1.041476	3.2883365
727744312	ACC	2.8881369	1.0941181	3.187838
727744322	ACC	2.9838498	1.1036894	3.24048
727744331	ACC	3.0556345	1.4434702	3.5180476
727744341	ACC	3.0077782	1.7162521	3.4223347
727744350	ACC	3.0077782	1.6157535	3.6807594
727744360	ACC	3.089134	1.4386846	4.063611
727744369	ACC	3.0987053	1.2807583	4.9920263
727744379	ACC	2.5722845	1.352543	6.7052875
727744388	ACC	1.8257236	1.7688942	8.073982
727744398	ACC	1.4380864	2.0751755	8.911469
727744407	ACC	1.538585	2.1804597	8.863613
727744417	ACC	1.8448663	2.14696	8.308478
727744426	ACC	2.2085752	2.0991037	7.8346996
727744436	ACC	2.3042881	2.2187448	7.758129
727744445	ACC	2.428715	2.3958137	8.126624
727744455	ACC	2.5914268	2.3288147	9.035896
727744464	ACC	2.524428	2.7595227	8.303693
727744474	ACC	2.5148566	2.9222345	8.030911
727744483	ACC	2.3856442	2.85045	8.466405
727744493	ACC	2.5292134	2.8600214	8.5525465
727744502	ACC	2.4430718	3.118446	8.475976
727744512	ACC	2.2420747	3.0323045	8.418549
727744521	ACC	2.0841484	2.539383	8.490333
727744531	ACC	1.8065811	2.3431716	8.839685
727744540	ACC	1.6342978	2.4484558	8.9928255
727744550	ACC	1.6342978	2.405385	9.279964
727744559	ACC	2.845066	2.2474587	9.748958
727744569	ACC	3.2470603	2.3670998	9.681958
727744578	ACC	2.7397819	2.4628127	10.241879
727744588	ACC	2.4765713	2.6159534	9.859028
727744597	ACC	2.1750758	2.864807	9.705887
727744607	ACC	1.9788643	3.2333016	8.87797
727744616	ACC	1.902294	3.3242288	8.112267
727744626	ACC	1.9501505	3.3194432	7.6863446
727744635	ACC	1.8592232	3.1806595	7.6145597
727744645	ACC	1.672583	2.9557343	7.8921275
727744654	ACC	1.3806586	2.7451658	8.590832
727744664	ACC	1.1413764	2.592025	9.485747
727744673	ACC	1.1270195	2.405385	10.337592
727744683	ACC	1.1318051	2.1421745	10.959726
727744692	ACC	1.1126626	2.094318	10.998011
727744702	ACC	0.9499506	2.1661026	10.557732
727744711	ACC	0.8063812	2.2905295	9.849456
727744721	ACC	0.89730847	2.391028	9.303893
727744730	ACC	1.026521	2.4819553	9.102896
727744740	ACC	1.1365907	2.5441687	9.02154
727744749	ACC	1.2418749	2.525026	8.978469
727744759	ACC	1.2562319	2.4580271	9.007183
727744768	ACC	1.2323036	2.4340987	9.117252
727744778	ACC	1.2610176	2.4340987	9.366106
727744787	ACC	1.3280165	2.4340987	9.514461
727744797	ACC	1.5098711	2.4963121	9.490533
727744806	ACC	1.605584	3.03709	9.830314
727744816	ACC	2.132005	2.1852453	8.834899
727744825	ACC	2.3665016	2.137389	7.576275
727744835	ACC	2.213361	2.8791637	7.5810604
727744844	ACC	2.3569303	3.1423743	7.882556
727744854	ACC	2.629712	3.1519456	8.303693
727744863	ACC	2.754139	3.0610185	8.600403
