727833497	ACC	1.7300107	2.649453	9.25125
727833506	ACC	1.68694	2.649453	9.083753
727833516	ACC	1.5481563	2.6255248	8.906684
727833525	ACC	1.3615161	2.5824537	8.729615
727833535	ACC	1.227518	2.525026	8.763115
727833544	ACC	1.1126626	2.4340987	8.868399
727833554	ACC	1.2610176	2.3192434	8.720044
727833563	ACC	1.9262222	2.3862424	8.059625
727833573	ACC	2.2420747	2.1900308	7.9830546
727833582	ACC	2.4335005	2.0081763	8.121839
727833592	ACC	2.6823542	1.8885353	7.98784
727833601	ACC	2.8354948	1.7306089	7.69113
727833611	ACC	2.806781	1.5487545	7.2843504
727833620	ACC	2.7445676	1.3286148	6.844071
727833630	ACC	2.5818555	1.1419746	6.140581
727833639	ACC	2.4478576	0.81655073	5.3270216
727833649	ACC	2.548356	0.3475575	4.456034
727833658	ACC	2.7972097	-0.29850462	3.8673997
727833668	ACC	2.9886355	-0.91106725	3.6281173
727833677	ACC	3.1369905	-1.3369896	3.5419757
727833687	ACC	3.2709885	-1.7389839	3.580261
727833696	ACC	3.0795627	-2.184049	3.589832
727833706	ACC	3.1752756	-2.4329023	3.4797623
727833715	ACC	3.089134	-2.7822545	3.0011978
727833725	ACC	3.089134	-3.074179	2.5896323
727833734	ACC	2.8881369	-3.3517463	1.8191434
727833744	ACC	3.3092737	-3.571886	1.2352947
727833753	ACC	3.4911282	-4.026522	0.45044887
727833763	ACC	3.696911	-4.1461635	-0.15732808
727833772	ACC	4.2855453	-4.1222353	-0.51146585
727833782	ACC	4.534399	-3.9020956	-0.6406783
727833791	ACC	5.300102	-4.299304	-0.79860455
727833801	ACC	5.912665	-4.1222353	-0.69332033
727833810	ACC	6.587441	-3.854239	-0.45403808
727833820	ACC	7.1856465	-3.7920256	-0.33439696
727833829	ACC	8.539984	-4.246662	-0.5736792
727833839	ACC	10.157532	-4.6151567	-0.927817
727833848	ACC	11.267802	-4.5003014	-1.3345969
727833858	ACC	12.315858	-4.38066	-1.8945173
727833867	ACC	13.593625	-4.356732	-2.2725832
727833877	ACC	14.713467	-4.323232	-2.3874388
727833886	ACC	15.92902	-4.2035913	-2.4879375
727833896	ACC	16.704294	-3.9595232	-2.7128627
727833905	ACC	16.871792	-3.7298124	-3.0478578
727833915	ACC	16.704294	-3.519244	-3.2727833
727833924	ACC	15.876378	-3.3804603	-3.3110683
727833933	ACC	14.957535	-3.370889	-3.2584262
727833943	ACC	14.756537	-3.5958142	-2.8468606
727833952	ACC	14.880964	-3.8638103	-2.1050856
727833962	ACC	15.268601	-3.9834516	-1.0426725
727833971	ACC	15.876378	-3.7489548	0.17288144
727833981	ACC	16.685152	-3.1316066	1.5750755
727833990	ACC	17.795422	-2.169692	2.5226333
727834000	ACC	19.211973	-0.887139	2.6135604
727834009	ACC	20.078175	0.35234314	1.9435701
727834019	ACC	20.264814	1.4626129	0.9912268
727834028	ACC	19.953749	2.673381	0.30209386
727834038	ACC	19.245472	3.754937	-0.6358926
727834047	ACC	18.613768	4.6259246	-1.6935202
727834057	ACC	18.044275	5.4203415	-2.4448664
727834066	ACC	17.848064	5.81755	-3.0239296
727834076	ACC	17.934206	6.047261	-3.2871401
727834085	ACC	18.264416	6.382256	-3.1483564
727834095	ACC	18.37927	6.4683976	-2.9473593
727834104	ACC	18.661623	6.573682	-2.3635106
727834114	ACC	18.460627	6.463612	-1.5451652
727834123	ACC	18.51327	6.2865434	-1.9232312
727834133	ACC	18.15913	6.1477594	-2.6554348
727834142	ACC	17.714066	5.6117673	-2.9138598
727834152	ACC	17.441284	5.305486	-3.057429
727834161	ACC	17.173288	5.171488	-3.4402807
727834171	ACC	16.828722	4.8173504	-3.866203
727834180	ACC	16.374084	4.458427	-3.9858444
727834190	ACC	16.627724	4.080361	-3.99063
727834199	ACC	16.670795	3.7740796	-3.8853457
727834209	ACC	16.857435	3.185445	-3.4833515
727834218	ACC	17.240288	2.5680969	-2.8899314
727834228	ACC	17.508284	2.0895324	-2.3587248
727834237	ACC	17.187645	1.515255	-1.9998015
727834247	ACC	16.331015	0.92183495	-2.1720848
727834256	ACC	15.713666	0.14656039	-2.1337996
727834266	ACC	15.330814	-0.46121657	-1.588236
727834275	ACC	14.847465	-0.9493524	-1.0331012
727834285	ACC	14.4693985	-1.5044873	-0.6023931
727834294	ACC	13.99562	-2.021337	-0.3822534
727834304	ACC	13.25863	-2.3898315	-0.35832518
727834313	ACC	12.531212	-2.6578279	-0.7363912
727834323	ACC	12.033505	-2.992823	-1.4685949
727834332	ACC	11.794223	-3.3804603	-2.2103698
727834342	ACC	11.540584	-3.6628132	-2.9234312
727834351	ACC	11.052447	-3.854239	-3.6460636
727834361	ACC	10.258031	-4.2514477	-4.5409794
727834370	ACC	9.5353985	-4.299304	-5.3306108
727834380	ACC	8.740981	-4.3088756	-5.689534
727834389	ACC	8.013563	-4.4428735	-5.5316076
727834399	ACC	7.5828547	-4.552943	-4.9716873
727834408	ACC	7.300502	-4.586443	-4.282554
727834418	ACC	7.223932	-4.706084	-3.6173496
727834427	ACC	7.4919276	-4.8879385	-3.086143
727834437	ACC	7.8556366	-5.0362935	-2.5788646
727834446	ACC	8.133204	-5.179863	-2.1194427
727834456	ACC	8.080562	-5.3090754	-1.7461623
727834465	ACC	7.8173513	-5.452645	-1.5451652
727834475	ACC	7.353144	-5.6871414	-1.5595222
727834484	ACC	6.812366	-6.026922	-1.6935202
727834494	ACC	6.276374	-6.3427744	-1.9280169
727834503	ACC	5.6063833	-6.6011996	-2.0572293
727834513	ACC	4.7018967	-6.9409804	-2.1050856
727834522	ACC	3.6394832	-6.8739815	-2.129014
727834532	ACC	2.6201408	-6.687341	-2.1194427
727834541	ACC	1.9597218	-6.6921268	-2.0237298
727834551	ACC	1.4476577	-6.605985	-1.8275183
727834560	ACC	0.9212367	-6.4624157	-1.4829519
727834570	ACC	0.5479564	-6.2087765	-1.0378869
727834579	ACC	0.4761717	-6.026922	-0.75553375
727834589	ACC	0.77766734	-6.0173507	-0.68853474
727834598	ACC	1.457229	-6.093921	-0.71246296
727834608	ACC	2.6153553	-6.294918	-0.8560323
727834617	ACC	4.0941195	-6.5437717	-1.061815
727834627	ACC	5.6685967	-6.773483	-1.238884
727834636	ACC	6.9798636	-6.835696	-1.4781662
727834646	ACC	8.10449	-6.8452673	-1.8131614
727834655	ACC	8.779266	-6.8165536	-2.277369
727834665	ACC	8.827123	-6.4624157	-2.574079
727834674	ACC	9.296116	-6.7639112	-2.870789
727834684	ACC	9.391829	-6.4480586	-3.3732817
727834693	ACC	9.736395	-6.558129	-3.478566
727834703	ACC	10.085748	-6.6299133	-2.909074
727834712	ACC	10.205389	-6.5629144	-2.1098714
727834722	ACC	10.530812	-6.672984	-1.5020944
727834731	ACC	10.846665	-6.672984	-1.0331012
727834741	ACC	11.420942	-6.5772715	-0.7316055
727834750	ACC	11.846865	-6.366703	-0.6837491
727834760	ACC	12.071791	-6.1848483	-0.846461
727834769	ACC	12.497713	-6.055636	-1.1527423
727834779	ACC	12.952349	-5.7397833	-1.2580265
727834788	ACC	13.225131	-5.3473606	-1.1479566
727834798	ACC	13.5074835	-4.97408	-1.090529
727834807	ACC	13.837693	-4.691727	-1.0953146
727834817	ACC	14.55554	-4.3088756	-1.1096715
727834826	ACC	15.416956	-3.720241	-1.0043873
727834836	ACC	16.173088	-2.9593234	-0.8751749
727834845	ACC	16.756937	-2.1744776	-1.1001002
727834855	ACC	17.06322	-1.265205	-1.5930216
727834864	ACC	16.986649	-0.38464624	-2.4209383
727834874	ACC	16.967505	0.5772685	-3.2584262
727834883	ACC	17.06322	1.3669	-4.1198425
727834893	ACC	17.431713	1.7641085	-4.6414776
727834902	ACC	17.96292	1.8502501	-4.718048
727834912	ACC	18.427128	1.7688942	-4.4596233
727834921	ACC	18.561125	1.6444674	-4.1198425
727834931	ACC	18.81955	1.5870396	-3.5790644
727834940	ACC	18.546768	1.5583258	-3.1196425
727834950	ACC	18.307486	1.6971095	-2.6602206
727834959	ACC	17.99642	1.8837496	-2.3539393
727834969	ACC	17.828922	1.9890338	-2.2342982
727834978	ACC	17.704494	1.945963	-2.2199411
727834988	ACC	17.479568	1.7688942	-2.2055843
727834997	ACC	17.264215	1.500898	-2.0045872
727835007	ACC	17.001005	1.2376875	-1.5738791
727835016	ACC	16.737795	0.9696914	-0.90388876
727835026	ACC	16.570297	0.78783685	-0.32482567
727835035	ACC	16.450655	0.6346962	-0.047258247
727835045	ACC	16.460226	0.45762733	-0.037686955
727835054	ACC	16.417156	0.26141587	-0.26261228
727835064	ACC	16.283157	0.16091733	-0.67417777
727835073	ACC	15.996019	0.15134603	-1.0522437
727835083	ACC	15.460027	0.14656039	-1.4685949
727835092	ACC	14.828321	0.07477571	-1.7557336
727835102	ACC	14.25883	-0.08315059	-1.9375881
727835111	ACC	13.751552	-0.35593235	-2.033301
727835121	ACC	13.134204	-0.62871414	-2.0811574
727835130	ACC	12.6987095	-0.8775677	-1.9902302
727835140	ACC	12.47857	-1.198206	-1.6887345
727835149	ACC	12.44507	-1.494916	-1.2771691
727835159	ACC	12.378072	-1.7150556	-0.927817
727835168	ACC	12.406785	-2.0165513	-0.89431745
727835178	ACC	12.473784	-2.41376	-1.1335998
727835187	ACC	12.406785	-2.7008986	-1.4733806
727835197	ACC	12.368501	-3.074179	-1.8370895
727835206	ACC	12.459428	-3.4666018	-2.033301
727835216	ACC	12.387643	-3.7106698	-2.224727
727835225	ACC	12.382857	-4.0073795	-2.4209383
727835235	ACC	12.306287	-4.4093738	-2.4879375
727835244	ACC	12.071791	-4.8065825	-2.4017956
727835253	ACC	11.736795	-5.155935	-2.1768703
727835263	ACC	11.310873	-5.529215	-2.129014
727835272	ACC	10.861022	-5.9120665	-2.2151556
727835282	ACC	10.444671	-6.3332033	-2.4017956
727835291	ACC	10.109675	-6.8931236	-2.5980072
727835301	ACC	9.827323	-7.405188	-2.7942185
727835310	ACC	9.32483	-7.768897	-3.0143583
727835320	ACC	8.678768	-8.056036	-3.3110683
727835329	ACC	7.984849	-8.252247	-3.559922
727835339	ACC	7.4010005	-8.333603	-3.612564
727835348	ACC	6.8506513	-8.194819	-3.4546378
727835358	ACC	6.3864436	-7.969894	-3.1866415
727835367	ACC	6.02752	-7.6588273	-2.9473593
727835377	ACC	5.682954	-7.414759	-2.6458635
727835386	ACC	5.3383875	-7.1563344	-2.3778675
727835396	ACC	4.941179	-6.7639112	-2.2007985
727835405	ACC	4.5918264	-6.4002023	-2.521437
727835415	ACC	4.1036906	-6.328418	-1.80359
727835424	ACC	3.830909	-5.873781	-1.4303098
727835434	ACC	3.5006995	-5.6153564	-1.4207385
727835443	ACC	3.333202	-5.6967125	-1.6887345
727835453	ACC	3.2614172	-5.6392846	-1.683949
727835462	ACC	3.2805598	-5.5340004	-1.4877375
727835472	ACC	3.2997024	-5.462216	-1.3058829
727835481	ACC	3.4672	-5.3473606	-1.3058829
727835491	ACC	3.5820556	-5.285147	-1.0091729
727835500	ACC	3.9888353	-5.074579	-0.86560357
727835510	ACC	4.6205406	-4.9262238	-0.9182457
727835519	ACC	5.4819565	-4.859225	-1.0713863
727835529	ACC	6.4055862	-4.7156553	-1.3010973
727835538	ACC	6.960721	-4.447659	-1.6217356
727835548	ACC	7.281359	-4.1892343	-2.076372
727835557	ACC	7.54457	-4.026522	-2.5357938
727835567	ACC	7.539784	-3.8207395	-2.9569306
727835576	ACC	7.448857	-3.6723845	-3.3349965
727835586	ACC	7.6259255	-3.7298124	-3.545565
727835595	ACC	8.003992	-3.949952	-3.4546378
727835605	ACC	8.573483	-4.1605206	-2.8229325
727835614	ACC	9.06162	-4.2275195	-1.9280169
727835624	ACC	9.32483	-4.165306	-1.1001002
727835633	ACC	9.755538	-4.093521	-0.5593223
727835643	ACC	10.186246	-3.906881	-0.39661035
727835652	ACC	10.444671	-3.6963127	-0.7268199
727835662	ACC	10.51167	-3.49053	-0.86560357
727835671	ACC	10.521241	-3.3086755	-1.1479566
727835681	ACC	10.674382	-3.2416766	-1.7078772
727835690	ACC	10.999805	-3.3373895	-2.2390838
727835700	ACC	11.660225	-3.4283166	-2.818147
727835709	ACC	12.574283	-3.6053855	-3.3110683
727835719	ACC	13.435699	-3.8350966	-3.7369907
727835728	ACC	14.206188	-4.1318064	-4.1629133
727835738	ACC	14.354543	-4.41416	-4.58405
727835747	ACC	14.976677	-4.4811587	-4.450052
727835757	ACC	14.866607	-4.7491546	-4.2299123
727835766	ACC	15.297316	-4.447659	-3.6843486
727835776	ACC	15.890736	-4.060022	-3.167499
727835785	ACC	16.886148	-3.5240295	-2.9282167
727835795	ACC	18.470198	-2.7822545	-3.2536407
727835804	ACC	19.891535	-1.8777676	-3.909274
727835814	ACC	21.064018	-0.9349955	-4.718048
727835823	ACC	21.738794	-0.15493527	-5.1822557
727835833	ACC	21.911077	0.33320054	-5.4646087
727835842	ACC	21.4038	1.0606186	-5.0051866
727835852	ACC	20.494526	1.4721842	-4.4452662
727835861	ACC	19.494326	1.7497516	-3.8853457
727835871	ACC	18.388842	2.0416758	-3.234498
727835880	ACC	17.575283	2.2474587	-2.7798617
727835890	ACC	17.044075	2.3623142	-2.3587248
727835899	ACC	16.613367	2.4675984	-1.9040886
727835909	ACC	16.153946	2.4963121	-1.4973087
727835918	ACC	15.617953	2.4867408	-1.3250256
727835928	ACC	15.225531	2.3958137	-1.3298112
727835937	ACC	14.995819	2.3623142	-1.3776677
727835947	ACC	14.464613	2.391028	-1.521237
727835956	ACC	13.756337	2.4197419	-1.5595222
727835966	ACC	13.244273	2.3383858	-1.5260227
727835975	ACC	12.937992	2.14696	-1.3010973
727835985	ACC	12.813565	1.9555343	-0.8177471
727835994	ACC	12.875778	1.7593229	-0.40618163
727836004	ACC	12.794423	1.4673985	-0.20997019
727836013	ACC	12.636497	1.1467602	-0.17168503
727836023	ACC	12.521641	0.8739785	-0.20997019
727836032	ACC	12.535997	0.5916254	-0.18604197
727836042	ACC	12.636497	0.24705894	-0.19561325
727836051	ACC	13.110275	-0.212363	-0.43489552
727836061	ACC	13.636696	-0.7052845	-0.86081797
727836070	ACC	13.947763	-1.2029916	-1.3250256
727836080	ACC	13.8041935	-1.6815561	-1.9088743
727836089	ACC	13.794622	-2.3467607	-2.196013
727836099	ACC	13.756337	-2.9162526	-2.2677977
727836108	ACC	13.421342	-3.4522448	-2.3922246
727836118	ACC	12.96192	-4.069593	-2.4783661
727836127	ACC	12.354143	-4.6965127	-2.6362925
727836137	ACC	11.856436	-5.313861	-2.7272196
727836146	ACC	11.674582	-5.8546386	-2.736791
727836156	ACC	11.913864	-6.3571315	-2.8085756
727836165	ACC	12.378072	-6.9266233	-3.004787
727836175	ACC	12.665211	-7.309475	-3.0670004
727836184	ACC	12.440285	-7.400402	-3.1100712
727836194	ACC	11.703296	-7.3956165	-3.3924243
727836203	ACC	10.722239	-7.242476	-3.8518462
727836213	ACC	9.726824	-7.003194	-4.3064823
727836222	ACC	8.740981	-6.7686973	-4.612764
727836232	ACC	7.975278	-6.687341	-4.7563334
727836241	ACC	7.372287	-6.6155562	-4.651049
727836251	ACC	6.826723	-6.5485573	-4.3112683
727836260	ACC	6.113662	-6.4815583	-3.827918
727836270	ACC	5.3240304	-6.409774	-3.3876386
727836279	ACC	4.5535417	-6.2901325	-3.1052856
727836289	ACC	3.8739798	-6.1561346	-2.8612177
727836298	ACC	3.3714871	-6.0508504	-2.7702904
727836308	ACC	3.0077782	-5.9790654	-2.5980072
727836317	ACC	2.6488547	-5.878567	-2.4209383
727836327	ACC	2.3425734	-5.7876396	-2.2438695
727836336	ACC	2.1655045	-5.768497	-2.0237298
727836346	ACC	2.0937197	-5.691927	-1.7844474
727836355	ACC	2.0458634	-5.581857	-1.6648064
727836365	ACC	2.103291	-5.5340004	-1.4829519
727836374	ACC	2.5387847	-5.553143	-1.3968102
727836384	ACC	3.1465619	-5.462216	-1.2053844
727836393	ACC	3.8691943	-5.4430733	-0.9421739
727836403	ACC	4.510471	-5.1702914	-1.0426725
727836412	ACC	5.0129633	-5.055436	-1.0378869
727836422	ACC	5.4388857	-4.9022956	-1.2723835
727836431	ACC	5.864808	-4.7778687	-1.2532408
727836441	ACC	6.290731	-4.6438704	-1.387239
727836450	ACC	7.372287	-4.964509	-1.3106686
727836460	ACC	7.9800634	-4.514658	-1.8658035
727836469	ACC	8.338987	-4.2945185	-2.4352953
727836479	ACC	9.171689	-4.342375	-2.3491535
727836488	ACC	9.755538	-4.2131624	-1.9423738
727836498	ACC	10.090533	-4.098307	-1.5403795
727836507	ACC	10.21496	-4.0408792	-1.3154542
727836517	ACC	10.176675	-3.9834516	-1.1958131
727836526	ACC	10.186246	-3.8446677	-1.3537394
727836536	ACC	10.492527	-3.571886	-1.5978073
727836545	ACC	11.0811615	-3.2368908	-1.9184456
727836555	ACC	12.105289	-2.8636105	-2.2582264
727836564	ACC	13.3639145	-2.4568307	-2.4209383
727836574	ACC	14.6225395	-1.9878374	-2.6075785
727836583	ACC	15.833307	-1.6576279	-3.086143
727836593	ACC	16.766508	-1.4901303	-3.799204
727836602	ACC	17.154146	-1.4039887	-4.325625
727836612	ACC	17.010576	-1.1934203	-4.531408
727836621	ACC	16.608582	-0.8392825	-4.316054
727836631	ACC	16.350157	-0.5377869	-3.9954157
727836640	ACC	16.493727	-0.15972091	-3.7274194
727836650	ACC	17.211573	0.33320054	-3.5216367
727836659	ACC	18.374485	1.0223335	-3.5886357
727836669	ACC	19.74318	1.7641085	-3.9284165
727836678	ACC	21.107088	2.3336003	-4.5744786
727836688	ACC	22.15036	2.888735	-5.36411
727836697	ACC	22.337	3.4103706	-5.9671016
727836707	ACC	22.112074	4.0564327	-6.053243
727836716	ACC	21.154945	4.310072	-6.129813
727836726	ACC	20.236101	4.362714	-6.105885
727836735	ACC	19.503897	4.41057	-5.708677
727836745	ACC	19.22633	4.2717867	-5.2492547
727836754	ACC	19.03969	4.089932	-4.785047
727836764	ACC	18.824335	3.8171504	-4.2299123
727836773	ACC	18.3362	3.6017964	-3.6604204
727836783	ACC	17.560925	3.4007993	-3.1866415
727836792	ACC	16.800007	3.2620156	-2.8516464
727836802	ACC	16.029518	3.0897322	-2.6554348
727836811	ACC	15.244673	2.9078777	-2.5262225
727836821	ACC	14.507684	2.6638098	-2.277369
727836830	ACC	14.005191	2.3431716	-2.1003
727836840	ACC	13.66541	1.9794625	-1.7844474
727836849	ACC	13.3687	1.6827525	-1.3920245
727836859	ACC	13.196417	1.3429717	-1.0474582
727836868	ACC	13.397414	1.0606186	-0.69332033
727836878	ACC	13.703695	0.82612205	-0.35353956
727836887	ACC	13.746766	0.5724828	-0.21475583
727836897	ACC	13.880764	0.20877378	-0.37746778
727836906	ACC	14.277973	-0.14057833	-0.8177471
727836916	ACC	14.77568	-0.49471608	-1.2436695
727836925	ACC	14.995819	-0.9589237	-1.736591
727836934	ACC	14.871393	-1.4039887	-2.263012
727836944	ACC	14.723038	-2.0404794	-2.3635106
727836953	ACC	14.282759	-2.4951158	-2.2821546
727836963	ACC	14.076976	-3.0263224	-2.277369
727836972	ACC	14.531611	-3.6436708	-2.4161527
727836982	ACC	14.947963	-4.222734	-2.5645077
727836991	ACC	15.321243	-4.859225	-2.641078
727837001	ACC	15.689738	-5.352146	-2.7942185
727837010	ACC	15.651453	-5.7780685	-3.0909286
727837020	ACC	15.014962	-6.1944194	-3.5072799
727837029	ACC	13.847264	-6.5485573	-3.99063
727837039	ACC	12.330215	-6.739983	-4.4117665
727837048	ACC	10.884951	-6.8835526	-4.6414776
727837058	ACC	9.549755	-6.9074807	-4.502694
727837067	ACC	8.4682	-6.7686973	-4.086343
727837077	ACC	7.645068	-6.6538415	-3.6364923
727837086	ACC	6.893722	-6.5629144	-3.2919257
727837096	ACC	6.056234	-6.433702	-3.1339993
727837105	ACC	5.1756754	-6.203991	-2.818147
727837115	ACC	4.510471	-5.959923	-2.344368
727837124	ACC	4.194618	-5.6727843	-1.8418752
727837134	ACC	3.7830527	-5.361717	-1.3968102
727837143	ACC	3.3044882	-5.155935	-1.1288141
727837153	ACC	2.845066	-5.0219364	-0.9804591
727837162	ACC	2.3712873	-4.9022956	-0.9613165
727837172	ACC	1.8257236	-4.883153	-1.090529
727837181	ACC	1.2323036	-4.7778687	-1.1766706
727837191	ACC	0.70588267	-4.529015	-0.92303133
727837200	ACC	0.9882358	-4.8209395	-0.99960166
727837210	ACC	1.1892328	-4.6151567	-1.3633107
727837219	ACC	1.3328022	-4.366303	-1.1910275
727837229	ACC	1.8113668	-4.390231	-0.80817586
727837238	ACC	2.0745773	-4.356732	-0.7076773
727837248	ACC	2.4430718	-4.4285164	-0.8991031
727837257	ACC	3.0747771	-4.538586	-1.0187442
727837267	ACC	3.8787656	-4.557729	-1.2053844
727837276	ACC	4.883751	-4.4285164	-1.4733806
727837286	ACC	5.65424	-4.1605206	-1.9423738
727837295	ACC	5.912665	-3.7298124	-2.4592235
727837305	ACC	6.108876	-3.4331024	-1.669592
727837314	ACC	6.7405815	-3.6723845	-2.4592235
727837324	ACC	6.582655	-3.0550363	-3.2536407
727837333	ACC	7.8699937	-3.0837502	-3.8901315
727837343	ACC	8.894122	-2.533401	-4.110271
727837352	ACC	9.296116	-2.0787647	-4.512265
727837362	ACC	8.822337	-2.126621	-4.028915
727837371	ACC	8.157132	-2.5812573	-2.559722
727837381	ACC	7.9274216	-3.045465	-1.8131614
727837390	ACC	8.396415	-3.461816	-1.4829519
727837400	ACC	9.430114	-3.4187453	-1.2628121
727837409	ACC	10.688739	-3.2847474	-1.6743777
727837419	ACC	12.201003	-3.3182468	-2.5070798
727837428	ACC	14.07219	-3.2033913	-3.1483564
727837438	ACC	15.785451	-3.0550363	-3.775276
727837447	ACC	17.00579	-2.8875387	-4.39741
727837457	ACC	17.661425	-2.5477579	-4.895117
727837466	ACC	17.862421	-2.1122642	-5.263612
727837476	ACC	18.020348	-1.9639091	-5.4023952
727837485	ACC	18.388842	-1.7676977	-4.7419763
727837495	ACC	18.58984	-1.2460624	-3.7704902
727837504	ACC	19.192831	-0.36550367	-2.8899314
727837514	ACC	20.283958	0.5485546	-2.4305096
727837523	ACC	21.37987	1.5583258	-2.69372
727837533	ACC	22.207787	2.4628127	-3.5168512
727837542	ACC	22.633709	3.1663027	-4.679763
727837552	ACC	23.284557	3.3338	-5.4646087
727837561	ACC	23.495125	3.9607196	-5.388038
727837571	ACC	22.963919	4.2335014	-5.2683973
727837580	ACC	22.088146	4.659424	-5.47418
727837590	ACC	21.207586	5.061418	-6.1824555
727837599	ACC	20.729023	5.319843	-7.1730843
727837609	ACC	20.221745	5.496912	-7.953144
727837618	ACC	19.795822	5.5160546	-8.259425
727837628	ACC	18.967905	5.243273	-7.8909307
727837637	ACC	17.938992	4.750351	-7.259226
727837647	ACC	16.713865	4.1904306	-6.2111692
727837656	ACC	15.359529	3.687938	-4.775476
727837666	ACC	14.024334	3.14716	-3.3110683
727837675	ACC	12.942778	2.6781666	-2.0524435
727837685	ACC	12.244074	2.3144577	-1.1048858
727837694	ACC	11.875579	2.0321047	-0.33918262
727837704	ACC	11.660225	1.7545372	0.10109676
727837713	ACC	11.511869	1.6205392	0.18723837
727837723	ACC	11.569298	1.3429717	-0.037686955
727837732	ACC	11.96172	0.95054877	-0.26261228
727837742	ACC	12.440285	0.67776704	-0.43010986
727837751	ACC	12.74178	0.3044867	-0.6023931
727837761	ACC	12.837494	-0.08793623	-0.6646065
727837770	ACC	12.77528	-0.29850462	-0.7603194
727837780	ACC	12.559926	-0.509073	-0.99003035
727837789	ACC	12.473784	-0.66699934	-1.3345969
727837799	ACC	12.760923	-0.9493524	-1.6791633
727837808	ACC	13.043276	-1.3657036	-2.1242282
727837818	ACC	13.306487	-1.8346968	-2.464009
727837827	ACC	13.215559	-2.2462623	-2.7032914
727837837	ACC	12.80878	-2.5238297	-2.8229325
727837846	ACC	12.272787	-2.9066813	-2.9808588
727837856	ACC	11.822937	-3.437888	-3.086143
727837865	ACC	11.2343025	-3.964309	-2.9569306
727837875	ACC	10.707881	-4.371089	-2.6315067
727837884	ACC	10.5690975	-4.8735814	-2.3778675
727837894	ACC	10.755738	-5.462216	-2.2534406
727837903	ACC	10.999805	-6.065207	-2.4065814
727837913	ACC	10.846665	-6.75434	-2.5310082
727837922	ACC	10.372886	-7.1419773	-2.425724
727837932	ACC	9.530613	-7.414759	-2.4687948
727837941	ACC	8.597412	-7.663613	-2.559722
727837951	ACC	7.539784	-8.012965	-2.588436
727837960	ACC	6.515656	-8.137392	-2.6650062
727837970	ACC	5.615955	-8.209176	-2.7702904
727837979	ACC	4.8358946	-8.099107	-2.641078
727837989	ACC	4.213761	-7.993822	-2.588436
727837998	ACC	3.696911	-7.8071823	-2.559722
727838008	ACC	3.1944182	-7.4769726	-2.4592235
727838017	ACC	2.8546374	-7.16112	-2.5310082
727838027	ACC	2.7589245	-6.773483	-2.6362925
727838036	ACC	2.9312077	-6.309275	-2.6602206
727838046	ACC	3.347559	-5.9120665	-2.6171498
727838055	ACC	3.9888353	-5.5579286	-2.6985056
727838065	ACC	4.558327	-5.2899327	-2.7655048
727838074	ACC	4.898108	-5.1032925	-2.69372
727838084	ACC	4.965107	-4.916652	-2.3300111
727838093	ACC	4.907679	-4.8496532	-1.899303
727838103	ACC	5.1326046	-4.9405804	-1.7844474
727838112	ACC	4.8263235	-4.5481577	-1.3824533
727838122	ACC	4.759324	-4.4189453	-0.8033902
727838131	ACC	4.8693943	-4.356732	-0.55453664
727838141	ACC	5.099105	-4.1461635	-0.60717875
727838150	ACC	5.716453	-3.9882371	-0.59282184
727838160	ACC	6.195018	-3.4570305	-0.43489552
727838169	ACC	7.338787	-3.6245282	-0.15732808
727838179	ACC	7.6067834	-2.925824	-0.70289165
727838188	ACC	7.396215	-2.71047	-1.966302
727838198	ACC	7.6594253	-2.653042	-2.5262225
727838207	ACC	7.716853	-2.3371894	-2.818147
727838217	ACC	7.515856	-2.3659034	-3.6077783
727838226	ACC	7.5349984	-2.4281168	-4.1724844
727838236	ACC	7.21436	-2.2941186	-4.272983
727838245	ACC	7.3866434	-2.4041886	-4.39741
727838255	ACC	8.415557	-2.830111	-4.249055
727838264	ACC	9.889536	-3.0263224	-3.8183467
727838274	ACC	11.416157	-3.0406795	-3.0765717
727838283	ACC	12.847065	-2.8827531	-2.2725832
727838293	ACC	14.067405	-2.571686	-1.9136599
727838302	ACC	14.569897	-2.2271197	-2.018944
727838312	ACC	14.723038	-1.9016958	-2.6027927
727838321	ACC	14.780465	-1.643271	-3.3397822
727838331	ACC	14.81875	-1.4279169	-3.7561333
727838340	ACC	15.570097	-1.2843475	-3.7034912
727838350	ACC	16.359728	-0.69571316	-3.3732817
727838359	ACC	16.953148	-0.20757736	-3.1962128
727838369	ACC	17.536997	0.093918286	-3.315854
727838378	ACC	18.312271	0.35712877	-3.382853
727838388	ACC	18.518055	0.7495517	-3.2488549
727838397	ACC	18.297915	1.0749756	-3.0287154
727838406	ACC	18.111275	1.3334004	-2.8037899
727838416	ACC	17.97249	1.649253	-2.856432
727838425	ACC	18.135202	1.9124635	-3.2584262
727838435	ACC	18.685553	2.2139592	-3.9571304
727838444	ACC	19.475183	2.6255248	-4.6893344
727838454	ACC	20.317457	2.9892337	-5.675177
727838463	ACC	20.906092	3.2093735	-6.838089
727838473	ACC	21.293728	3.4342988	-7.5176506
727838482	ACC	21.494726	3.4103706	-7.5463643
727838492	ACC	21.71008	3.3146574	-7.043872
727838501	ACC	21.66701	3.242873	-6.024529
727838511	ACC	21.049662	3.14716	-5.0626144
727838520	ACC	19.81975	2.9892337	-4.3734818
727838530	ACC	18.455841	2.8456643	-3.6747773
727838539	ACC	17.154146	2.6781666	-2.885146
727838549	ACC	16.14916	2.3670998	-2.167299
727838558	ACC	15.340386	1.9986051	-1.3106686
727838568	ACC	14.656038	1.6731812	-0.3056831
727838577	ACC	14.076976	1.3190435	0.5844469
727838587	ACC	13.569697	1.0271192	1.2113664
727838596	ACC	13.07199	0.7543373	1.5798612
727838606	ACC	12.602997	0.47198427	1.7665013
727838615	ACC	12.397214	0.23748764	1.6755741
727838625	ACC	12.363714	-0.05922236	1.4889339
727838634	ACC	12.559926	-0.35114673	1.1443675
727838644	ACC	13.249059	-0.7818548	0.651446
727838653	ACC	14.081761	-1.2221341	0.11545369
727838663	ACC	14.584254	-1.5236298	-0.6263213
727838672	ACC	14.359328	-1.6863418	-1.3489537
727838682	ACC	14.033905	-1.8586249	-1.80359
727838691	ACC	13.99562	-1.9160527	-2.114657
727838701	ACC	14.277973	-2.0117657	-2.4783661
727838710	ACC	14.914464	-2.356332	-2.8947172
727838720	ACC	15.44567	-2.858825	-3.382853
727838729	ACC	15.6466675	-3.4857445	-3.9619162
727838739	ACC	15.254245	-4.1030927	-4.2107697
727838748	ACC	14.397614	-4.552943	-4.028915
727838758	ACC	13.47877	-4.9549375	-3.827918
727838767	ACC	12.579068	-5.462216	-3.7226338
727838777	ACC	11.976077	-6.069993	-3.5647075
727838786	ACC	11.717652	-6.3810596	-3.4594233
727838796	ACC	11.387443	-6.443273	-3.39721
727838805	ACC	10.77488	-6.443273	-3.4929228
727838815	ACC	9.899107	-6.4145594	-3.6604204
727838824	ACC	8.898908	-6.2470617	-3.5790644
727838834	ACC	7.8699937	-5.998208	-3.4546378
727838843	ACC	6.936793	-5.620142	-3.4402807
727838853	ACC	6.290731	-5.2085767	-3.5120654
727838862	ACC	5.946164	-4.8975096	-3.5551362
727838872	ACC	5.6590257	-4.686941	-3.6556349
727838881	ACC	5.2809596	-4.4811587	-3.7417765
727838891	ACC	4.95075	-4.438088	-3.894917
727838900	ACC	4.6971107	-4.5912285	-3.8805602
727838910	ACC	4.429115	-4.667799	-3.6173496
727838919	ACC	4.1084766	-4.6438704	-3.1244283
727838929	ACC	3.5820556	-4.6821556	-2.5980072
727838938	ACC	2.9216363	-4.256233	-1.9232312
727838948	ACC	2.8498518	-4.639085	-1.5308083
727838957	ACC	2.5052853	-4.639085	-1.6217356
727838967	ACC	1.8065811	-4.543372	-1.3058829
727838976	ACC	1.7730815	-4.983651	-0.76510507
727838986	ACC	1.820938	-5.3856454	-0.48275197
727838995	ACC	2.0602202	-5.8211393	-0.29132617
727839005	ACC	2.5052853	-6.0460644	0.005383851
727839014	ACC	2.9647074	-5.849853	0.17766708
727839024	ACC	3.4432719	-5.500501	-0.09032906
727839033	ACC	3.9984066	-5.232505	-0.76510507
727839043	ACC	4.362116	-4.854439	-1.5164514
727839052	ACC	4.6492543	-4.5098724	-2.0715861
727839062	ACC	5.0799623	-4.356732	-2.4209383
727839071	ACC	5.639883	-4.3471603	-2.6027927
727839081	ACC	6.4151573	-4.328018	-2.8612177
727839090	ACC	7.1186476	-4.289733	-3.2009985
727839100	ACC	7.4249287	-4.2035913	-3.478566
727839109	ACC	7.6977105	-4.423731	-3.502494
727839119	ACC	8.243274	-4.663013	-2.7990043
727839128	ACC	9.272188	-4.7539406	-1.7700906
727839138	ACC	10.382458	-4.5768714	-0.99960166
727839147	ACC	11.464013	-4.4572306	-0.67417777
727839157	ACC	12.196217	-4.2801614	-0.8321041
727839166	ACC	12.559926	-3.8446677	-1.3250256
727839176	ACC	12.9236355	-3.4043884	-1.966302
727839185	ACC	13.416556	-2.9306095	-2.8947172
727839195	ACC	14.14876	-2.4424736	-3.8805602
727839204	ACC	15.201602	-2.0117657	-4.7563334
727839214	ACC	16.962719	-1.5714862	-5.88096
727839223	ACC	18.527626	-1.2412767	-6.756733
727839233	ACC	19.374685	-1.11685	-6.929016
727839242	ACC	19.642681	-1.049851	-5.986244
727839252	ACC	19.326828	-0.7962117	-4.7228336
727839261	ACC	18.613768	-0.7196414	-3.8087754
727839271	ACC	17.44607	-0.68135625	-3.3254254
727839280	ACC	16.685152	-0.47078785	-3.4977086
727839290	ACC	16.73301	0.02213361	-4.1007
727839299	ACC	17.087147	0.7543373	-5.1439705
727839309	ACC	17.915064	1.5487545	-5.95753
727839318	ACC	19.814964	2.1852453	-6.0867424
727839328	ACC	22.3035	2.8935208	-5.7948184
727839337	ACC	24.11726	3.836293	-5.785247
727839347	ACC	24.90689	4.8269215	-5.8618174
727839356	ACC	24.332613	5.7074804	-6.134599
727839366	ACC	22.322643	6.7651076	-6.407381
727839375	ACC	20.255243	7.4398837	-6.450452
727839385	ACC	18.881763	7.4733834	-6.5365934
727839394	ACC	18.111275	6.9948187	-6.129813
727839404	ACC	17.345572	6.248258	-4.7515473
727839413	ACC	15.976877	5.640481	-3.0382864
727839423	ACC	14.220545	5.1236315	-1.6121643
727839432	ACC	12.732209	4.63071	-0.5162515
727839442	ACC	11.617154	4.238287	0.13459627
727839451	ACC	10.980663	3.9750767	0.5413761
727839461	ACC	10.7126665	3.7166517	0.52223355
727839470	ACC	10.597812	3.539583	0.33080772
727839480	ACC	10.593026	3.4007993	0.024526432
727839489	ACC	10.827522	3.185445	-0.31046873
727839499	ACC	11.353944	2.9222345	-0.46839502
727839508	ACC	12.234502	2.6446671	-0.41575295
727839518	ACC	13.134204	2.405385	-0.28175488
727839527	ACC	13.813766	2.0703897	-0.20039889
727839537	ACC	14.435899	1.5966109	-0.23389842
727839546	ACC	15.105889	1.0797613	-0.19082761
727839556	ACC	15.92902	0.52941203	0.23030917
727839565	ACC	16.972292	-0.0735793	0.9720842
727839575	ACC	18.407984	-0.8153543	1.4267205
727839584	ACC	20.14996	-1.5427724	1.6372889
727839594	ACC	21.595224	-2.2127628	1.2065809
727839603	ACC	22.097717	-2.8061829	-0.12861422
727839613	ACC	22.011576	-3.4666018	-2.0955145
727839622	ACC	21.528225	-3.935595	-3.8470607
727839632	ACC	20.86302	-4.433302	-4.69412
727839641	ACC	20.216959	-4.9262238	-5.029115
727839651	ACC	19.881964	-5.328218	-5.3497534
727839660	ACC	19.010977	-5.840282	-5.708677
727839670	ACC	17.508284	-6.2901325	-5.8857455
727839679	ACC	16.158731	-6.649056	-5.5316076
727839689	ACC	14.780465	-6.902695	-5.0674
727839698	ACC	13.2203455	-7.012765	-4.555336
727839707	ACC	11.866008	-7.0893354	-4.2969112
727839717	ACC	10.655239	-7.079764	-4.0624146
727839726	ACC	9.281759	-6.9122663	-3.8853457
727839736	ACC	7.8604226	-6.6155562	-3.856632
727839745	ACC	6.5443697	-6.2518473	-3.7944186
727839755	ACC	5.4867425	-5.8546386	-3.6652062
727839764	ACC	4.625326	-5.419145	-3.3876386
727839774	ACC	3.9744785	-5.1463633	-3.114857
727839783	ACC	3.5533416	-5.165506	-3.2201412
727839793	ACC	2.3904297	-4.3040895	-2.2821546
727839802	ACC	2.644069	-5.4143596	-2.0524435
727839812	ACC	1.2514462	-4.9788656	-2.0045872
727839821	ACC	0.08853444	-5.074579	-1.1862419
727839831	ACC	-0.08853444	-5.371289	-0.1381855
727839840	ACC	-0.2656033	-5.5340004	0.2973082
727839850	ACC	-0.3469593	-5.620142	0.43130627
727839859	ACC	-0.5383851	-5.462216	0.5605187
727839869	ACC	-0.6053841	-5.428716	0.10109676
727839878	ACC	-0.2847459	-5.419145	-0.17647067
727839888	ACC	-0.040677983	-5.136792	-0.4971089
727839897	ACC	0.17467605	-4.8975096	-1.1575279
727839907	ACC	0.5288138	-4.7730827	-1.9280169
727839916	ACC	1.146162	-4.825725	-2.4783661
727839926	ACC	1.9501505	-4.8496532	-2.6506493
727839935	ACC	2.6919255	-4.9405804	-2.5788646
727839945	ACC	3.414558	-5.165506	-2.5692933
727839954	ACC	4.0271206	-5.352146	-2.4687948
727839964	ACC	4.35733	-5.261219	-1.6360924
727839973	ACC	5.5776696	-5.7541404	-1.3968102
727839983	ACC	6.606583	-5.758926	-2.4496522
727839992	ACC	7.4392858	-5.213362	-2.8947172
727840002	ACC	8.228917	-4.835296	-3.2249267
727840011	ACC	9.018549	-4.667799	-4.009773
727840021	ACC	9.032906	-4.3998027	-4.0145583
727840030	ACC	9.693324	-5.026722	-3.1483564
727840040	ACC	10.669596	-5.08415	-2.5118656
727840049	ACC	12.387643	-5.2899327	-3.114857
727840059	ACC	13.952549	-4.691727	-4.004987
727840068	ACC	15.876378	-4.4524446	-4.488337
727840078	ACC	17.345572	-4.1605206	-4.5649076
727840087	ACC	17.718851	-3.6915271	-4.5649076
727840097	ACC	17.857635	-3.5240295	-4.703691
727840106	ACC	18.216558	-3.49053	-4.9525447
727840116	ACC	18.283558	-3.437888	-5.029115
727840125	ACC	18.015562	-3.370889	-5.091328
727840135	ACC	17.383856	-3.3038898	-5.340182
727840144	ACC	16.972292	-3.1316066	-5.627321
727840154	ACC	17.474783	-2.7918258	-5.947959
727840163	ACC	18.661623	-2.1744776	-6.220741
727840173	ACC	20.571096	-1.7485552	-6.594021
727840182	ACC	22.767708	-1.0163515	-7.1682982
727840192	ACC	24.366114	0.15613168	-8.130213
727840201	ACC	24.887749	1.6875381	-8.857632
727840211	ACC	24.480968	3.0227332	-8.752347
727840220	ACC	23.179274	4.171288	-8.359924
727840230	ACC	21.901506	5.1140604	-7.8143606
727840239	ACC	21.087946	5.8271213	-7.077371
727840249	ACC	20.910877	6.291329	-6.5078793
727840258	ACC	20.93002	6.693323	-6.024529
727840268	ACC	20.394028	7.0139613	-5.852246
727840277	ACC	19.2359	6.9565334	-5.4167523
727840287	ACC	17.508284	6.6167526	-4.3878384
727840296	ACC	15.704095	6.0233326	-3.0670004
727840306	ACC	14.18226	5.449055	-1.6073786
727840315	ACC	12.7082815	5.0327044	-0.36311084
727840325	ACC	11.531013	4.616353	0.5988039
727840334	ACC	10.631311	4.2909293	1.2879368
727840344	ACC	9.946963	4.046861	1.6947167
727840353	ACC	9.540184	3.9655054	1.6660028
727840363	ACC	9.664611	3.8123646	1.2735798
727840372	ACC	10.076176	3.6017964	0.637089
727840382	ACC	10.612168	3.2763724	0.053240303
727840391	ACC	11.095519	3.132803	-0.34396824
727840401	ACC	11.387443	2.8313074	-0.82731843
727840410	ACC	11.0811615	2.6303103	-1.2293127
727840420	ACC	10.7844515	2.5345974	-1.439881
727840429	ACC	11.042876	2.3144577	-1.5451652
727840439	ACC	12.105289	2.012962	-1.5499508
727840448	ACC	13.301702	1.6109679	-1.3680964
727840458	ACC	14.22533	1.1132607	-1.3010973
727840467	ACC	15.062819	0.54376894	-1.5690935
727840477	ACC	15.751951	-0.08315059	-2.1242282
727840486	ACC	16.07259	-0.5521438	-2.8468606
727840496	ACC	16.077375	-1.0881361	-3.7322052
727840505	ACC	16.034304	-1.6049858	-4.4548373
727840515	ACC	16.230516	-2.059622	-4.775476
727840524	ACC	16.642082	-2.667399	-4.8041897
727840534	ACC	17.168503	-3.3230324	-4.5218368
727840543	ACC	17.403	-3.7920256	-4.1868415
727840553	ACC	17.441284	-4.275376	-4.0480576
727840562	ACC	17.498713	-4.447659	-3.7274194
727840572	ACC	17.307285	-4.5912285	-3.6029928
727840581	ACC	16.656439	-4.78744	-3.9714873
727840591	ACC	15.694524	-4.7826543	-4.622335
727840600	ACC	14.641682	-4.7491546	-5.1296134
727840610	ACC	13.612768	-4.720441	-5.5459647
727840619	ACC	12.516855	-4.71087	-5.866603
727840629	ACC	11.29173	-4.691727	-5.9910297
727840638	ACC	10.07139	-4.49073	-5.7804613
727840648	ACC	8.807981	-4.3184466	-5.3497534
727840657	ACC	7.6833534	-4.0648074	-4.8903313
727840667	ACC	6.7405815	-3.8398821	-4.531408
727840676	ACC	6.0897336	-3.7920256	-3.9284165
727840686	ACC	5.65424	-3.8255253	-3.0287154
727840695	ACC	5.1900325	-3.8015969	-2.129014
727840705	ACC	4.7162533	-3.8255253	-1.2532408
727840714	ACC	4.28076	-3.906881	-0.4971089
727840724	ACC	3.8739798	-3.9020956	-0.052043892
727840733	ACC	3.4097722	-3.9690945	0.005383851
727840743	ACC	2.8929226	-4.1557345	-0.32004002
727840752	ACC	2.2947168	-4.3998027	-0.7268199
727840762	ACC	1.7443677	-4.691727	-0.994816
727840771	ACC	1.2466606	-4.959723	-1.1144571
727840781	ACC	0.74416786	-5.165506	-1.1001002
727840790	ACC	0.40438703	-5.4239306	-1.0331012
727840800	ACC	0.16031912	-5.6153564	-0.9804591
727840809	ACC	0.050249275	-5.768497	-0.7268199
727840819	ACC	0.18903299	-5.816354	-0.698106
727840828	ACC	0.44745782	-5.8019967	-0.93260264
727840838	ACC	0.87338024	-5.89771	-1.2293127
727840847	ACC	1.5146568	-5.964709	-1.5786648
727840857	ACC	2.2229323	-5.998208	-1.8945173
727840866	ACC	3.0699914	-6.1322064	-2.0715861
727840876	ACC	3.993621	-6.203991	-2.1816561
727840885	ACC	4.87418	-6.1561346	-2.3108685
727840895	ACC	5.76431	-6.0747786	-2.4161527
727840904	ACC	6.582655	-5.873781	-2.574079
727840914	ACC	7.348358	-5.7924256	-2.870789
727840923	ACC	7.353144	-5.2420764	-2.196013
727840933	ACC	8.544769	-5.543572	-2.5405796
727840942	ACC	9.434899	-5.112864	-3.4307094
727840952	ACC	10.77488	-4.2610188	-3.7369907
727840961	ACC	12.129218	-3.6053855	-3.7896328
727840971	ACC	13.215559	-3.1172497	-3.9332023
727840980	ACC	12.669996	-3.016751	-3.5694933
727840990	ACC	12.856636	-3.2560334	-3.4689946
727840999	ACC	12.947563	-2.1122642	-4.545765
727841009	ACC	14.684752	-1.0067801	-6.3068824
727841018	ACC	17.608782	-0.035294134	-7.3022966
727841028	ACC	21.781864	0.22313072	-6.163313
727841037	ACC	25.462027	1.5487545	-2.8037899
727841047	ACC	26.912077	3.74058	-0.21475583
727841056	ACC	26.189444	5.2576294	-0.17168503
727841066	ACC	23.815763	6.008976	-1.4973087
727841075	ACC	21.245872	6.559325	-2.6315067
727841085	ACC	19.460827	6.841678	-3.464209
727841094	ACC	18.857836	6.8081784	-4.258626
727841104	ACC	20.461027	6.530611	-3.8374894
727841113	ACC	22.140787	6.923034	-1.8801605
727841122	ACC	22.509283	7.669595	-0.119042926
727841132	ACC	21.935005	8.401798	0.053240303
727841141	ACC	20.853449	8.636295	-1.2628121
727841151	ACC	19.278973	8.880363	-2.9760733
727841160	ACC	17.948563	8.851649	-4.033701
727841170	ACC	16.699509	8.621938	-4.3878384
727841179	ACC	15.66581	8.105088	-4.0911283
727841189	ACC	14.947963	7.3728848	-3.1196425
727841198	ACC	14.254045	6.6741805	-1.6600207
727841208	ACC	13.63191	5.9228344	-0.22911277
727841217	ACC	12.856636	5.52084	0.38823548
727841227	ACC	12.339787	5.2145586	0.61794645
727841236	ACC	12.004791	4.9609194	0.90029955
727841246	ACC	12.004791	4.70728	1.0007981
727841255	ACC	12.153146	4.334	0.5509474
727841265	ACC	12.358929	4.022933	-0.20039889
727841274	ACC	12.813565	3.7692938	-0.85124665
727841284	ACC	13.296915	3.3050864	-1.2771691
727841293	ACC	13.564912	2.85045	-1.6217356
727841303	ACC	13.770695	2.391028	-1.8275183
727841312	ACC	14.009976	1.8837496	-1.7318054
727841322	ACC	14.474184	1.4434702	-1.5499508
727841331	ACC	15.11546	1.0031909	-1.4733806
727841341	ACC	15.857236	0.42891344	-1.588236
727841350	ACC	16.512869	-0.29850462	-1.9136599
727841360	ACC	16.867006	-1.0163515	-2.4161527
727841369	ACC	17.07279	-1.5092729	-2.8947172
727841379	ACC	17.125431	-1.8251255	-3.3397822
727841388	ACC	17.173288	-2.030908	-3.8757744
727841398	ACC	17.3025	-2.0691934	-4.4596233
727841407	ACC	17.07279	-2.3084757	-4.9860444
727841417	ACC	16.421942	-2.4472594	-5.0530434
727841426	ACC	15.378671	-2.5094728	-4.69412
727841436	ACC	14.191831	-2.7343981	-4.2681975
727841445	ACC	12.918849	-3.2703903	-3.952345
727841455	ACC	11.631511	-3.9020956	-3.6556349
727841464	ACC	10.200603	-4.356732	-3.234498
727841474	ACC	8.922835	-4.423731	-2.760719
727841483	ACC	7.879565	-4.433302	-2.3778675
727841493	ACC	7.051648	-4.5098724	-2.0811574
727841502	ACC	6.262017	-4.543372	-1.9232312
727841512	ACC	5.5872407	-4.433302	-1.9806589
727841521	ACC	4.95075	-4.3328037	-2.2534406
727841531	ACC	4.213761	-4.2370906	-2.5645077
727841540	ACC	3.3667014	-4.2705903	-2.9234312
727841550	ACC	2.7589245	-4.5912285	-3.0382864
727841559	ACC	1.7874385	-4.883153	-2.966502
727841569	ACC	0.89730847	-4.97408	-2.4161527
727841578	ACC	0.87338024	-5.610571	-2.0907288
727841588	ACC	0.04546363	-5.3090754	-1.6408781
727841597	ACC	-0.19381863	-5.5675	-1.1527423
727841607	ACC	-0.552742	-5.30429	5.9820566E-4
727841616	ACC	-0.5814559	-5.2899327	0.785444
727841626	ACC	-0.48095736	-5.4430733	0.5988039
727841635	ACC	-0.27996024	-5.371289	0.091525465
727841645	ACC	0.17467605	-5.112864	-0.23868406
727841654	ACC	0.8255238	-4.9022956	-0.6789634
727841664	ACC	1.7060826	-4.7395835	-1.3250256
727841673	ACC	2.8498518	-4.4428735	-1.8418752
727841683	ACC	3.4719856	-4.0791645	-2.3252254
727841692	ACC	3.6394832	-3.8303108	-2.818147
727841702	ACC	3.3762727	-3.5814574	-3.0478578
727841711	ACC	3.2853456	-3.4139597	-3.1387851
727841721	ACC	3.711268	-3.342175	-3.1579278
727841730	ACC	4.4339004	-3.4283166	-3.3732817
727841740	ACC	5.304888	-3.586243	-3.559922
727841749	ACC	6.2380886	-3.557529	-3.5407794
727841759	ACC	7.300502	-3.2416766	-3.2201412
727841768	ACC	9.099904	-3.074179	-2.9330025
727841778	ACC	11.162518	-2.858825	-3.0717862
727841787	ACC	12.727424	-2.5860431	-3.315854
727841797	ACC	14.373686	-2.6626134	-3.7896328
727841806	ACC	14.426328	-1.9016958	-5.115257
727841816	ACC	14.809179	-1.628914	-5.7469616
727841825	ACC	14.541183	-0.7962117	-5.5507503
727841835	ACC	15.000606	-0.0735793	-5.124828
727841844	ACC	17.235502	0.4432704	-4.5744786
727841854	ACC	19.613968	1.1659029	-4.3734818
727841863	ACC	21.288942	1.7449659	-4.761119
727841873	ACC	21.446869	2.1182463	-5.4502516
727841882	ACC	20.2696	2.4628127	-5.6991053
727841892	ACC	18.719051	2.8169506	-5.6991053
727841901	ACC	16.766508	2.9365916	-5.5651073
727841911	ACC	15.402599	2.673381	-5.072186
727841920	ACC	14.900106	2.3383858	-3.9140596
727841930	ACC	14.679967	2.309672	-2.5645077
727841939	ACC	15.617953	2.3001008	-1.602593
727841949	ACC	16.536797	2.5202405	-1.5690935
727841958	ACC	15.804593	3.094518	-2.1433709
727841968	ACC	14.459827	3.5970106	-3.2153554
727841977	ACC	13.397414	4.0564327	-4.4021955
727841987	ACC	12.301501	4.415356	-5.4646087
727841996	ACC	11.535798	4.4632125	-6.2255263
727842006	ACC	11.564512	4.44407	-6.460023
727842015	ACC	11.669796	4.534997	-6.47438
727842025	ACC	11.540584	4.6211386	-6.0580287
727842034	ACC	11.55494	4.511069	-5.3306108
727842044	ACC	11.822937	4.2574296	-4.325625
727842053	ACC	12.105289	3.9415772	-3.1722846
727842063	ACC	12.29193	3.5347972	-2.0715861
727842072	ACC	12.358929	3.2237303	-1.1383854
727842082	ACC	12.18186	3.0275187	-0.5880362
727842091	ACC	12.119647	2.8743782	-0.51146585
727842101	ACC	12.244074	2.8552356	-0.8033902
727842110	ACC	12.861422	2.9365916	-1.3824533
727842120	ACC	13.875978	3.0275187	-2.0045872
727842129	ACC	15.086747	3.1567314	-2.3922246
727842139	ACC	16.211374	3.2285159	-2.5932214
727842148	ACC	17.374285	3.0897322	-2.7655048
727842158	ACC	18.671196	2.85045	-2.8468606
727842167	ACC	19.561325	2.7643085	-2.9425735
727842177	ACC	19.958534	2.7499514	-3.153142
727842186	ACC	20.34617	2.5585256	-3.3062828
727842196	ACC	20.719452	2.3144577	-3.301497
727842205	ACC	20.891735	2.1038892	-3.411567
727842215	ACC	20.810379	1.797608	-3.5934215
727842224	ACC	20.776878	1.5248263	-3.7896328
727842234	ACC	20.475384	1.0893325	-4.1294136
727842243	ACC	19.484755	0.6155536	-4.421338
727842253	ACC	18.096918	0.11784652	-4.6031923
727842262	ACC	16.718653	-0.35593235	-4.569693
727842272	ACC	15.316458	-0.79142606	-4.354339
727842281	ACC	14.053047	-1.265205	-4.0767717
727842291	ACC	12.914063	-1.8107685	-3.8997028
727842300	ACC	11.655439	-2.2319052	-3.7322052
727842310	ACC	10.573883	-2.5477579	-3.559922
727842319	ACC	9.769895	-2.9832516	-3.4450665
727842329	ACC	9.056833	-3.3373895	-3.2823544
727842338	ACC	8.343773	-3.6915271	-3.086143
727842348	ACC	7.8317084	-4.045665	-2.842075
727842357	ACC	7.405786	-4.313661	-2.5357938
727842367	ACC	6.927222	-4.5003014	-2.2821546
727842376	ACC	6.3768725	-4.572086	-2.3204398
727842386	ACC	5.9413786	-4.686941	-2.5118656
727842395	ACC	5.611169	-4.854439	-2.760719
727842405	ACC	5.3336015	-4.9932227	-2.99043
727842414	ACC	5.1661043	-5.179863	-3.181856
727842424	ACC	5.0751767	-5.476573	-3.1722846
727842433	ACC	4.855037	-5.7876396	-3.1100712
727842443	ACC	4.438686	-6.0508504	-3.114857
727842452	ACC	3.8644085	-6.1992054	-3.1100712
727842462	ACC	3.3284163	-6.366703	-3.3637104
727842471	ACC	2.8881369	-6.5629144	-3.6987057
727842481	ACC	2.4717858	-6.625128	-3.923631
727842490	ACC	1.9070797	-6.500701	-3.9954157
727842500	ACC	1.2179468	-6.256633	-4.009773
727842509	ACC	0.7680961	-5.9838514	-3.9954157
727842519	ACC	0.51445687	-5.782854	-3.9571304
727842528	ACC	0.5766702	-5.634499	-3.8374894
727842538	ACC	1.0360922	-5.5244293	-3.69392
727842547	ACC	1.6247265	-5.3760743	-3.1387851
727842557	ACC	2.1702902	-5.2420764	-2.545365
727842566	ACC	2.7972097	-5.2516475	-2.2055843
727842576	ACC	3.4337006	-5.27079	-1.9088743
727842585	ACC	3.9744785	-5.132006	-1.7605193
727842595	ACC	4.5391846	-4.9549375	-1.884946
727842604	ACC	5.17089	-4.706084	-2.129014
727842614	ACC	6.0323057	-4.5338006	-2.5357938
727842623	ACC	7.051648	-4.19402	-3.0382864
727842633	ACC	7.5828547	-3.437888	-2.99043
727842642	ACC	9.449257	-3.7393837	-3.5886357
727842652	ACC	9.707682	-2.7008986	-4.6749773
727842661	ACC	10.760524	-2.4281168	-5.7230334
727842670	ACC	11.870793	-1.8777676	-6.699305
727842680	ACC	11.186446	-0.68135625	-7.388438
727842689	ACC	10.320244	-0.36550367	-7.5463643
727842699	ACC	9.77468	-0.22671995	-6.8859453
727842708	ACC	10.171889	-0.20757736	-5.7469616
727842718	ACC	11.406586	0.04127619	-4.555336
727842727	ACC	13.177275	0.8117651	-3.612564
727842737	ACC	14.579469	1.6779668	-2.937788
727842746	ACC	15.440885	2.309672	-2.5549364
727842756	ACC	15.407385	2.8265216	-2.39701
727842765	ACC	14.569897	3.0323045	-2.4161527
727842775	ACC	13.325629	2.9796624	-2.4448664
727842784	ACC	12.023933	2.888735	-2.2438695
727842794	ACC	10.913664	2.6685956	-2.0237298
727842803	ACC	10.353744	2.1804597	-1.7892331
727842813	ACC	10.846665	1.3860425	-1.1575279
727842822	ACC	12.177074	0.6729814	0.034097724
727842832	ACC	13.421342	0.60598236	0.48873404
727842841	ACC	14.3258295	0.7926225	0.38344982
727842851	ACC	14.933606	1.2903296	0.34037903
727842860	ACC	15.225531	1.9411774	-0.05682954
727842870	ACC	15.699309	2.4005992	-1.2340983
727842879	ACC	16.536797	3.0035906	-2.492723
727842889	ACC	18.044275	3.7501514	-3.6412778
727842898	ACC	20.22653	4.2095733	-4.7132626
727842908	ACC	22.054646	4.4967117	-5.9096737
727842917	ACC	23.18406	4.9082775	-6.7184477
727842927	ACC	23.504696	5.1236315	-6.972087
727842936	ACC	23.452055	5.3342	-6.5605216
727842946	ACC	23.179274	5.4059844	-5.8953166
727842955	ACC	22.638494	5.2624154	-5.4981084
727842965	ACC	22.07379	4.936991	-5.4406805
727842974	ACC	21.437298	4.563711	-5.5986066
727842984	ACC	20.776878	4.0516467	-5.727819
727842993	ACC	19.920248	3.458227	-5.5986066
727843003	ACC	18.996618	2.8743782	-5.311468
727843012	ACC	18.144773	2.3814569	-4.8568316
727843022	ACC	17.532211	1.931606	-4.167699
727843031	ACC	17.020147	1.5104693	-3.3349965
727843041	ACC	16.608582	1.0797613	-2.6171498
727843050	ACC	16.053448	0.64905316	-2.2390838
727843060	ACC	15.426528	0.21834506	-2.2295125
727843069	ACC	14.857036	-0.19800608	-2.440081
727843079	ACC	14.163117	-0.49950173	-2.6745775
727843088	ACC	13.545769	-0.8967103	-2.7798617
727843098	ACC	13.062419	-1.4327025	-2.6554348
727843107	ACC	12.47857	-1.8681962	-2.4065814
727843117	ACC	11.880364	-2.3467607	-2.2917259
727843126	ACC	11.057234	-2.720041	-2.315654
727843136	ACC	10.4016	-3.1555347	-2.4592235
727843145	ACC	9.731609	-3.5336008	-2.8372893
727843155	ACC	8.865408	-3.8494534	-3.114857
727843164	ACC	8.051848	-4.1126637	-3.2536407
727843174	ACC	7.314859	-4.4189453	-3.3110683
727843183	ACC	7.056434	-4.8640103	-3.1196425
727843193	ACC	6.893722	-5.222934	-2.722434
727843202	ACC	6.6305118	-5.3904314	-2.5022943
727843212	ACC	6.4199433	-5.6297135	-2.6267211
727843221	ACC	6.2285175	-5.878567	-2.9473593
727843231	ACC	5.8504515	-5.797211	-3.086143
727843240	ACC	5.7834525	-5.2181478	-3.234498
727843250	ACC	6.166304	-4.395017	-4.000201
727843259	ACC	6.597012	-3.1746774	-4.9956155
727843269	ACC	7.1282187	-1.7964116	-6.244669
727843278	ACC	8.3581295	-0.657428	-7.646863
727843288	ACC	9.980463	0.07477571	-8.608778
727843297	ACC	10.47817	0.98883396	-8.603992
727843307	ACC	10.660025	1.4721842	-7.886145
727843316	ACC	9.736395	1.7401803	-7.402795
727843326	ACC	8.066205	2.4771698	-6.4217377
727843335	ACC	7.094719	3.0227332	-5.273183
727843345	ACC	6.056234	3.5300117	-3.952345
727843354	ACC	5.4723854	3.821936	-2.9617162
727843364	ACC	4.95075	3.888935	-2.1194427
727843373	ACC	4.338187	3.7166517	-1.2675978
727843383	ACC	3.792624	3.539583	-0.2865405
727843392	ACC	3.0939198	3.309872	0.77587277
727843402	ACC	2.3952155	3.4103706	2.1589243
727843411	ACC	2.1367905	3.3385859	3.9631126
727843421	ACC	2.0458634	3.44387	5.1260242
727843430	ACC	2.184647	3.5012977	5.681159
727843440	ACC	2.5148566	3.1806595	6.20758
727843449	ACC	2.8785655	2.7595227	7.1216383
727843459	ACC	3.0987053	2.6255248	8.117053
727843468	ACC	3.141776	2.8265216	8.782257
727843478	ACC	3.2709885	2.9557343	8.997611
727843487	ACC	3.3523445	2.7116663	8.743972
727843497	ACC	3.0795627	2.4915266	8.274979
727843506	ACC	2.4717858	2.4628127	7.7054873
727843516	ACC	1.8017955	2.4101706	7.437491
727843525	ACC	1.2610176	2.3048863	7.815557
727843535	ACC	0.97866446	2.14696	8.121839
727843544	ACC	0.7585248	2.0608184	8.318049
727843554	ACC	0.930808	1.9794625	8.87797
727843563	ACC	1.5433706	1.9794625	9.045467
727843573	ACC	2.2037897	2.079961	8.69133
727843582	ACC	2.7876384	2.1661026	8.241479
727843592	ACC	3.3523445	2.1278176	7.791629
727843601	ACC	3.6777685	2.3479571	7.4997044
727843611	ACC	3.35713	2.2139592	7.3896346
727843620	ACC	2.8977082	1.9507487	7.7868433
727843630	ACC	2.4191437	1.8071793	8.42812
727843639	ACC	2.199004	1.7210377	8.978469
727843649	ACC	2.3377876	1.6205392	9.461819
727843658	ACC	2.5674987	1.5487545	9.935597
727843668	ACC	2.8642087	1.4530416	10.06481
727843677	ACC	2.9455647	1.486541	9.882956
727843687	ACC	2.8402805	1.797608	9.868599
727843696	ACC	2.754139	1.783251	9.629316
727843706	ACC	2.7445676	1.7880367	9.662816
727843715	ACC	2.8642087	1.783251	9.897313
727843725	ACC	2.8977082	1.7641085	10.055239
727843734	ACC	2.9886355	1.7018951	10.270593
727843744	ACC	2.9359934	1.5870396	10.495519
727843753	ACC	2.7158537	1.3908281	10.739586
727843763	ACC	2.376073	1.204188	11.002797
727843772	ACC	1.9740787	1.1467602	11.069796
727843782	ACC	1.7826529	1.1659029	10.974083
727843791	ACC	3.0269206	1.338186	10.686944
727843801	ACC	2.7972097	1.6013966	9.945169
727843810	ACC	3.237489	1.6731812	9.787243
727843820	ACC	3.4576287	1.9698912	9.136395
727843829	ACC	3.4672	2.2666013	8.3994055
727843839	ACC	3.4049866	2.4915266	7.829914
727843848	ACC	3.3906298	2.6925237	7.6719875
727843858	ACC	3.3140593	2.6542385	7.700701
727843867	ACC	2.87378	2.4532413	7.8777704
727843877	ACC	2.2612174	2.2139592	8.026125
727843886	ACC	1.6438692	1.9220347	8.236693
727843896	ACC	1.160519	1.6444674	8.442476
727843905	ACC	0.9882358	1.5343975	8.595617
727843915	ACC	1.1940185	1.500898	8.806186
727843924	ACC	1.5194423	1.5439688	8.959326
727843934	ACC	1.8496519	1.6157535	8.997611
727843943	ACC	1.902294	1.7162521	8.973683
727843953	ACC	1.6917256	1.8502501	8.897113
727843962	ACC	1.4524434	1.9172492	8.763115
727843972	ACC	1.1700903	1.8885353	8.653045
727843981	ACC	0.9499506	1.8885353	8.7679
727843991	ACC	0.930808	1.8263218	8.98804
727844000	ACC	1.1270195	1.9555343	9.777672
727844010	ACC	1.5816557	1.6731812	10.031311
727844019	ACC	1.9884356	1.3764713	9.342177
727844029	ACC	1.969293	2.0847468	9.490533
727844038	ACC	2.5052853	2.2905295	9.949955
727844048	ACC	2.7972097	1.9938195	10.457233
