727756853	ACC	0.95473623	1.8023937	9.873384
727756872	ACC	1.1892328	1.8550358	9.58146
727756891	ACC	1.1988041	2.027319	9.193823
727756910	ACC	1.160519	2.0656042	9.131609
727756929	ACC	1.1413764	1.9986051	9.586246
727756948	ACC	1.079163	1.8981066	9.993026
727756967	ACC	1.1413764	1.8837496	9.940384
727756986	ACC	1.0887343	2.0368903	9.366106
727757005	ACC	1.0073783	2.0033908	9.184252
727757024	ACC	1.026521	2.012962	9.390035
727757043	ACC	0.96909314	1.9651057	9.54796
727757062	ACC	1.0169497	1.9172492	9.811171
727757081	ACC	1.2705889	1.8933209	9.906884
727757100	ACC	1.2610176	1.9555343	9.586246
727757119	ACC	1.2083755	1.9363917	9.356535
727757138	ACC	1.294517	1.8646071	9.485747
727757157	ACC	1.2179468	1.8646071	9.567103
727757176	ACC	1.079163	1.797608	9.466604
727757195	ACC	0.9595219	1.8454645	9.39482
727757214	ACC	1.026521	1.8406788	9.342177
727757233	ACC	1.1030912	1.9507487	9.212965
727757252	ACC	1.0695918	2.0656042	8.997611
727757271	ACC	0.8781659	2.1421745	9.02154
727757290	ACC	0.8781659	2.1278176	9.222537
727757309	ACC	0.8877372	2.1038892	9.409177
727757328	ACC	0.78723866	2.0751755	9.5048895
727757347	ACC	0.8207382	2.0464616	9.514461
727757366	ACC	0.96909314	2.0895324	9.485747
727757385	ACC	0.9451649	2.1421745	9.308679
727757404	ACC	0.83988076	2.1708884	9.198608
727757423	ACC	0.701097	2.2474587	9.112467
727757442	ACC	0.6580262	2.242673	9.09811
727757461	ACC	0.72502524	2.2235305	9.342177
727757480	ACC	0.8877372	2.175674	9.600603
727757499	ACC	0.9834501	2.1421745	9.796814
727757518	ACC	1.0504491	2.0703897	9.945169
727757537	ACC	1.1270195	2.1182463	9.863813
727757556	ACC	1.2705889	2.1852453	9.677173
727757575	ACC	1.4380864	2.1948166	9.61496
727757594	ACC	1.5577276	2.1278176	9.701101
727757613	ACC	1.6534405	2.0608184	9.705887
727757632	ACC	1.5290136	2.14696	9.480962
727757651	ACC	1.3950156	2.1230319	9.356535
727757670	ACC	1.2705889	2.0608184	9.500104
727757689	ACC	1.2562319	1.945963	9.662816
727757708	ACC	1.3950156	1.8933209	9.677173
727757727	ACC	1.4045869	1.9028922	9.533604
727757746	ACC	1.2370893	1.9938195	9.212965
727757765	ACC	1.2849457	2.0656042	9.026325
727757784	ACC	1.3567305	2.0656042	9.189037
727757803	ACC	1.3040884	2.0033908	9.461819
727757822	ACC	1.2323036	1.9842482	9.571889
727757841	ACC	1.1030912	2.0464616	9.457033
727757860	ACC	1.0408778	2.108675	9.308679
727757879	ACC	1.0935199	2.1326032	9.39482
727757898	ACC	1.146162	2.1230319	9.543175
727757917	ACC	1.3136597	2.079961	9.619745
727757936	ACC	1.5433706	2.079961	9.638887
727757955	ACC	1.3806586	2.1565313	9.466604
727757974	ACC	1.3471591	2.228316	9.342177
727757993	ACC	1.442872	2.2666013	9.241679
727758012	ACC	1.4476577	2.352743	9.002397
727758031	ACC	1.3998013	2.3862424	8.916255
727758050	ACC	1.3471591	2.3718855	9.011969
727758069	ACC	1.3471591	2.352743	9.265608
727758088	ACC	1.5098711	2.2618155	9.591031
727758107	ACC	1.524228	2.2091734	9.648459
727758126	ACC	1.5098711	2.2331018	9.461819
727758145	ACC	1.4141582	2.2666013	9.375677
727758164	ACC	1.4141582	2.2474587	9.452248
727758183	ACC	1.3519448	2.2187448	9.648459
727758202	ACC	1.294517	2.1230319	9.921241
727758221	ACC	1.3663018	2.0512471	10.069596
727758240	ACC	1.4093726	2.0033908	10.079167
727758259	ACC	1.3328022	2.0225334	9.969097
727758278	ACC	1.227518	2.0847468	9.753743
727758297	ACC	1.1222339	2.1517458	9.538389
727758316	ACC	1.0217353	2.2091734	9.332606
727758335	ACC	0.97866446	2.2474587	9.28475
727758354	ACC	0.9451649	2.175674	9.452248
727758373	ACC	1.0935199	2.1038892	9.667602
727758392	ACC	1.1892328	2.108675	9.696316
727758411	ACC	1.3806586	2.1421745	9.567103
727758430	ACC	1.5194423	2.1326032	9.457033
727758449	ACC	1.6007984	2.1182463	9.447462
727758468	ACC	1.6151553	2.079961	9.423533
727758487	ACC	1.4620147	2.094318	9.323035
727758506	ACC	1.2993027	2.1230319	9.189037
727758525	ACC	1.2418749	2.1804597	9.126823
727758544	ACC	1.2227324	2.2474587	9.093325
727758563	ACC	1.2993027	2.228316	9.236894
727758582	ACC	1.4524434	2.2235305	9.380463
727758601	ACC	1.3710874	2.3048863	9.270393
727758620	ACC	1.3136597	2.352743	9.131609
727758639	ACC	1.3615161	2.4149563	9.160323
727758658	ACC	1.4476577	2.391028	9.25125
727758677	ACC	1.4715859	2.3814569	9.356535
727758696	ACC	1.4620147	2.3623142	9.461819
727758715	ACC	1.3854443	2.376671	9.490533
727758734	ACC	1.2562319	2.4005992	9.423533
727758753	ACC	1.2083755	2.4149563	9.418748
727758772	ACC	1.3615161	2.391028	9.519247
727758791	ACC	1.3615161	2.3814569	9.567103
727758810	ACC	1.3328022	2.3575284	9.528818
727758829	ACC	1.3710874	2.3288147	9.528818
727758848	ACC	1.294517	2.3383858	9.495318
727758867	ACC	1.2610176	2.3575284	9.385248
727758886	ACC	1.2610176	2.3718855	9.28475
727758905	ACC	1.3184453	2.3431716	9.270393
727758924	ACC	1.3615161	2.3192434	9.390035
727758943	ACC	1.3375878	2.3144577	9.3613205
727758962	ACC	1.3615161	2.3575284	9.236894
727758981	ACC	1.3136597	2.3383858	9.260822
727759000	ACC	1.2897314	2.3431716	9.346964
727759019	ACC	1.375873	2.3623142	9.3613205
727759038	ACC	1.4141582	2.4005992	9.308679
727759057	ACC	1.39023	2.4532413	9.25125
727759076	ACC	1.4285151	2.4484558	9.28475
727759095	ACC	1.3806586	2.4484558	9.351749
727759114	ACC	1.375873	2.4340987	9.413962
727759133	ACC	1.3040884	2.472384	9.370892
727759152	ACC	1.3519448	2.4963121	9.332606
727759171	ACC	1.457229	2.5154548	9.370892
727759190	ACC	1.4668003	2.5202405	9.409177
727759209	ACC	1.5864414	2.4963121	9.509675
727759228	ACC	1.7156538	2.4628127	9.610174
727759247	ACC	1.5720844	2.44367	9.514461
727759266	ACC	1.3423735	2.4340987	9.385248
727759285	ACC	1.3040884	2.4005992	9.337392
727759304	ACC	1.3184453	2.391028	9.303893
727759323	ACC	1.3375878	2.4101706	9.222537
727759342	ACC	1.3806586	2.3862424	9.203394
727759361	ACC	1.4189439	2.3718855	9.303893
727759380	ACC	1.3998013	2.3431716	9.39482
727759399	ACC	1.3567305	2.3336003	9.413962
727759418	ACC	1.3423735	2.3479571	9.366106
727759437	ACC	1.39023	2.3575284	9.399606
727759456	ACC	1.3950156	2.3383858	9.452248
727759475	ACC	1.2897314	2.3336003	9.433105
727759494	ACC	1.2418749	2.3288147	9.437891
727759513	ACC	1.2993027	2.3336003	9.442677
727759532	ACC	1.2466606	2.3718855	9.375677
727759551	ACC	1.2849457	2.3718855	9.39482
727759570	ACC	1.3136597	2.3431716	9.480962
727759589	ACC	1.2562319	2.3288147	9.5048895
727759608	ACC	1.2801601	2.3288147	9.5048895
727759627	ACC	1.2083755	2.3383858	9.380463
727759646	ACC	1.227518	2.309672	9.409177
727759665	ACC	1.2131611	2.3048863	9.433105
727759684	ACC	1.1700903	2.3383858	9.313464
727759703	ACC	1.2083755	2.3670998	9.31825
727759722	ACC	1.2323036	2.3431716	9.385248
727759741	ACC	1.1844472	2.3336003	9.399606
727759760	ACC	1.2801601	2.2666013	9.514461
727759779	ACC	1.2370893	2.2618155	9.619745
727759798	ACC	1.1365907	2.309672	9.485747
727759817	ACC	1.2705889	2.3479571	9.342177
727759836	ACC	1.4045869	2.3670998	9.31825
727759855	ACC	1.4189439	2.3623142	9.385248
727759874	ACC	1.4045869	2.324029	9.452248
727759893	ACC	1.3136597	2.3192434	9.495318
727759912	ACC	1.2849457	2.3192434	9.447462
727759931	ACC	1.3471591	2.3383858	9.3613205
727759950	ACC	1.375873	2.3718855	9.275179
727759969	ACC	1.308874	2.3575284	9.299107
727759988	ACC	1.3184453	2.3192434	9.437891
727760007	ACC	1.3280165	2.2905295	9.476176
727760026	ACC	1.2418749	2.3336003	9.370892
727760045	ACC	1.1653047	2.3336003	9.28475
727760064	ACC	1.2801601	2.3383858	9.299107
727760083	ACC	1.3998013	2.3336003	9.236894
727760102	ACC	1.3328022	2.3144577	9.279964
727760121	ACC	1.2514462	2.324029	9.342177
727760140	ACC	1.2323036	2.3383858	9.351749
727760159	ACC	1.3375878	2.324029	9.375677
727760178	ACC	1.39023	2.3479571	9.323035
727760197	ACC	1.3854443	2.3862424	9.236894
727760216	ACC	1.3375878	2.391028	9.299107
727760235	ACC	1.3280165	2.405385	9.385248
727760254	ACC	1.3328022	2.391028	9.390035
727760273	ACC	1.2658032	2.3958137	9.433105
727760292	ACC	1.3280165	2.3431716	9.61496
727760311	ACC	1.375873	2.3192434	9.734601
727760330	ACC	1.3950156	2.352743	9.619745
727760349	ACC	1.4380864	2.4005992	9.533604
727760368	ACC	1.4141582	2.3958137	9.576674
727760387	ACC	1.3423735	2.352743	9.696316
727760406	ACC	1.2370893	2.309672	9.758529
727760425	ACC	1.2418749	2.2666013	9.815957
727760444	ACC	1.2179468	2.2713869	9.806385
727760463	ACC	1.2035898	2.2905295	9.643674
727760482	ACC	1.1940185	2.3336003	9.495318
727760501	ACC	1.227518	2.3862424	9.390035
727760520	ACC	1.3280165	2.4197419	9.313464
727760539	ACC	1.2993027	2.4245276	9.332606
727760558	ACC	1.2753744	2.3958137	9.370892
727760577	ACC	1.2418749	2.391028	9.337392
727760596	ACC	1.1270195	2.4245276	9.189037
727760615	ACC	1.1222339	2.4149563	9.155538
727760634	ACC	1.2227324	2.3575284	9.308679
727760653	ACC	1.2083755	2.3048863	9.485747
727760672	ACC	1.0887343	2.3001008	9.457033
727760691	ACC	1.0456635	2.3336003	9.351749
727760710	ACC	1.1126626	2.3479571	9.313464
727760729	ACC	1.2227324	2.4005992	9.327821
727760748	ACC	1.2131611	2.4484558	9.165109
727760767	ACC	1.2466606	2.472384	9.069396
727760786	ACC	1.2753744	2.4915266	9.193823
727760805	ACC	1.2418749	2.4915266	9.3613205
727760824	ACC	1.2418749	2.4867408	9.461819
727760843	ACC	1.3280165	2.4867408	9.54796
727760862	ACC	1.4620147	2.501098	9.600603
727760881	ACC	1.4524434	2.5585256	9.533604
727760900	ACC	1.5290136	2.5680969	9.366106
727760919	ACC	1.5816557	2.5872395	9.370892
727760938	ACC	1.5625132	2.5585256	9.39482
727760957	ACC	1.4476577	2.5489542	9.3613205
727760976	ACC	1.5002998	2.5824537	9.308679
727760995	ACC	1.5194423	2.6063821	9.256036
727761014	ACC	1.5002998	2.5585256	9.260822
727761033	ACC	1.5194423	2.5585256	9.308679
727761052	ACC	1.5625132	2.5680969	9.2895355
727761071	ACC	1.3998013	2.6063821	9.141181
727761090	ACC	1.3854443	2.6111677	9.145967
727761109	ACC	1.457229	2.5968108	9.2177515
727761128	ACC	1.5146568	2.6063821	9.279964
727761147	ACC	1.538585	2.6063821	9.303893
727761166	ACC	1.5337993	2.5824537	9.342177
727761185	ACC	1.5529419	2.5633113	9.366106
727761204	ACC	1.524228	2.55374	9.28475
727761223	ACC	1.442872	2.5728827	9.122038
727761242	ACC	1.4811572	2.5585256	9.074182
727761261	ACC	1.39023	2.5776682	8.978469
727761280	ACC	1.1318051	2.6590242	8.787043
727761299	ACC	1.0360922	2.6973093	8.825328
727761318	ACC	1.1892328	2.6542385	9.088538
727761337	ACC	1.2083755	2.6829524	9.208179
727761356	ACC	1.1413764	2.6925237	9.265608
727761375	ACC	1.227518	2.702095	9.500104
727761393	ACC	1.3423735	2.673381	9.739387
727761412	ACC	1.3232309	2.6590242	9.7681
727761431	ACC	1.4093726	2.6398816	9.696316
727761450	ACC	1.4285151	2.673381	9.58146
727761469	ACC	1.2323036	2.673381	9.524033
727761488	ACC	1.1653047	2.6446671	9.619745
727761507	ACC	1.1796615	2.6159534	9.643674
727761526	ACC	1.3136597	2.5968108	9.567103
727761545	ACC	1.3663018	2.620739	9.346964
727761564	ACC	1.375873	2.6159534	9.09811
727761583	ACC	1.4141582	2.6063821	9.026325
727761602	ACC	1.3567305	2.6303103	8.949755
727761621	ACC	1.3423735	2.620739	8.906684
727761640	ACC	1.308874	2.5585256	9.040682
727761659	ACC	1.1700903	2.4484558	9.189037
727761678	ACC	1.1509477	2.4197419	9.25125
727761697	ACC	1.2514462	2.4245276	9.2177515
727761716	ACC	1.2801601	2.4915266	9.074182
727761735	ACC	1.3423735	2.539383	9.002397
727761754	ACC	1.4333007	2.5489542	9.145967
727761773	ACC	1.4859428	2.5154548	9.423533
727761792	ACC	1.5146568	2.4628127	9.677173
727761811	ACC	1.5290136	2.4628127	9.839885
727761830	ACC	1.5768701	2.4675984	9.748958
727761849	ACC	1.6342978	2.4915266	9.61496
727761868	ACC	1.6534405	2.5298119	9.399606
727761887	ACC	1.6582261	2.5633113	9.203394
727761906	ACC	1.5720844	2.6063821	9.040682
727761925	ACC	1.4859428	2.6350958	8.9210415
727761944	ACC	1.5433706	2.6446671	8.930613
727761963	ACC	1.524228	2.649453	9.035896
727761982	ACC	1.5146568	2.5968108	9.212965
727762001	ACC	1.5768701	2.539383	9.370892
727762020	ACC	1.6582261	2.525026	9.452248
727762039	ACC	1.6438692	2.5345974	9.461819
727762058	ACC	1.5194423	2.5489542	9.538389
727762077	ACC	1.5146568	2.4867408	9.696316
727762096	ACC	1.5146568	2.4388845	9.830314
727762115	ACC	1.4668003	2.44367	9.710672
727762134	ACC	1.5864414	2.4915266	9.423533
727762153	ACC	1.6390835	2.539383	9.122038
727762172	ACC	1.5050855	2.5298119	8.973683
727762191	ACC	1.4045869	2.4819553	9.026325
727762210	ACC	1.3615161	2.4532413	9.222537
727762229	ACC	1.2993027	2.4628127	9.366106
727762248	ACC	1.3710874	2.44367	9.442677
727762267	ACC	1.4715859	2.4149563	9.538389
727762286	ACC	1.6486548	2.3862424	9.672387
727762305	ACC	1.6677973	2.391028	9.662816
727762324	ACC	1.5816557	2.4245276	9.457033
727762343	ACC	1.524228	2.4340987	9.294321
727762362	ACC	1.4620147	2.4245276	9.165109
727762381	ACC	1.5050855	2.405385	9.059825
727762400	ACC	1.4763715	2.4340987	9.026325
727762419	ACC	1.4763715	2.4580271	8.959326
727762438	ACC	1.5577276	2.4580271	9.016754
727762457	ACC	1.6247265	2.4293132	9.179466
727762476	ACC	1.6821543	2.4005992	9.409177
727762495	ACC	1.672583	2.3814569	9.552746
727762514	ACC	1.6438692	2.4005992	9.600603
727762533	ACC	1.7108682	2.4293132	9.557532
727762552	ACC	1.7826529	2.4915266	9.447462
727762571	ACC	1.8448663	2.525026	9.39482
727762590	ACC	1.8257236	2.5345974	9.399606
727762609	ACC	1.7587247	2.5680969	9.351749
727762628	ACC	1.6677973	2.6255248	9.275179
727762647	ACC	1.6630118	2.6398816	9.308679
727762666	ACC	1.6917256	2.5872395	9.533604
727762685	ACC	1.7252251	2.4340987	9.792028
727762704	ACC	1.7587247	2.3192434	9.744172
727762723	ACC	1.7108682	2.3431716	9.447462
727762742	ACC	1.5098711	2.4340987	9.026325
727762761	ACC	1.2849457	2.4580271	8.806186
727762780	ACC	1.1892328	2.4149563	9.040682
727762799	ACC	1.1126626	2.3670998	9.25125
727762818	ACC	0.9403793	2.295315	9.413962
727762837	ACC	0.8111669	2.2713869	9.557532
727762856	ACC	0.9068798	2.1996021	9.753743
727762875	ACC	1.4668003	2.027319	10.103095
727762894	ACC	1.6295122	1.9890338	10.122238
727762913	ACC	1.4380864	2.056033	9.8015995
727762932	ACC	1.3710874	2.0895324	9.638887
727762951	ACC	1.2753744	2.094318	9.648459
727762970	ACC	1.1844472	2.0321047	9.739387
727762989	ACC	1.2897314	1.9220347	9.940384
727763008	ACC	1.4141582	1.8981066	9.930812
727763027	ACC	1.3710874	1.9842482	9.720243
727763046	ACC	1.227518	2.056033	9.490533
727763065	ACC	1.3328022	2.094318	9.366106
727763084	ACC	1.5337993	2.108675	9.31825
727763103	ACC	1.5960127	2.137389	9.25125
727763122	ACC	1.6151553	2.161317	9.122038
727763141	ACC	1.6103697	2.2474587	9.011969
727763160	ACC	1.538585	2.3001008	8.944969
727763179	ACC	1.5768701	2.3383858	8.868399
727763198	ACC	1.7060826	2.324029	8.959326
727763217	ACC	1.7156538	2.3575284	9.026325
727763236	ACC	1.6199409	2.391028	9.011969
727763255	ACC	1.6821543	2.3670998	9.145967
727763274	ACC	1.7252251	2.3862424	9.28475
727763293	ACC	1.5768701	2.3623142	9.332606
727763312	ACC	1.5960127	2.3288147	9.423533
727763331	ACC	1.6342978	2.3479571	9.476176
727763350	ACC	1.5625132	2.405385	9.366106
727763369	ACC	1.5002998	2.4197419	9.313464
727763388	ACC	1.4955142	2.4197419	9.399606
727763407	ACC	1.4524434	2.4915266	9.892527
727763426	ACC	1.5146568	2.228316	8.720044
727763445	ACC	1.3854443	2.7116663	8.50469
727763464	ACC	1.7970098	2.5441687	8.95454
727763483	ACC	1.6917256	2.4675984	9.236894
727763502	ACC	1.5146568	2.3862424	9.744172
727763521	ACC	1.4333007	2.2761726	9.983455
727763540	ACC	1.4476577	2.3144577	9.859028
727763559	ACC	1.6151553	2.3623142	9.442677
727763578	ACC	1.7156538	2.44367	9.035896
727763597	ACC	1.5960127	2.5106692	8.734401
727763616	ACC	1.4380864	2.4819553	8.906684
727763635	ACC	1.4620147	2.3718855	9.260822
727763654	ACC	1.5720844	2.3288147	9.327821
727763673	ACC	1.5864414	2.3192434	9.294321
727763692	ACC	1.5098711	2.3288147	9.189037
727763711	ACC	1.5098711	2.3479571	9.078967
727763730	ACC	1.4141582	2.391028	9.141181
727763749	ACC	1.2227324	2.4388845	9.28475
727763768	ACC	1.1557333	2.4005992	9.591031
727763787	ACC	1.308874	2.3431716	9.997811
727763806	ACC	1.4045869	2.2713869	10.194023
727763825	ACC	1.5002998	2.2378874	10.194023
727763844	ACC	1.6151553	2.2905295	10.007382
727763863	ACC	1.5337993	2.3431716	9.705887
727763882	ACC	1.3136597	2.3670998	9.476176
727763901	ACC	1.308874	2.3431716	9.452248
727763920	ACC	1.3950156	2.309672	9.457033
727763939	ACC	1.2849457	2.352743	9.28475
727763958	ACC	1.2562319	2.376671	9.145967
727763977	ACC	1.3471591	2.3814569	9.260822
727764165	ACC	2.1655045	2.8600214	7.9447694
727764174	ACC	2.2707887	2.917449	7.9304123
727764184	ACC	2.1894326	2.984448	7.963912
727764193	ACC	2.2755744	3.0562327	8.212766
727764203	ACC	2.376073	3.0610185	8.514261
727764212	ACC	2.3904297	3.0466614	8.858828
727764222	ACC	2.3377876	3.0562327	9.131609
727764231	ACC	2.510071	2.9796624	9.672387
727764241	ACC	2.4622145	2.8600214	10.0983095
727764250	ACC	2.361716	2.8073792	10.14138
727764260	ACC	2.2755744	2.6303103	10.093524
727764269	ACC	2.3282163	2.3431716	9.835099
727764279	ACC	2.6392834	1.8215362	9.677173
727764288	ACC	2.5052853	1.1371889	9.189037
727764298	ACC	2.3808584	0.9936196	9.107681
727764307	ACC	1.6247265	0.58683974	8.2558365
727764317	ACC	1.524228	-0.15972091	7.1694946
727764326	ACC	0.7106683	-0.8679964	5.6093745
727764336	ACC	0.87338024	-1.3704891	4.738387
727764345	ACC	0.72023964	-1.8825532	3.3792639
727764355	ACC	0.50009996	-2.207977	1.1922239
727764364	ACC	0.64845496	-2.4185455	-0.70289165
727764374	ACC	0.7298109	-2.7726831	-2.1433709
727764383	ACC	0.7920243	-2.7822545	-3.057429
727764393	ACC	1.1174482	-2.4951158	-3.4689946
727764402	ACC	2.0697916	-2.7870402	-3.7322052
727764412	ACC	3.2087753	-3.2368908	-4.009773
727764421	ACC	4.2999024	-3.409174	-4.0767717
727764431	ACC	5.328816	-3.370889	-3.9954157
727764440	ACC	6.381658	-3.3852458	-3.9044883
727764450	ACC	7.5828547	-3.5096726	-4.0145583
727764459	ACC	8.827123	-3.6005998	-4.0672
727764469	ACC	9.750752	-3.638885	-4.182056
727764478	ACC	10.281959	-3.6580276	-4.17727
727764488	ACC	10.013963	-3.6771703	-3.99063
727764497	ACC	9.583255	-3.8303108	-3.5886357
727764507	ACC	9.233903	-4.1174498	-2.99043
727764516	ACC	9.128618	-4.6007996	-2.39701
727764526	ACC	9.817751	-4.883153	-1.5595222
727764535	ACC	10.827522	-5.0506506	-0.5593223
727764545	ACC	12.382857	-5.098507	0.24945176
727764554	ACC	14.000405	-4.8735814	0.98644114
727764564	ACC	15.225531	-4.4859443	1.5702899
727764573	ACC	16.08216	-4.026522	1.2544373
727764583	ACC	16.488941	-3.6867416	0.57487565
727764592	ACC	16.374084	-3.5431721	-0.22911277
727764602	ACC	16.201801	-3.5479577	-1.0666007
727764611	ACC	16.536797	-3.4331024	-1.9806589
727764621	ACC	16.800007	-3.3326037	-2.5645077
727764630	ACC	16.766508	-3.016751	-2.8133612
727764640	ACC	16.99622	-2.5573292	-2.937788
727764649	ACC	17.264215	-2.1505494	-2.9282167
727764659	ACC	18.216558	-1.939981	-3.004787
727764668	ACC	19.269402	-1.7054844	-3.0430722
727764678	ACC	19.609182	-1.3082758	-3.057429
727764687	ACC	19.451256	-0.63828546	-2.99043
727764697	ACC	18.915262	0.14177474	-2.8325038
727764706	ACC	18.034704	0.8739785	-2.5788646
727764716	ACC	17.316858	1.4769697	-2.1529422
727764725	ACC	16.85265	2.0847468	-1.4590236
727764735	ACC	16.670795	2.6685956	-0.7890333
727764744	ACC	16.699509	3.1998022	-0.27218357
727764754	ACC	17.06322	3.6687953	-0.08075777
727764763	ACC	17.431713	4.276572	-0.0951147
727764773	ACC	17.661425	4.788636	-0.33439696
727764782	ACC	17.771494	5.0901318	-0.61675006
727764792	ACC	17.85285	5.22413	-0.779462
727764801	ACC	17.675781	5.3007	-0.67417777
727764811	ACC	17.273787	5.319843	-0.2961118
727764820	ACC	16.532011	5.382056	0.1585245
727764830	ACC	15.804593	5.3007	0.42652065
727764839	ACC	15.3356	5.0997033	0.58923256
727764849	ACC	15.096318	4.7982078	0.57487565
727764858	ACC	14.928821	4.429713	0.48873404
727764868	ACC	14.828321	4.0851464	0.40737805
727764877	ACC	14.904892	3.7884364	0.3595216
727764887	ACC	15.153746	3.5060835	0.31166515
727764896	ACC	15.460027	3.242873	0.1058824
727764906	ACC	15.876378	2.9222345	-0.07597212
727764915	ACC	16.345371	2.501098	-0.25782663
727764925	ACC	16.814365	2.0512471	-0.40618163
727764934	ACC	17.14936	1.5104693	-0.631107
727764944	ACC	17.245073	0.9409775	-1.1288141
727764953	ACC	17.575283	0.2853441	-1.5834504
727764963	ACC	17.838493	-0.35114673	-2.0620148
727764972	ACC	18.163918	-0.9828519	-2.559722
727764982	ACC	18.3362	-1.7054844	-2.885146
727764991	ACC	18.393627	-2.4855444	-3.1435707
727765001	ACC	18.360128	-3.1316066	-3.2919257
727765010	ACC	18.374485	-3.7154553	-3.2488549
727765020	ACC	18.441484	-4.2131624	-3.114857
727765029	ACC	18.293129	-4.840082	-3.181856
727765039	ACC	17.943777	-5.4957156	-3.4307094
727765048	ACC	17.3025	-6.0077796	-3.5790644
727765058	ACC	16.307087	-6.390631	-3.6077783
727765067	ACC	15.230316	-6.6538415	-3.5168512
727765077	ACC	14.215759	-6.8835526	-3.330211
727765086	ACC	13.201202	-7.0749784	-3.2297122
727765096	ACC	12.1148615	-7.2472615	-3.1627133
727765105	ACC	10.904093	-6.8452673	-2.9138598
727765115	ACC	9.559326	-7.3142605	-2.7511477
727765124	ACC	8.583055	-7.9363947	-2.8468606
727765134	ACC	7.271788	-7.630113	-2.9569306
727765143	ACC	5.788238	-7.3573313	-2.8133612
727765153	ACC	4.668397	-7.4530444	-2.5166512
727765162	ACC	3.6011982	-7.5200434	-2.0524435
727765172	ACC	2.4717858	-7.467401	-1.5978073
727765181	ACC	1.5050855	-7.553543	-1.0809577
727765191	ACC	0.7680961	-7.6492558	-0.46839502
727765200	ACC	-0.0741775	-7.582257	-0.018544376
727765210	ACC	-0.92602235	-7.481758	0.40259242
727765219	ACC	-1.3854443	-7.4195447	0.28295127
727765229	ACC	-1.6534405	-7.5104723	-0.018544376
727765238	ACC	-2.0889342	-7.5009007	-0.36789647
727765248	ACC	-2.5914268	-7.333403	-0.7316055
727765257	ACC	-2.5579274	-7.0989065	-0.98524475
727765267	ACC	-2.1750758	-6.7926254	-1.0426725
727765276	ACC	-1.8161523	-6.376274	-1.1958131
727765286	ACC	-1.3998013	-5.988637	-1.4781662
727765295	ACC	-0.66759753	-5.7780685	-1.8227327
727765305	ACC	0.59581286	-5.691927	-2.2295125
727765314	ACC	2.2229323	-5.67757	-2.521437
727765324	ACC	4.007978	-5.6823554	-2.6602206
727765333	ACC	5.2953167	-5.433502	-2.6985056
727765343	ACC	7.257431	-6.146563	-2.7846475
727765352	ACC	7.487142	-5.2181478	-2.9234312
727765362	ACC	9.363115	-5.959923	-4.1437707
727765371	ACC	10.234102	-5.299504	-4.9860444
727765381	ACC	10.966306	-4.935795	-5.321039
727765390	ACC	11.224731	-4.557729	-5.4406805
727765400	ACC	11.511869	-4.667799	-5.096114
727765409	ACC	12.248859	-4.720441	-4.531408
727765419	ACC	13.4022	-4.8305106	-4.1198425
727765428	ACC	14.857036	-4.950152	-4.215555
727765437	ACC	16.804794	-4.7730827	-4.5744786
727765447	ACC	18.498913	-4.371089	-4.9525447
727765456	ACC	19.164116	-3.8781674	-5.057829
727765466	ACC	18.85305	-3.4474592	-4.818547
727765475	ACC	17.92942	-3.0311081	-4.5409794
727765485	ACC	17.240288	-2.614757	-4.3878384
727765494	ACC	17.718851	-2.7008986	-4.3926244
727765504	ACC	18.608982	-2.653042	-4.5649076
727765513	ACC	18.546768	-2.3515465	-4.69412
727765523	ACC	17.958134	-2.126621	-4.651049
727765532	ACC	17.18286	-2.0021944	-4.0528436
727765542	ACC	16.417156	-1.8155541	-2.818147
727765551	ACC	15.838093	-1.6528423	-1.2005987
727765561	ACC	15.579668	-1.5427724	0.28295127
727765570	ACC	15.613168	-1.3657036	1.2640085
727765580	ACC	16.125233	-1.1694921	1.6325033
727765589	ACC	16.393229	-0.7052845	1.4985052
727765599	ACC	15.823736	-0.030508488	0.8668
727765608	ACC	14.804394	0.5198407	0.04366901
727765618	ACC	13.785051	0.8644072	-0.4779663
727765627	ACC	12.952349	1.1228321	-0.33439696
727765637	ACC	12.44507	1.2711871	0.17766708
727765646	ACC	12.378072	1.204188	0.78065836
727765656	ACC	12.47857	1.1419746	1.2161521
727765665	ACC	12.602997	1.2520444	1.6516458
727765675	ACC	12.397214	1.3860425	1.933999
727765684	ACC	12.067004	1.4961123	2.0201404
727765694	ACC	11.985648	1.4961123	1.905285
727765703	ACC	12.067004	1.5343975	1.7665013
727765713	ACC	12.177074	1.6157535	1.6372889
727765722	ACC	12.306287	1.6971095	1.4075779
727765732	ACC	12.416357	1.7066808	1.082154
727765741	ACC	12.5551405	1.6396817	0.71365935
727765751	ACC	12.751352	1.4530416	0.49351966
727765760	ACC	12.784851	1.3142579	0.46959144
727765770	ACC	12.679567	1.1515459	0.637089
727765779	ACC	12.660424	0.9936196	0.85244304
727765789	ACC	12.837494	0.7926225	1.0438689
727765798	ACC	13.234702	0.5820541	1.082154
727765808	ACC	13.770695	0.4336991	0.933799
727765817	ACC	14.29233	0.25184458	0.72323066
727765827	ACC	14.7661085	0.07477571	0.40737805
727765836	ACC	15.187245	-0.1692922	0.010169496
727765846	ACC	15.560526	-0.45164528	-0.3822534
727765855	ACC	15.771094	-0.7962117	-0.8129615
727765865	ACC	16.130018	-1.2412767	-1.1431711
727765874	ACC	16.70908	-1.8442681	-1.3298112
727765884	ACC	17.096718	-2.3228326	-1.5020944
727765893	ACC	17.37907	-2.7535408	-1.7844474
727765903	ACC	17.584854	-3.2081769	-2.1385853
727765912	ACC	17.647066	-3.5958142	-2.5501506
727765922	ACC	17.431713	-3.949952	-3.0239296
727765931	ACC	16.981863	-4.2945185	-3.411567
727765941	ACC	16.527225	-4.653442	-3.612564
727765950	ACC	16.211374	-5.065007	-3.746562
727765960	ACC	15.900307	-5.4382877	-3.866203
727765969	ACC	15.483955	-5.797211	-3.9810586
727765979	ACC	14.976677	-6.055636	-4.043272
727765988	ACC	14.58904	-6.3571315	-3.9810586
727765998	ACC	14.033905	-6.486344	-3.7800615
727766007	ACC	13.344772	-6.5294147	-3.598207
727766017	ACC	12.713067	-6.663413	-3.411567
727766026	ACC	12.1148615	-6.716055	-3.2919257
727766036	ACC	11.5932255	-6.7208405	-3.2249267
727766045	ACC	11.152946	-6.7112694	-3.1579278
727766055	ACC	10.578669	-6.5964136	-3.2105699
727766064	ACC	9.942178	-6.4002023	-3.4402807
727766074	ACC	9.353543	-6.2757754	-3.6364923
727766083	ACC	8.76491	-6.0843496	-3.799204
727766093	ACC	8.075776	-5.8881383	-4.000201
727766102	ACC	7.4153576	-5.7876396	-4.167699
727766112	ACC	6.6592255	-5.7780685	-4.2107697
727766121	ACC	5.7116675	-5.730212	-4.057629
727766131	ACC	4.6636114	-5.730212	-3.8997028
727766140	ACC	3.629912	-5.8307104	-3.866203
727766150	ACC	2.5387847	-5.9407806	-3.760919
727766159	ACC	1.3184453	-5.9790654	-3.4546378
727766169	ACC	-0.031106694	-5.8211393	-2.8995028
727766178	ACC	-1.0743774	-5.634499	-2.2677977
727766188	ACC	-1.8640088	-5.4239306	-1.7318054
727766197	ACC	-2.1750758	-5.2277193	-1.3441681
727766207	ACC	-1.9980069	-5.136792	-1.0331012
727766216	ACC	-1.5050855	-5.074579	-1.0474582
727766226	ACC	-0.8350951	-5.0362935	-1.3010973
727766235	ACC	-0.18424734	-4.988437	-1.6600207
727766245	ACC	0.45224348	-4.840082	-1.9710877
727766254	ACC	1.0408778	-4.7252264	-2.2342982
727766264	ACC	1.6965113	-4.730012	-2.4017956
727766273	ACC	2.3377876	-4.768297	-2.5836504
727766283	ACC	3.0077782	-4.816154	-2.8899314
727766292	ACC	3.735196	-4.892724	-3.0957143
727766302	ACC	4.35733	-4.959723	-3.2727833
727766311	ACC	5.0273204	-5.055436	-3.3493536
727766321	ACC	5.7547383	-5.2516475	-3.3397822
727766330	ACC	6.4534426	-5.4574304	-3.3110683
727766340	ACC	7.085148	-5.624928	-3.2488549
727766349	ACC	7.6019974	-5.797211	-3.2967114
727766359	ACC	8.281559	-6.0747786	-3.3637104
727766368	ACC	9.21476	-6.3571315	-3.3062828
727766378	ACC	10.147961	-6.553343	-3.2488549
727766387	ACC	10.990234	-6.7447686	-3.2679975
727766397	ACC	11.818151	-6.945766	-3.354139
727766406	ACC	12.488141	-7.1419773	-3.5359936
727766416	ACC	13.10549	-7.3573313	-3.7513478
727766425	ACC	13.66541	-7.5439715	-3.842275
727766435	ACC	14.234902	-7.6588273	-3.8518462
727766444	ACC	14.938392	-7.730612	-3.8327036
727766454	ACC	15.584454	-7.7593255	-3.8518462
727766463	ACC	15.996019	-7.6253276	-3.7944186
727766473	ACC	16.474585	-7.4099736	-3.5742788
727766482	ACC	17.020147	-7.0558357	-3.5168512
727766492	ACC	17.498713	-6.5054865	-3.6891344
727766501	ACC	17.685352	-5.8450675	-4.043272
727766511	ACC	17.733208	-5.0793643	-4.3686957
727766520	ACC	17.824137	-4.3184466	-4.6319065
727766530	ACC	17.891134	-3.4953158	-4.8903313
727766539	ACC	17.891134	-2.748755	-5.0674
727766549	ACC	17.886349	-2.088336	-5.024329
727766558	ACC	17.824137	-1.4757733	-4.799404
727766568	ACC	17.694923	-0.9445667	-4.282554
727766577	ACC	17.44607	-0.49950173	-3.5886357
727766587	ACC	17.07279	-0.14057833	-2.9186454
727766596	ACC	16.70908	0.098703936	-2.425724
727766606	ACC	16.369299	0.31405798	-1.9280169
727766615	ACC	16.153946	0.46241298	-1.3920245
727766625	ACC	15.651453	0.6346962	-0.8560323
727766634	ACC	14.857036	0.8500503	-0.41575295
727766644	ACC	13.823337	0.92662054	-0.023330022
727766653	ACC	12.545569	0.83090764	0.3595216
727766663	ACC	11.392229	0.5724828	0.8668
727766672	ACC	10.549955	0.16091733	1.689931
727766682	ACC	9.961321	-0.12143575	2.929413
727766691	ACC	9.58804	0.017347964	4.417749
727766701	ACC	9.4636135	0.48155555	5.5854464
727766710	ACC	9.946963	0.8596215	5.8917274
727766720	ACC	11.119447	0.93619186	5.044668
727766729	ACC	12.516855	0.89312106	3.4127634
727766739	ACC	13.603197	1.1132607	1.6420746
727766748	ACC	14.378471	1.4817554	0.06281159
727766758	ACC	14.9096775	1.6205392	-1.372882
727766767	ACC	15.330814	1.5535401	-2.4592235
727766777	ACC	15.771094	1.2664014	-3.0765717
727766786	ACC	16.297516	0.7543373	-3.086143
727766796	ACC	16.651653	0.04127619	-2.4879375
727766805	ACC	17.130217	-0.9493524	-1.439881
727766815	ACC	17.565712	-1.9878374	-0.31046873
727766824	ACC	17.857635	-2.815754	0.23988047
727766834	ACC	18.25963	-3.7680974	-0.19561325
727766843	ACC	18.69991	-4.7826543	-1.0522437
727766853	ACC	19.22633	-5.725426	-1.9471594
727766862	ACC	19.70968	-6.6155562	-2.9234312
727766872	ACC	19.853249	-7.3525457	-3.9284165
727766881	ACC	19.685751	-8.003393	-4.555336
727766891	ACC	19.188046	-8.496315	-4.919045
727766900	ACC	18.479769	-8.855238	-5.2540402
727766910	ACC	17.594425	-9.080164	-5.4981084
727766919	ACC	16.713865	-9.147162	-5.488537
727766929	ACC	15.77588	-9.041879	-5.258826
727766938	ACC	14.88575	-8.850452	-5.148756
727766948	ACC	14.18226	-8.764311	-5.0099726
727766957	ACC	13.598412	-8.711669	-4.6989055
727766967	ACC	13.172488	-8.682955	-4.3208394
727766976	ACC	12.598211	-8.515457	-3.976273
727766986	ACC	11.971292	-8.309675	-3.8135612
727766995	ACC	11.3778715	-8.247461	-3.6604204
727767005	ACC	10.688739	-8.23789	-3.5264223
727767014	ACC	9.755538	-8.142178	-3.4737802
727767024	ACC	8.635697	-8.142178	-3.5168512
727767033	ACC	7.2382884	-8.108678	-3.612564
727767043	ACC	5.7786665	-7.9076805	-3.6317065
727767052	ACC	4.4004006	-7.591828	-3.464209
727767062	ACC	3.2709885	-7.3429747	-3.0813572
727767071	ACC	2.361716	-7.1132636	-2.5357938
727767081	ACC	1.6630118	-6.8404818	-1.9806589
727767090	ACC	1.1940185	-6.649056	-1.4350954
727767100	ACC	0.9164511	-6.467201	-1.076172
727767109	ACC	0.6723832	-6.242276	-0.9804591
727767119	ACC	0.50009996	-6.0891356	-1.1670992
727767128	ACC	0.36131623	-6.0460644	-1.5116657
727767138	ACC	0.20817557	-5.9838514	-1.8466609
727767147	ACC	0.011964113	-5.921638	-2.0141585
727767157	ACC	-0.19381863	-5.8354964	-2.018944
727767166	ACC	-0.4426722	-5.663213	-1.9423738
727767176	ACC	-0.4426722	-5.452645	-1.9088743
727767185	ACC	-0.11246266	-5.2947183	-1.8801605
727767195	ACC	0.45224348	-5.246862	-1.9232312
727767204	ACC	1.1365907	-5.246862	-2.0428724
727767214	ACC	2.103291	-5.328218	-2.2103698
727767223	ACC	3.0460632	-5.352146	-2.3587248
727767233	ACC	3.778267	-5.4095736	-2.5262225
727767242	ACC	4.4004006	-5.514858	-2.8325038
727767252	ACC	4.8885365	-5.5627146	-3.0909286
727767261	ACC	5.4580283	-5.5483575	-3.2727833
727767271	ACC	6.084948	-5.514858	-3.5503507
727767280	ACC	6.8745794	-5.5914283	-3.842275
727767290	ACC	7.692925	-5.691927	-4.0145583
727767299	ACC	8.415557	-5.7349977	-4.0480576
727767309	ACC	9.018549	-5.86421	-3.923631
727767318	ACC	9.516255	-6.0843496	-3.760919
727767328	ACC	10.052248	-6.361917	-3.7417765
727767337	ACC	10.770095	-6.6921268	-3.7178483
727767347	ACC	11.516655	-6.9744797	-3.6173496
727767356	ACC	12.129218	-7.1563344	-3.478566
727767366	ACC	12.837494	-7.309475	-3.3110683
727767375	ACC	13.512269	-7.295118	-3.3637104
727767385	ACC	14.201403	-7.1706915	-3.5790644
727767394	ACC	14.823536	-7.0893354	-3.9044883
727767404	ACC	15.675381	-6.9744797	-4.301697
727767413	ACC	16.345371	-6.7112694	-4.5744786
727767423	ACC	16.761723	-6.361917	-4.8233323
727767432	ACC	16.99622	-5.8833528	-4.966902
727767442	ACC	16.934006	-5.30429	-5.057829
727767451	ACC	16.823936	-4.7539406	-5.081757
727767461	ACC	17.068005	-4.433302	-4.866403
727767470	ACC	17.58964	-3.949952	-4.4596233
727767480	ACC	17.91985	-3.2273195	-4.17727
727767489	ACC	17.915064	-2.5286152	-4.057629
727767499	ACC	17.623138	-1.8921245	-3.866203
727767508	ACC	17.139788	-1.2604194	-3.598207
727767518	ACC	16.704294	-0.66699934	-3.382853
727767527	ACC	16.532011	-0.28414768	-3.1339993
727767537	ACC	16.393229	-0.064008005	-2.842075
727767546	ACC	16.034304	0.19920248	-2.5022943
727767556	ACC	15.550955	0.41455653	-2.0045872
727767565	ACC	15.07239	0.45762733	-1.3968102
727767575	ACC	14.656038	0.47676992	-0.6550352
727767584	ACC	14.206188	0.6155536	0.31166515
727767594	ACC	13.765908	0.9170493	1.1491531
727767603	ACC	13.406985	1.1563315	1.6707884
727767613	ACC	13.172488	1.2089736	1.919642
727767622	ACC	12.952349	1.2233306	1.9292133
727767632	ACC	12.679567	1.2951152	1.8669999
727767641	ACC	12.349358	1.3908281	1.7952151
727767651	ACC	12.172289	1.4434702	1.7665013
727767660	ACC	12.177074	1.4099708	1.8574286
727767670	ACC	12.306287	1.3286148	2.1541386
727767679	ACC	12.58864	1.218545	2.4077778
727767689	ACC	12.928421	0.98883396	2.608775
727767698	ACC	13.18206	0.8644072	2.661417
727767708	ACC	13.378271	0.7639086	2.364707
727767717	ACC	13.607983	0.6299106	1.8047864
727767727	ACC	13.914264	0.4001996	1.1539388
727767736	ACC	14.402399	0.07477571	0.503091
727767746	ACC	14.895321	-0.33200413	-0.09032906
727767755	ACC	15.546168	-0.91585284	-0.5593223
727767765	ACC	16.125233	-1.5810575	-0.94695956
727767774	ACC	16.685152	-2.2127628	-1.2675978
727767784	ACC	17.144575	-2.868396	-1.4973087
727767793	ACC	17.70928	-3.5096726	-1.8227327
727767803	ACC	18.154345	-4.174877	-2.2342982
727767812	ACC	18.393627	-4.8065825	-2.5836504
727767822	ACC	18.518055	-5.4430733	-2.7750762
727767831	ACC	18.360128	-5.89771	-2.8755746
727767841	ACC	18.092133	-6.4289165	-3.0526435
727767850	ACC	17.737995	-6.8261247	-3.2967114
727767860	ACC	17.37907	-7.1132636	-3.650849
727767869	ACC	16.962719	-7.390831	-3.9427736
727767879	ACC	16.460226	-7.663613	-4.1150565
727767888	ACC	15.900307	-7.945966	-4.2011986
727767898	ACC	15.297316	-8.180463	-4.1964126
727767907	ACC	14.6225395	-8.34796	-4.0480576
727767917	ACC	13.871193	-8.434102	-3.894917
727767926	ACC	13.014563	-8.400602	-3.7130625
727767936	ACC	12.143575	-8.290532	-3.4067812
727767945	ACC	11.306087	-8.099107	-3.2727833
727767955	ACC	10.593026	-7.94118	-3.2919257
727767964	ACC	10.023534	-7.764111	-3.301497
727767974	ACC	9.602397	-7.6109705	-3.3780673
727767983	ACC	9.090333	-7.400402	-3.502494
727767993	ACC	8.415557	-7.132406	-3.612564
727768002	ACC	7.520642	-6.86441	-3.8901315
727768012	ACC	6.5443697	-6.6825557	-4.234698
727768021	ACC	5.4053864	-6.4528446	-4.4452662
727768031	ACC	4.1036906	-6.242276	-4.5361934
727768040	ACC	2.9120653	-6.180063	-4.5170507
727768050	ACC	1.8544376	-6.1657057	-4.272983
727768059	ACC	0.849452	-6.1322064	-3.8853457
727768069	ACC	-0.078963146	-6.0747786	-3.5120654
727768078	ACC	-0.9068798	-5.988637	-3.1004999
727768088	ACC	-1.4285151	-5.892924	-2.6315067
727768097	ACC	-1.6007984	-5.758926	-2.0572293
727768107	ACC	-1.5864414	-5.610571	-1.5930216
727768116	ACC	-1.4620147	-5.543572	-1.4303098
727768126	ACC	-1.1078769	-5.624928	-1.5260227
727768135	ACC	-0.567099	-5.648856	-1.6983058
727768145	ACC	-0.031106694	-5.553143	-1.9328024
727768154	ACC	0.5814559	-5.4670014	-2.3491535
727768164	ACC	1.160519	-5.337789	-2.7798617
727768173	ACC	1.9310079	-5.299504	-3.0622149
727768183	ACC	2.7158537	-5.179863	-3.1579278
727768192	ACC	3.4337006	-5.151149	-3.3254254
727768202	ACC	4.17069	-5.155935	-3.4833515
727768211	ACC	4.883751	-5.1846485	-3.6364923
727768221	ACC	5.611169	-5.232505	-3.6556349
727768230	ACC	6.3194447	-5.1942196	-3.4307094
727768240	ACC	6.802795	-5.112864	-3.1435707
727768249	ACC	7.094719	-5.0123653	-2.8899314
727768259	ACC	7.4440713	-4.9788656	-2.6554348
727768268	ACC	8.056634	-5.031508	-2.5166512
727768278	ACC	8.812766	-5.08415	-2.4879375
727768287	ACC	9.712467	-5.074579	-2.6554348
727768297	ACC	10.813166	-5.0219364	-3.0143583
727768306	ACC	12.0430765	-5.0889354	-3.5168512
727768316	ACC	13.272987	-5.27079	-3.9379878
727768325	ACC	14.167903	-5.3425746	-3.8470607
727768335	ACC	14.407186	-5.08415	-3.464209
727768344	ACC	14.378471	-4.907081	-3.1579278
727768354	ACC	14.210974	-4.7778687	-2.8995028
727768363	ACC	13.88555	-4.6486564	-2.842075
727768373	ACC	13.799408	-4.562515	-3.0287154
727768382	ACC	14.177474	-4.619942	-3.1579278
727768392	ACC	14.828321	-4.471587	-3.0622149
727768401	ACC	15.41217	-4.0887356	-3.0478578
727768411	ACC	16.106089	-3.6484563	-3.2727833
727768420	ACC	16.800007	-3.0789645	-3.5503507
727768430	ACC	17.450855	-2.4041886	-3.7896328
727768439	ACC	17.934206	-1.6528423	-4.138985
727768449	ACC	18.321842	-0.90149593	-4.39741
727768458	ACC	18.867407	-0.17407785	-4.5266223
727768468	ACC	19.29333	0.73519474	-4.5074797
727768477	ACC	19.44647	1.6731812	-4.4165525
727768487	ACC	19.460827	2.472384	-4.430909
727768496	ACC	19.470398	2.9365916	-4.421338
727768506	ACC	19.283758	3.242873	-4.205984
727768515	ACC	18.910477	3.4917264	-3.531208
727768524	ACC	18.2357	3.606582	-2.69372
727768534	ACC	17.331215	3.6496527	-1.7461623
727768543	ACC	16.503298	3.4630125	-0.99003035
727768553	ACC	15.895521	3.065804	-0.38703907
727768562	ACC	15.359529	2.6781666	0.10109676
727768572	ACC	14.780465	2.4101706	0.4456632
727768581	ACC	14.3258295	2.1230319	0.67058855
727768591	ACC	13.986049	1.8406788	0.5557331
727768600	ACC	13.718052	1.5535401	0.3260221
727768610	ACC	13.502698	1.4003994	0.005383851
727768619	ACC	13.473985	1.2233306	-0.45403808
727768629	ACC	13.722837	0.9314062	-0.97567344
727768638	ACC	13.947763	0.68255264	-1.2867404
727768648	ACC	14.158332	0.38584265	-1.535594
727768657	ACC	14.388042	-0.020937199	-1.7557336
727768667	ACC	14.689538	-0.53300124	-1.8610178
727768676	ACC	15.07239	-1.035494	-1.8610178
727768686	ACC	15.416956	-1.4901303	-1.8131614
727768695	ACC	15.680167	-1.8251255	-1.8370895
727768705	ACC	16.024733	-2.1457636	-2.0955145
727768714	ACC	16.383657	-2.423331	-2.5405796
727768724	ACC	16.728224	-2.7535408	-3.0143583
727768733	ACC	16.661224	-3.0502508	-3.3254254
727768743	ACC	16.378872	-3.3230324	-3.6173496
727768752	ACC	15.967305	-3.5766716	-3.9284165
727768762	ACC	15.507884	-3.78724	-4.153342
727768771	ACC	14.9814625	-3.964309	-4.325625
727768781	ACC	14.354543	-4.1461635	-4.450052
727768790	ACC	13.866407	-4.356732	-4.5361934
727768800	ACC	13.512269	-4.5912285	-4.5218368
727768809	ACC	13.124632	-4.720441	-4.5266223
727768819	ACC	12.813565	-4.9549375	-4.4931226
727768828	ACC	12.349358	-5.1702914	-4.545765
727768838	ACC	11.62194	-5.2420764	-4.6558347
727768847	ACC	10.755738	-5.3569317	-4.7898326
727768857	ACC	9.827323	-5.3186464	-4.7946186
727768866	ACC	8.961121	-5.27079	-4.7419763
727768876	ACC	8.17149	-5.2420764	-4.670192
727768885	ACC	7.554141	-5.2755756	-4.3495536
727768895	ACC	7.0468626	-5.3090754	-3.947559
727768904	ACC	6.5108705	-5.256433	-3.6077783
727768914	ACC	6.017949	-5.189434	-3.3110683
727768923	ACC	5.4723854	-5.1032925	-3.114857
727768933	ACC	4.8502517	-4.9932227	-3.0957143
727768942	ACC	4.2041893	-4.868796	-3.1244283
727768952	ACC	3.5581272	-4.71087	-3.2392836
727768961	ACC	2.8977082	-4.6295137	-3.3780673
727768971	ACC	2.2037897	-4.5242295	-3.4354951
727768980	ACC	1.6199409	-4.4668016	-3.449852
727768990	ACC	1.0169497	-4.3758745	-3.4211383
727768999	ACC	0.33738798	-4.2945185	-3.3397822
727769009	ACC	-0.37088752	-4.222734	-3.1387851
727769018	ACC	-0.9882358	-4.1030927	-2.8468606
727769028	ACC	-1.4955142	-3.9978085	-2.4735804
727769037	ACC	-1.8017955	-3.8494534	-2.114657
727769047	ACC	-1.6295122	-3.9212382	-1.7078772
727769056	ACC	-1.174876	-3.9882371	-1.3393825
727769066	ACC	-0.43788654	-4.0791645	-1.0331012
727769075	ACC	0.3278167	-4.1126637	-1.0666007
727769085	ACC	0.9834501	-4.1222353	-1.4207385
727769094	ACC	1.7491534	-4.1222353	-1.9280169
727769104	ACC	2.605784	-4.08395	-2.344368
727769113	ACC	3.534199	-4.093521	-2.6315067
727769123	ACC	4.3094735	-4.1700916	-2.870789
727769132	ACC	4.907679	-4.2610188	-3.0717862
727769142	ACC	5.4819565	-4.433302	-3.2153554
727769151	ACC	6.0370917	-4.6295137	-3.354139
727769161	ACC	6.73101	-4.701298	-3.2536407
727769170	ACC	7.338787	-4.619942	-2.8037899
727769180	ACC	8.075776	-4.241876	-1.5403795
727769189	ACC	10.387243	-5.2372904	-2.5980072
727769199	ACC	12.392428	-4.9932227	-4.4165525
727769208	ACC	14.560326	-4.4811587	-5.8713884
727769218	ACC	15.029319	-3.5958142	-5.852246
727769227	ACC	14.493327	-3.8733816	-4.679763
727769237	ACC	14.120047	-4.734798	-4.004987
727769246	ACC	13.780266	-5.2947183	-3.9667017
727769256	ACC	13.770695	-5.4574304	-4.191627
727769265	ACC	14.321044	-5.3473606	-4.1007
727769275	ACC	15.239887	-5.0697927	-3.6556349
727769284	ACC	16.771294	-4.9262238	-3.5742788
727769294	ACC	18.3697	-4.552943	-3.7034912
727769303	ACC	19.197617	-3.8925242	-3.7178483
727769313	ACC	19.202402	-3.2273195	-3.827918
727769322	ACC	18.943977	-2.777469	-4.1964126
727769332	ACC	18.685553	-2.3132613	-4.430909
727769341	ACC	18.407984	-1.8490537	-4.5888357
727769351	ACC	18.11606	-1.3657036	-4.5170507
727769360	ACC	17.637495	-0.85842514	-4.1868415
727769370	ACC	16.934006	-0.33200413	-3.8901315
727769379	ACC	16.737795	-0.068793654	-3.5551362
727769389	ACC	16.886148	0.10348958	-3.3732817
727769398	ACC	16.642082	0.31405798	-3.3445678
727769408	ACC	16.00559	0.5629115	-3.1962128
727769417	ACC	15.077175	0.92183495	-2.966502
727769427	ACC	14.277973	1.2233306	-2.7942185
727769436	ACC	13.8041935	1.4578272	-2.559722
727769446	ACC	13.55534	1.5918252	-2.0859432
727769455	ACC	13.426127	1.5870396	-1.6504494
727769465	ACC	13.186846	1.5391831	-1.1910275
727769474	ACC	13.067204	1.3812568	-0.7890333
727769484	ACC	13.009777	1.2616158	-0.38703907
727769493	ACC	12.641282	1.4147564	-0.0951147
727769503	ACC	12.248859	1.5200406	0.10109676
727769512	ACC	12.019148	1.4338989	0.096311115
727769522	ACC	11.880364	1.3860425	-0.1381855
727769531	ACC	11.803794	1.4243277	-0.40618163
727769541	ACC	11.818151	1.4530416	-0.5880362
727769550	ACC	12.067004	1.3860425	-0.71246296
727769560	ACC	12.531212	1.2664014	-0.7220342
727769569	ACC	13.253844	1.1324034	-0.779462
727769579	ACC	13.895121	0.9696914	-0.86560357
727769588	ACC	14.187045	0.81655073	-0.9661021
727769598	ACC	14.25883	0.64905316	-1.2580265
727769607	ACC	14.048262	0.48155555	-1.7174485
727769617	ACC	13.914264	0.2757728	-2.1337996
727769626	ACC	13.986049	-0.04965107	-2.3491535
727769636	ACC	14.25883	-0.4229314	-2.5310082
727769645	ACC	14.679967	-0.7962117	-2.5788646
727769655	ACC	15.349957	-1.1359925	-2.6650062
727769664	ACC	16.2688	-1.5906289	-2.9138598
727769674	ACC	17.111074	-2.126621	-3.4594233
727769683	ACC	17.546568	-2.6004	-4.1868415
727769693	ACC	17.469997	-2.9401808	-4.9525447
727769702	ACC	17.082361	-3.2416766	-5.732605
727769712	ACC	16.570297	-3.5288153	-6.2877398
727769721	ACC	15.890736	-3.8303108	-6.541379
727769731	ACC	15.101104	-4.0217366	-6.5700927
727769740	ACC	14.52204	-4.3471603	-6.3547387
727769750	ACC	14.043476	-4.6582274	-5.986244
727769759	ACC	13.540983	-4.9118667	-5.5651073
727769769	ACC	12.847065	-5.031508	-5.2253265
727769778	ACC	11.894721	-5.0889354	-4.909474
727769788	ACC	10.880164	-5.08415	-4.58405
727769797	ACC	10.013963	-5.1176496	-4.2251267
727769807	ACC	9.224331	-5.031508	-3.8135612
727769816	ACC	8.439486	-4.878367	-3.5216367
727769826	ACC	7.769495	-4.744369	-3.4019957
727769835	ACC	7.1569324	-4.538586	-3.3684962
727769845	ACC	6.4773707	-4.2275195	-3.3732817
727769854	ACC	5.749953	-3.8973098	-3.5120654
727769864	ACC	5.0751767	-3.5910287	-3.626921
727769873	ACC	4.5391846	-3.519244	-3.6699917
727769883	ACC	4.113262	-3.638885	-3.5168512
727769892	ACC	3.792624	-3.638885	-3.1962128
727769902	ACC	3.5198421	-3.5814574	-2.818147
727769911	ACC	3.2183464	-3.5001013	-2.4065814
727769921	ACC	3.0939198	-3.5431721	-2.0620148
727769930	ACC	3.0317063	-3.4761732	-1.7126628
727769940	ACC	2.9838498	-3.3517463	-1.5499508
727769949	ACC	2.9120653	-3.2081769	-1.5595222
727769959	ACC	2.7684958	-3.098107	-1.683949
727769968	ACC	2.605784	-3.0263224	-1.7844474
727769978	ACC	2.457429	-3.074179	-1.750948
727769987	ACC	2.4526432	-3.2177482	-1.5738791
727769997	ACC	2.3904297	-3.2703903	-1.2484552
727770006	ACC	2.3712873	-3.2943187	-1.0043873
727770016	ACC	2.548356	-3.3469608	-0.9804591
727770025	ACC	2.8259234	-3.4139597	-1.0666007
727770035	ACC	3.141776	-3.5383866	-1.21017
727770044	ACC	3.4289148	-3.5910287	-1.4590236
727770054	ACC	3.682554	-3.638885	-1.7892331
727770063	ACC	4.1850467	-3.8063827	-1.9710877
727770073	ACC	4.912465	-3.9930227	-2.0572293
727770082	ACC	5.7403817	-4.031308	-2.1194427
727770092	ACC	6.352944	-4.0552363	-2.3635106
727770101	ACC	6.8171515	-4.1030927	-2.6219354
727770111	ACC	7.1138616	-4.222734	-2.885146
727770120	ACC	7.24786	-4.371089	-3.1052856
727770130	ACC	7.501499	-4.5768714	-3.1627133
727770139	ACC	7.879565	-4.701298	-3.114857
727770149	ACC	8.4347	-4.7539406	-3.0143583
727770158	ACC	9.233903	-4.78744	-2.789433
727770168	ACC	10.076176	-4.6821556	-2.6075785
727770177	ACC	11.023734	-4.572086	-2.6554348
727770187	ACC	11.880364	-4.476373	-2.7702904
727770196	ACC	12.7082815	-4.4093738	-3.0526435
727770206	ACC	13.411771	-4.3088756	-3.4259238
727770215	ACC	13.842479	-4.246662	-3.7178483
727770225	ACC	14.158332	-4.217948	-3.6891344
727770234	ACC	14.301901	-4.0887356	-3.3397822
727770244	ACC	14.230116	-3.7968113	-2.9138598
727770253	ACC	14.464613	-3.5144582	-2.3682961
727770263	ACC	14.952748	-3.1986058	-1.7892331
727770272	ACC	15.680167	-2.858825	-1.2867404
727770282	ACC	16.527225	-2.3611178	-1.0235299
727770291	ACC	17.340786	-1.8969102	-1.2197413
727770301	ACC	17.943777	-1.4087744	-1.899303
727770310	ACC	18.345772	-0.8919246	-2.6602206
727770320	ACC	18.403198	-0.32243285	-3.3349965
727770329	ACC	17.64228	0.42412782	-3.8183467
727770339	ACC	16.661224	1.0845468	-3.8374894
727770348	ACC	15.780665	1.7784654	-3.5694933
727770358	ACC	15.010177	2.501098	-3.4163525
727770367	ACC	14.699109	2.821736	-3.4067812
727770377	ACC	14.857036	2.8456643	-3.2727833
727770386	ACC	15.192031	2.9365916	-2.5932214
727770396	ACC	15.067604	3.3529427	-1.7174485
727770405	ACC	14.689538	3.7453656	-1.0378869
727770415	ACC	14.297115	3.970291	-0.927817
727770424	ACC	14.201403	4.03729	-1.2149557
727770434	ACC	14.541183	4.1521454	-1.7748762
727770443	ACC	14.947963	4.3483567	-2.4305096
727770453	ACC	15.235102	4.4775696	-2.9712875
727770462	ACC	15.527026	4.3962135	-3.2249267
727770472	ACC	15.756737	4.262215	-3.0526435
727770481	ACC	15.885949	4.0420756	-2.736791
727770491	ACC	15.952949	3.7022948	-2.464009
727770500	ACC	15.933806	3.3290145	-2.3300111
727770510	ACC	15.814165	2.9605198	-2.3060827
727770519	ACC	15.74238	2.6542385	-2.3826532
727770529	ACC	15.833307	2.2713869	-2.3874388
727770538	ACC	15.909878	1.7880367	-2.4687948
727770548	ACC	15.847665	1.2855439	-2.4735804
727770557	ACC	15.761522	0.8213364	-2.2103698
727770567	ACC	15.728024	0.41455653	-1.9184456
727770576	ACC	15.594026	0.050847482	-1.6648064
727770586	ACC	15.570097	-0.35593235	-1.5690935
727770595	ACC	15.723238	-0.76271224	-1.5547365
727770605	ACC	15.914663	-1.1359925	-1.602593
727770614	ACC	16.125233	-1.3896317	-1.5116657
727770624	ACC	16.249659	-1.5858432	-1.439881
727770633	ACC	16.230516	-1.7868403	-1.3824533
727770643	ACC	16.383657	-2.0500507	-1.3250256
727770652	ACC	16.761723	-2.2510478	-1.3345969
727770662	ACC	17.144575	-2.437688	-1.4590236
727770671	ACC	17.546568	-2.6865416	-1.535594
727770681	ACC	17.460426	-2.8827531	-1.6121643
727770690	ACC	16.99622	-3.0550363	-1.9280169
727770700	ACC	16.498512	-3.1459637	-2.2007985
727770709	ACC	15.976877	-3.3230324	-2.5262225
727770719	ACC	15.704095	-3.5288153	-2.9521449
727770728	ACC	15.383457	-3.7441692	-3.3110683
727770738	ACC	15.019748	-3.9930227	-3.4307094
727770747	ACC	14.713467	-4.179663	-3.1914272
727770757	ACC	14.191831	-4.08395	-2.937788
727770766	ACC	13.550554	-3.7968113	-2.9425735
727770776	ACC	12.904492	-3.5527434	-3.2009985
727770785	ACC	12.311072	-3.437888	-3.4067812
727770795	ACC	11.62194	-3.2991042	-3.5790644
727770804	ACC	10.707881	-3.2416766	-3.7417765
727770814	ACC	9.583255	-3.2273195	-3.8709888
727770823	ACC	8.4682	-3.2129626	-4.0719857
727770833	ACC	7.578069	-3.2368908	-4.1150565
727770842	ACC	6.7262244	-3.1603205	-3.8709888
727770852	ACC	5.7355957	-3.0023942	-3.545565
727770861	ACC	4.8885365	-2.949752	-3.2009985
727770871	ACC	4.1180477	-2.8492537	-2.818147
727770880	ACC	3.4480574	-2.7343981	-2.4496522
727770890	ACC	2.9647074	-2.6338995	-2.129014
727770899	ACC	2.4622145	-2.5094728	-2.0141585
727770909	ACC	1.9070797	-2.4041886	-1.9328024
727770918	ACC	1.4285151	-2.3754747	-1.8323039
727770928	ACC	0.8877372	-2.1888344	-1.6217356
727770937	ACC	0.5096712	-2.1218355	-1.224527
727770947	ACC	0.37567315	-2.3419752	-1.1001002
727770956	ACC	0.016749758	-2.1122642	-0.8895318
727770966	ACC	0.011964113	-2.1888344	-0.698106
727770975	ACC	-0.11246266	-2.2797618	-0.60717875
727770985	ACC	-0.33738798	-2.4424736	-0.7076773
727770994	ACC	-0.45702913	-2.533401	-0.74596244
727771004	ACC	-0.30867413	-2.5860431	-0.67417777
727771013	ACC	0.13160525	-2.6626134	-0.7363912
727771023	ACC	0.6580262	-2.7152555	-1.1144571
727771032	ACC	1.1653047	-2.7439694	-1.683949
727771042	ACC	1.7970098	-2.7966115	-2.1720848
727771051	ACC	2.5339992	-2.8540392	-2.5022943
727771061	ACC	3.2422748	-2.868396	-2.6602206
727771070	ACC	3.8500516	-2.992823	-2.8229325
727771080	ACC	4.386044	-3.1986058	-2.9138598
727771089	ACC	4.7688956	-3.4331024	-2.885146
727771099	ACC	5.343173	-3.6628132	-2.870789
727771108	ACC	6.0753765	-3.854239	-2.9617162
727771118	ACC	6.893722	-4.060022	-3.1292138
727771127	ACC	7.4153576	-4.222734	-3.4354951
727771137	ACC	7.688139	-4.3615174	-3.8853457
727771146	ACC	8.157132	-4.6055856	-4.1007
727771156	ACC	8.851051	-4.8448677	-4.167699
727771165	ACC	9.741181	-5.0219364	-4.3495536
727771175	ACC	10.755738	-5.2181478	-4.5361934
727771184	ACC	11.535798	-5.3760743	-4.808975
727771194	ACC	12.583855	-5.601	-5.1343994
727771203	ACC	14.196617	-5.9838514	-5.4406805
727771213	ACC	16.101303	-6.2470617	-5.4933224
727771222	ACC	17.690138	-6.285347	-5.3593245
727771232	ACC	18.618553	-6.026922	-5.3066826
727771241	ACC	19.374685	-5.7062836	-5.4933224
727771251	ACC	19.690538	-5.38086	-6.0580287
727771260	ACC	19.460827	-4.9405804	-6.6418777
727771270	ACC	19.465612	-4.610371	-7.0343003
727771279	ACC	19.283758	-4.3184466	-7.2783685
727771289	ACC	19.307686	-4.016951	-7.1635127
727771298	ACC	19.877178	-3.8015969	-6.675377
727771308	ACC	20.054247	-3.4666018	-5.8283176
727771317	ACC	19.499111	-2.801397	-4.7898326
727771327	ACC	18.747765	-2.2319052	-3.856632
727771336	ACC	18.087347	-1.6480566	-3.3062828
727771346	ACC	17.498713	-0.95413804	-3.2871401
727771355	ACC	16.843079	-0.18843478	-3.8183467
727771365	ACC	16.130018	0.4671986	-4.4165525
727771374	ACC	15.517455	0.9553344	-4.842475
727771384	ACC	15.010177	1.3142579	-5.043472
727771393	ACC	14.703896	1.6205392	-4.947759
727771403	ACC	14.81875	1.7784654	-4.6654058
727771412	ACC	15.019748	1.8215362	-4.0959144
727771422	ACC	14.809179	2.1517458	-3.478566
727771431	ACC	14.354543	2.5489542	-3.019144
727771440	ACC	13.976477	2.8695927	-3.0143583
727771450	ACC	13.469198	3.1998022	-3.153142
727771459	ACC	13.004992	3.4534414	-3.2249267
727771469	ACC	12.598211	3.5491543	-3.1770704
727771478	ACC	12.315858	3.4725838	-3.0717862
727771488	ACC	12.220145	3.3529427	-2.9282167
727771497	ACC	12.153146	3.2189445	-2.7702904
727771507	ACC	12.0430765	2.970091	-2.4305096
727771516	ACC	11.928221	2.6542385	-1.9615164
727771526	ACC	11.703296	2.4867408	-1.3345969
727771535	ACC	11.397015	2.4293132	-0.7603194
727771545	ACC	11.282159	2.242673	-0.48753762
727771554	ACC	11.334801	2.0464616	-0.48753762
727771564	ACC	11.425728	1.9076779	-0.7890333
727771573	ACC	11.655439	1.7688942	-1.1001002
727771583	ACC	12.167503	1.6588243	-1.4781662
727771592	ACC	12.77528	1.5200406	-1.8753748
727771602	ACC	13.536198	1.2664014	-2.0045872
727771611	ACC	14.359328	1.0175478	-1.9758734
727771621	ACC	15.1346035	0.7830512	-1.9567307
727771630	ACC	15.96252	0.55812585	-2.0428724
727771640	ACC	16.670795	0.22313072	-2.3635106
727771649	ACC	17.32643	-0.19800608	-2.8468606
727771659	ACC	17.757137	-0.6430711	-3.4450665
727771668	ACC	17.986847	-1.2077773	-4.0911283
727771678	ACC	18.163918	-1.8729819	-4.718048
727771687	ACC	18.206987	-2.4329023	-5.258826
727771697	ACC	18.120846	-2.89711	-5.684748
727771706	ACC	18.096918	-3.3613176	-5.785247
727771716	ACC	18.096918	-3.7298124	-5.88096
727771725	ACC	18.029919	-4.1892343	-5.9192452
727771735	ACC	17.838493	-4.701298	-5.6991053
727771744	ACC	17.489141	-5.175077	-5.512465
727771754	ACC	17.398214	-5.447859	-5.512465
727771763	ACC	17.469997	-5.4957156	-5.5459647
727771773	ACC	17.460426	-5.725426	-5.617749
727771782	ACC	17.307285	-6.031708	-5.459823
727771792	ACC	16.546368	-6.0891356	-5.0674
727771801	ACC	15.21596	-5.988637	-4.4835515
727771811	ACC	13.66541	-5.9024954	-4.0241294
727771820	ACC	12.378072	-5.6967125	-3.8757744
727771830	ACC	11.650654	-5.624928	-4.0815573
727771839	ACC	11.301301	-5.6536417	-4.2251267
727771849	ACC	10.851451	-5.610571	-4.3782673
727771858	ACC	10.157532	-5.5340004	-4.6414776
727771868	ACC	9.286545	-5.486144	-4.7515473
727771877	ACC	8.377272	-5.428716	-4.6654058
727771887	ACC	7.4249287	-5.38086	-4.3351965
727771896	ACC	6.5922265	-5.3186464	-3.842275
727771906	ACC	5.9653068	-5.3760743	-3.2775688
727771915	ACC	5.35753	-5.486144	-2.6554348
727771925	ACC	4.7114677	-5.553143	-2.1529422
727771934	ACC	3.9744785	-5.624928	-1.736591
727771944	ACC	3.1513474	-5.620142	-1.4350954
727771953	ACC	2.4622145	-5.543572	-1.1958131
727771963	ACC	2.0027926	-5.462216	-1.0857433
727771972	ACC	1.753939	-5.352146	-1.1240284
727771982	ACC	1.6677973	-5.1463633	-1.238884
727771991	ACC	1.7587247	-4.964509	-1.4159528
727772001	ACC	1.9980069	-4.868796	-1.6456637
727772010	ACC	1.8783658	-4.476373	-1.6073786
727772020	ACC	2.347359	-4.859225	-1.9040886
727772029	ACC	2.132005	-4.6342993	-2.2534406
727772039	ACC	1.6007984	-4.265805	-2.373082
727772048	ACC	1.591227	-4.2610188	-2.0093727
727772058	ACC	1.4811572	-4.241876	-1.6600207
727772067	ACC	1.6103697	-4.4285164	-1.7940187
727772077	ACC	1.9884356	-4.4524446	-1.899303
727772086	ACC	2.3712873	-4.3088756	-1.7605193
727772096	ACC	2.926422	-4.3471603	-1.8466609
727772105	ACC	3.5389848	-4.390231	-2.1337996
727772115	ACC	4.0845485	-4.3998027	-2.248655
727772124	ACC	4.7545385	-4.4572306	-2.2869403
727772134	ACC	5.319245	-4.5673003	-2.3826532
727772143	ACC	5.773881	-4.758726	-2.5501506
727772153	ACC	6.175875	-5.055436	-2.521437
727772162	ACC	6.439086	-5.1415777	-2.3874388
727772172	ACC	6.8458657	-5.179863	-2.344368
727772181	ACC	7.678568	-5.313861	-2.6075785
727772191	ACC	8.774481	-5.337789	-3.2871401
727772200	ACC	9.966106	-5.2516475	-4.009773
727772210	ACC	11.186446	-5.065007	-4.58405
727772219	ACC	12.669996	-4.734798	-5.1200423
727772229	ACC	14.321044	-4.2801614	-5.617749
727772238	ACC	15.704095	-3.9882371	-6.25424
727772248	ACC	16.642082	-3.868596	-6.8428745
727772257	ACC	16.977077	-3.586243	-7.1156564
727772267	ACC	16.876577	-3.3613176	-7.106085
727772276	ACC	16.847864	-3.3565319	-6.723233
727772286	ACC	17.111074	-3.1794631	-6.005387
727772295	ACC	17.393427	-2.9210382	-5.445466
727772305	ACC	17.398214	-2.7726831	-5.124828
727772314	ACC	17.25943	-2.3994029	-4.746762
727772324	ACC	17.288143	-2.021337	-4.2107697
727772333	ACC	17.173288	-1.5858432	-3.6891344
727772343	ACC	16.675581	-0.8967103	-3.3589249
727772352	ACC	16.235302	-0.3894319	-3.1962128
727772362	ACC	16.134804	-0.12622139	-3.0670004
727772371	ACC	16.4028	0.1369891	-2.8468606
727772381	ACC	16.867006	0.52941203	-2.6985056
727772390	ACC	16.85265	1.0749756	-2.8085756
727772400	ACC	16.273586	1.5918252	-3.2249267
727772409	ACC	15.450456	1.9938195	-3.708277
727772419	ACC	14.8378935	2.2618155	-3.9140596
727772428	ACC	14.732609	2.4149563	-3.7274194
727772438	ACC	14.679967	2.5728827	-3.2727833
727772447	ACC	14.526826	2.6829524	-2.7559335
727772457	ACC	14.206188	2.7212377	-2.344368
727772466	ACC	13.96212	2.7308087	-1.9615164
727772476	ACC	13.679767	2.8169506	-1.6073786
727772485	ACC	13.325629	2.9078777	-1.3633107
727772495	ACC	12.928421	3.0083764	-1.2867404
727772504	ACC	12.430714	2.9940193	-1.4015958
727772514	ACC	12.1148615	2.9318058	-1.6648064
727772523	ACC	12.02872	2.9509485	-1.9710877
727772533	ACC	12.234502	2.8313074	-2.0907288
727772542	ACC	12.617353	2.6590242	-1.9280169
727772552	ACC	12.870993	2.5106692	-1.50688
727772561	ACC	12.899707	2.3862424	-0.8991031
727772571	ACC	12.780066	2.204388	-0.4109673
727772580	ACC	12.832707	1.96032	0.03888337
727772590	ACC	12.789637	1.8550358	0.3499503
727772599	ACC	12.880565	1.797608	0.20638095
727772609	ACC	13.268202	1.634896	-0.26261228
727772618	ACC	13.856836	1.4578272	-0.76510507
727772628	ACC	14.498113	1.2951152	-1.1623136
727772637	ACC	15.21596	1.0941181	-1.4685949
727772647	ACC	15.785451	0.88354975	-1.6313069
727772656	ACC	16.101303	0.6969096	-1.8466609
727772666	ACC	16.388443	0.33320054	-2.0093727
727772675	ACC	16.670795	-0.0735793	-1.9902302
727772685	ACC	16.828722	-0.44685963	-1.8275183
727772694	ACC	16.847864	-0.8679964	-1.9088743
727772704	ACC	16.876577	-1.3417753	-2.0907288
727772713	ACC	16.905293	-1.6863418	-2.3587248
727772723	ACC	16.977077	-1.9830518	-2.4975085
727772732	ACC	17.024933	-2.3276181	-2.6027927
727772742	ACC	17.020147	-2.6961129	-2.789433
727772751	ACC	17.001005	-3.0646076	-3.1244283
727772761	ACC	16.953148	-3.3182468	-3.3397822
727772770	ACC	16.713865	-3.4953158	-3.4881372
727772780	ACC	16.493727	-3.6245282	-3.7561333
727772789	ACC	16.25923	-3.7633119	-3.9044883
727772799	ACC	15.828522	-3.8494534	-4.0480576
727772808	ACC	15.2781725	-3.8303108	-4.182056
727772818	ACC	14.660825	-3.8446677	-4.4165525
727772827	ACC	14.062618	-3.935595	-4.478766
727772837	ACC	13.406985	-3.964309	-4.4404807
727772846	ACC	12.981063	-3.964309	-4.4404807
727772856	ACC	12.626925	-4.1030927	-4.3926244
727772865	ACC	12.0430765	-4.246662	-4.2921257
727772875	ACC	11.109876	-4.275376	-4.191627
727772884	ACC	10.023534	-4.299304	-4.1007
727772894	ACC	8.913264	-4.323232	-4.0241294
727772903	ACC	7.826923	-4.2705903	-3.8374894
727772913	ACC	6.8985076	-4.222734	-3.6604204
727772922	ACC	6.0897336	-4.2275195	-3.5503507
727772932	ACC	5.4388857	-4.174877	-3.4067812
727772941	ACC	4.9842496	-4.1844487	-3.0095727
727772951	ACC	4.8119664	-4.1605206	-2.5118656
727772960	ACC	4.6779685	-4.060022	-2.2342982
727772970	ACC	4.24726	-3.9308095	-2.0811574
727772979	ACC	3.6634114	-3.7680974	-2.0572293
727772989	ACC	3.089134	-3.638885	-2.0620148
727772998	ACC	2.5914268	-3.49053	-2.0428724
727773008	ACC	2.251646	-3.342175	-1.9710877
727773017	ACC	1.9932213	-3.246462	-1.9375881
727773027	ACC	1.7012969	-3.1028929	-1.9280169
727773036	ACC	1.442872	-3.0119655	-1.9040886
727773046	ACC	1.1509477	-2.7822545	-1.8227327
727773055	ACC	1.3232309	-2.8827531	-1.8131614
727773065	ACC	1.6007984	-2.978466	-1.9567307
727773074	ACC	1.3471591	-2.5669005	-2.0141585
727773084	ACC	1.5002998	-2.6626134	-1.8897316
727773093	ACC	1.5672989	-2.7726831	-1.6217356
727773103	ACC	1.68694	-3.045465	-1.5020944
727773112	ACC	2.036292	-3.1459637	-1.4877375
727773122	ACC	2.5722845	-3.1746774	-1.4542379
727773131	ACC	3.3044882	-3.2368908	-1.5786648
727773141	ACC	3.8548372	-3.222534	-1.8658035
727773150	ACC	4.2664027	-3.2847474	-2.0811574
727773160	ACC	4.706682	-3.399603	-2.1098714
727773169	ACC	4.9938207	-3.399603	-2.1625135
727773179	ACC	5.2570314	-3.49053	-2.425724
727773188	ACC	5.558527	-3.7250266	-2.7176483
727773198	ACC	5.979664	-3.9882371	-2.9617162
727773207	ACC	6.745367	-4.222734	-3.1387851
727773217	ACC	7.5110703	-4.390231	-3.4402807
727773226	ACC	8.635697	-4.619942	-3.9332023
727773236	ACC	9.640682	-4.758726	-4.4117665
727773245	ACC	10.243673	-4.768297	-4.9381876
727773255	ACC	11.042876	-4.854439	-5.244469
727773264	ACC	11.818151	-4.988437	-5.28754
727773274	ACC	12.440285	-5.0219364	-5.1583276
727773283	ACC	13.349558	-5.0697927	-4.852046
727773293	ACC	14.301901	-5.0793643	-4.4691944
727773302	ACC	15.292529	-5.0793643	-4.249055
727773312	ACC	16.19223	-5.132006	-4.258626
727773321	ACC	16.948362	-5.1176496	-4.3064823
727773331	ACC	18.111275	-5.136792	-4.4117665
727773340	ACC	19.010977	-4.9788656	-4.4261236
727773350	ACC	19.164116	-4.49073	-4.28734
727773359	ACC	19.154545	-4.0073795	-4.28734
727773369	ACC	19.00619	-3.5958142	-4.406981
727773378	ACC	18.96312	-3.19382	-4.6175494
727773388	ACC	19.14976	-2.7535408	-4.6031923
727773397	ACC	19.101904	-2.088336	-4.5888357
727773407	ACC	18.881763	-1.2317054	-4.9812584
727773416	ACC	18.465412	-0.45164528	-5.488537
727773426	ACC	17.977276	0.19441684	-5.8043895
727773435	ACC	17.45564	0.7399804	-5.9001026
727773445	ACC	16.833508	1.1946167	-5.732605
727773454	ACC	16.125233	1.6013966	-5.4263234
727773464	ACC	15.627524	1.8263218	-5.124828
727773473	ACC	15.158531	1.8981066	-4.785047
727773483	ACC	14.737394	1.931606	-4.354339
727773492	ACC	14.249259	1.9746768	-3.7561333
727773502	ACC	13.69891	1.9938195	-3.167499
727773511	ACC	13.249059	1.8837496	-2.6554348
727773521	ACC	12.847065	1.783251	-2.2151556
727773530	ACC	12.387643	1.7449659	-1.8275183
727773540	ACC	11.933006	1.66361	-1.5738791
727773549	ACC	11.454442	1.5583258	-1.3920245
727773559	ACC	10.985449	1.4338989	-1.2723835
727773568	ACC	10.746166	1.2472588	-1.1192428
727773578	ACC	10.549955	1.1036894	-0.8895318
727773587	ACC	10.325029	1.07019	-0.631107
727773597	ACC	10.186246	1.0223335	-0.39661035
727773606	ACC	10.095319	0.9026923	-0.27696922
727773616	ACC	9.966106	0.86919284	-0.34396824
727773625	ACC	9.851251	0.8979067	-0.41575295
727773635	ACC	9.870394	0.9314062	-0.56410795
727773644	ACC	10.085748	0.907478	-0.8225328
727773654	ACC	10.387243	0.8069794	-0.99960166
727773663	ACC	10.755738	0.7686943	-1.0666007
727773673	ACC	11.196017	0.7639086	-1.1335998
727773682	ACC	11.846865	0.72083783	-1.0857433
727773692	ACC	12.550355	0.7399804	-1.090529
727773701	ACC	13.138989	0.79740816	-1.3920245
727773711	ACC	13.8041935	0.8117651	-1.8897316
727773720	ACC	14.354543	0.70169526	-2.4209383
727773730	ACC	14.684752	0.5820541	-2.8372893
727773739	ACC	15.067604	0.36670008	-3.057429
727773749	ACC	15.732809	0.0317049	-3.0239296
727773758	ACC	16.689938	-0.41336012	-2.9808588
727773768	ACC	17.843279	-1.0450653	-3.1100712
727773777	ACC	18.604197	-1.6815561	-3.354139
727773787	ACC	18.723837	-2.2031915	-3.9188452
727773796	ACC	18.652052	-2.6338995	-4.7371907
727773806	ACC	18.518055	-3.0933216	-5.407181
727773815	ACC	18.25006	-3.610171	-5.88096
727773825	ACC	17.804993	-3.9547377	-6.1393847
727773834	ACC	17.374285	-4.342375	-6.25424
727773844	ACC	17.106289	-4.6965127	-6.1441703
727773853	ACC	16.795221	-4.9549375	-5.9288163
727773863	ACC	16.220945	-5.1272206	-5.708677
727773872	ACC	15.507884	-5.2947183	-5.5746784
727773882	ACC	14.651253	-5.361717	-5.4406805
727773891	ACC	13.651053	-5.3569317	-5.239683
727773901	ACC	12.579068	-5.3425746	-5.024329
727773910	ACC	11.722438	-5.337789	-4.7371907
727773920	ACC	10.980663	-5.261219	-4.5074797
727773929	ACC	10.358529	-5.155935	-4.2634115
727773939	ACC	9.817751	-5.08415	-4.0145583
727773948	ACC	9.29133	-5.0219364	-3.8757744
727773958	ACC	8.688339	-4.859225	-3.708277
727773967	ACC	7.984849	-4.730012	-3.5742788
727773977	ACC	7.314859	-4.538586	-3.4929228
727773986	ACC	6.759724	-4.3519464	-3.3445678
727773996	ACC	6.166304	-4.136592	-3.153142
727774005	ACC	5.6446686	-3.9260237	-2.966502
727774015	ACC	5.2283173	-3.8255253	-2.7415764
727774024	ACC	4.773681	-3.705884	-2.4687948
727774034	ACC	4.35733	-3.6436708	-2.1768703
727774043	ACC	3.9170506	-3.5671003	-1.817947
727774053	ACC	3.5772698	-3.557529	-1.4781662
727774062	ACC	3.35713	-3.4666018	-1.2053844
727774072	ACC	3.0939198	-3.4283166	-1.0426725
727774081	ACC	2.8833513	-3.3661032	-1.0139586
727774091	ACC	2.7349963	-3.3278182	-1.0043873
727774100	ACC	2.6775684	-3.313461	-1.0713863
727774110	ACC	2.605784	-3.289533	-1.3441681
727774119	ACC	2.4717858	-3.289533	-1.6217356
727774129	ACC	2.3904297	-3.2703903	-1.9854445
727774138	ACC	2.1942184	-3.2368908	-2.2869403
727774148	ACC	2.036292	-3.246462	-2.4879375
727774157	ACC	1.9357935	-3.2847474	-2.6841488
727774167	ACC	1.9310079	-3.3182468	-2.7463622
727774176	ACC	2.0602202	-3.3756745	-2.7463622
727774186	ACC	2.2899313	-3.5336008	-2.6793633
727774195	ACC	2.7158537	-3.6915271	-2.5405796
727774205	ACC	3.318845	-3.8063827	-2.574079
727774214	ACC	4.0366917	-3.9020956	-2.708077
727774224	ACC	4.5678983	-3.9595232	-2.9617162
727774233	ACC	5.0751767	-3.9738803	-3.2440693
727774243	ACC	5.4963136	-4.0648074	-3.4450665
727774252	ACC	5.9174504	-4.1605206	-3.6077783
727774262	ACC	6.424729	-4.323232	-3.7130625
727774271	ACC	6.8602223	-4.4524446	-3.8231323
727774281	ACC	7.24786	-4.476373	-3.8805602
727774290	ACC	7.884351	-4.4811587	-3.9619162
727774300	ACC	8.860622	-4.4668016	-4.004987
727774309	ACC	10.258031	-4.5768714	-4.2251267
727774319	ACC	11.875579	-4.6486564	-4.5409794
727774328	ACC	13.296915	-4.6007996	-4.818547
727774338	ACC	14.177474	-4.4572306	-5.1200423
727774347	ACC	14.574683	-4.356732	-5.536393
727774357	ACC	14.914464	-4.356732	-5.924031
727774366	ACC	14.933606	-4.366303	-6.005387
727774375	ACC	14.723038	-4.371089	-5.775676
727774385	ACC	14.598611	-4.4428735	-5.4550376
727774394	ACC	14.699109	-4.581657	-4.9860444
727774404	ACC	15.058033	-4.6295137	-4.4165525
727774413	ACC	15.469599	-4.471587	-4.153342
727774423	ACC	15.866807	-4.2705903	-3.9858444
727774432	ACC	16.101303	-3.9690945	-3.894917
727774442	ACC	16.173088	-3.4809587	-4.0384865
727774451	ACC	16.388443	-3.0598218	-4.5409794
727774461	ACC	16.575083	-2.6243281	-5.110471
727774470	ACC	16.508083	-2.059622	-5.4167523
727774480	ACC	16.311872	-1.6002002	-5.622535
727774489	ACC	16.19223	-1.3704891	-5.3353963
727774499	ACC	16.024733	-0.99720883	-4.555336
727774508	ACC	15.70888	-0.44685963	-3.8853457
727774518	ACC	15.416956	-0.04007978	-3.6987057
727774527	ACC	15.273387	0.25663024	-3.679563
727774537	ACC	15.192031	0.47198427	-3.6029928
727774546	ACC	15.024533	0.74476606	-3.464209
727774556	ACC	14.569897	1.041476	-3.3062828
727774565	ACC	14.120047	1.1419746	-3.0526435
727774575	ACC	13.655839	1.1371889	-2.7511477
727774584	ACC	13.244273	1.1467602	-2.3108685
727774594	ACC	12.847065	1.2233306	-1.7988044
727774603	ACC	12.425928	1.1515459	-1.4159528
727774613	ACC	12.081362	0.9984053	-1.090529
727774622	ACC	11.669796	0.95054877	-0.71724856
727774632	ACC	11.215159	0.9840483	-0.3822534
727774641	ACC	10.856236	0.9553344	-0.19082761
727774651	ACC	10.703095	0.84047896	-0.1477568
727774660	ACC	10.674382	0.7256235	-0.037686955
727774670	ACC	10.612168	0.6538388	0.029312078
727774679	ACC	10.549955	0.5389833	-0.05682954
727774689	ACC	10.463814	0.4432704	-0.10468599
727774698	ACC	10.392029	0.36191443	-0.1477568
727774708	ACC	10.473385	0.24705894	-0.32482567
727774717	ACC	10.7126665	0.17527425	-0.49232325
727774727	ACC	11.0811615	0.10827523	-0.68853474
727774736	ACC	11.569298	0.050847482	-1.0235299
727774746	ACC	12.062219	0.0029910284	-1.2340983
727774755	ACC	12.464213	-0.116650105	-1.5547365
727774765	ACC	12.77528	-0.32243285	-1.9232312
727774774	ACC	13.004992	-0.5521438	-2.1625135
727774784	ACC	13.2921295	-0.8536395	-2.2677977
727774793	ACC	13.622339	-1.1599208	-2.3491535
727774803	ACC	13.856836	-1.3848461	-2.4831517
727774812	ACC	14.105689	-1.5858432	-2.69372
727774822	ACC	14.411971	-1.8011973	-2.9282167
727774831	ACC	14.689538	-2.0691934	-3.330211
727774841	ACC	15.024533	-2.4089742	-3.976273
727774850	ACC	15.354743	-2.7678976	-4.3926244
727774860	ACC	15.579668	-3.2273195	-4.4596233
727774869	ACC	15.416956	-3.4522448	-4.5744786
727774879	ACC	15.211174	-3.7106698	-4.6893344
727774888	ACC	15.129818	-4.0791645	-4.8376894
727774898	ACC	15.2063875	-4.356732	-5.0482574
727774907	ACC	15.220745	-4.3998027	-5.2779684
727774917	ACC	15.378671	-4.3998027	-5.526822
727774926	ACC	15.699309	-4.4093738	-5.813961
727774936	ACC	15.972091	-4.433302	-6.0101724
727774945	ACC	15.838093	-4.4524446	-6.1680984
727774955	ACC	15.455241	-4.4572306	-6.230312
727774964	ACC	15.03889	-4.41416	-6.1393847
727774974	ACC	14.569897	-4.3088756	-5.7517476
727774983	ACC	14.249259	-4.256233	-5.3162537
727774993	ACC	13.966906	-4.1892343	-5.0386863
727775002	ACC	13.58884	-4.1174498	-4.6893344
727775012	ACC	13.028919	-3.9403806	-4.421338
727775021	ACC	12.435499	-3.610171	-4.2251267
727775031	ACC	11.966506	-3.222534	-4.205984
727775040	ACC	11.803794	-2.868396	-4.2442694
727775050	ACC	11.736795	-2.653042	-4.2634115
727775059	ACC	11.358729	-2.562115	-4.39741
727775069	ACC	10.631311	-2.5094728	-4.354339
727775078	ACC	9.750752	-2.2701905	-3.8374894
727775088	ACC	8.927621	-1.939981	-3.0765717
727775097	ACC	8.195417	-1.5906289	-2.545365
727775107	ACC	7.530213	-1.3082758	-3.2009985
727775116	ACC	6.65444	-0.96849495	-2.2582264
727775126	ACC	6.233303	-0.6861419	-1.7892331
727775135	ACC	5.8217373	-0.49471608	-1.7174485
727775145	ACC	5.558527	-0.6622137	-1.3154542
727775154	ACC	5.4053864	-0.85842514	-0.5880362
727775164	ACC	5.218746	-0.62871414	0.6131608
727775173	ACC	5.0177493	-0.14536397	1.4219348
727775183	ACC	4.682754	0.30927232	1.6277176
727775192	ACC	4.4339004	0.5485546	1.6420746
727775202	ACC	3.8117664	0.6729814	1.5607185
727775211	ACC	3.5581272	0.69212395	1.608575
727775221	ACC	3.3140593	0.78783685	2.0440688
727775230	ACC	3.0125637	0.9696914	2.6757739
727775240	ACC	2.8594232	1.2424731	3.2452657
727775249	ACC	3.117848	1.4243277	3.3936207
727775259	ACC	3.4097722	1.5056837	4.211966
727775268	ACC	3.9074793	1.797608	4.6091747
727775278	ACC	4.520042	2.0225334	4.7766724
727775287	ACC	4.8119664	2.0847468	5.044668
727775297	ACC	4.6875396	2.242673	5.1643095
727775306	ACC	4.2185464	2.4293132	5.2743793
727775316	ACC	3.4719856	2.4628127	5.7577295
727775325	ACC	2.9359934	2.5728827	6.31765
727775335	ACC	2.644069	2.7116663	6.5760746
727775344	ACC	2.5818555	2.7451658	6.8775706
727775354	ACC	2.644069	2.7738798	7.112067
727775363	ACC	2.8259234	2.7786653	7.42792
727775373	ACC	3.0652058	2.7643085	7.7964144
727775382	ACC	3.3714871	2.7643085	8.251051
727775392	ACC	3.6681972	2.8265216	8.542975
727775401	ACC	3.802195	2.9270203	8.609974
727775411	ACC	3.9601214	2.9892337	8.528618
727775420	ACC	4.113262	3.0705895	8.236693
727775430	ACC	4.0414777	3.1136606	7.973483
727775439	ACC	3.8165522	3.1136606	8.021339
727775449	ACC	3.696911	3.1280174	8.030911
727775458	ACC	3.591627	3.065804	8.2558365
727775468	ACC	3.4863427	3.0035906	8.743972
727775477	ACC	3.5437703	2.9748766	9.031111
727775487	ACC	3.6346977	2.9413772	8.968898
727775496	ACC	3.6251264	3.0466614	8.777472
727775506	ACC	3.5294135	3.0897322	8.475976
727775515	ACC	3.4097722	3.0083764	8.404191
727775525	ACC	3.2853456	2.917449	8.638688
727775534	ACC	3.1082766	2.8025935	9.035896
727775544	ACC	2.993421	2.7212377	9.327821
727775553	ACC	3.199204	2.8313074	9.241679
727775563	ACC	4.510471	3.2572298	8.485547
727775572	ACC	3.9218364	3.4486556	8.073982
727775582	ACC	3.802195	3.5539398	7.7054873
727775591	ACC	3.888337	3.4151561	7.3178496
727775601	ACC	3.711268	3.5156546	7.5379896
727775610	ACC	3.4863427	3.4055848	8.088339
727775620	ACC	3.4911282	3.3194432	8.542975
727775629	ACC	3.5150564	3.1280174	9.011969
727775639	ACC	3.6059837	3.1806595	8.873184
727775648	ACC	3.3667014	3.1998022	8.447262
727775658	ACC	3.0412776	3.132803	8.083553
727775667	ACC	2.792424	3.0562327	7.825128
727775677	ACC	2.4909284	2.9605198	7.9926257
727775686	ACC	2.4526432	2.864807	8.341978
727775696	ACC	2.4861426	2.74038	8.772686
727775705	ACC	2.4909284	2.687738	9.016754
727775715	ACC	2.309074	2.7068806	9.050254
727775724	ACC	2.28036	2.7882366	8.897113
727775734	ACC	2.2612174	2.8408787	8.6961155
727775743	ACC	2.3186452	2.8983064	8.523832
727775753	ACC	2.3282163	2.9605198	8.3994055
727775762	ACC	2.3569303	3.0083764	8.332407
727775772	ACC	2.3904297	2.998805	8.327621
727775781	ACC	2.4335005	3.0227332	8.289336
727775791	ACC	2.5339992	3.1519456	8.686544
727775800	ACC	2.8354948	3.539583	9.011969
727775810	ACC	3.8117664	2.7116663	7.5475607
727775819	ACC	3.9218364	3.2620156	7.179066
727775829	ACC	3.8644085	3.9990048	7.8059855
727775838	ACC	3.8931224	3.932006	7.963912
727775848	ACC	3.8691943	3.6209388	8.351549
727775857	ACC	3.65384	3.4199417	8.676973
