727820088	ACC	2.7349963	1.8263218	9.093325
727820107	ACC	2.6153553	1.8502501	8.542975
727820126	ACC	2.6249263	1.8311075	8.322835
727820145	ACC	2.5818555	1.783251	8.609974
727820165	ACC	2.7014968	1.6540387	9.241679
727820184	ACC	2.8019953	1.7258233	9.423533
727820203	ACC	2.7158537	1.8358932	9.193823
727820222	ACC	2.4765713	1.9363917	9.040682
727820241	ACC	2.457429	1.9411774	9.260822
727820260	ACC	2.4191437	1.9172492	9.54796
727820279	ACC	2.2420747	1.9507487	9.519247
727820298	ACC	2.1750758	1.9938195	9.236894
727820317	ACC	2.0171494	2.0225334	8.949755
727820336	ACC	1.8257236	2.0033908	8.873184
727820355	ACC	1.9788643	1.9938195	9.02154
727820374	ACC	2.2660031	2.012962	9.241679
727820393	ACC	2.2037897	2.0081763	9.323035
727820412	ACC	1.969293	1.9890338	9.222537
727820431	ACC	1.8783658	1.945963	9.126823
727820450	ACC	2.0745773	1.945963	9.155538
727820469	ACC	2.2947168	1.9938195	9.385248
727820488	ACC	2.3521447	2.0464616	9.557532
727820507	ACC	2.3904297	2.079961	9.562318
727820526	ACC	2.347359	2.0225334	9.562318
727820545	ACC	2.2995026	1.9698912	9.509675
727820564	ACC	2.2325034	2.0177476	9.31825
727820583	ACC	2.2851455	2.0656042	9.236894
727820602	ACC	2.2420747	2.027319	9.265608
727820621	ACC	2.1702902	2.027319	9.179466
727820640	ACC	2.2564318	2.027319	9.141181
727820659	ACC	2.3521447	2.0321047	9.131609
727820678	ACC	2.3712873	2.0225334	9.165109
727820697	ACC	2.3521447	1.9938195	9.28475
727820716	ACC	2.2995026	1.9411774	9.299107
727820735	ACC	2.2707887	1.9268204	9.232108
727820754	ACC	2.3712873	1.9076779	9.265608
727820773	ACC	2.481357	1.9555343	9.308679
727820792	ACC	2.4526432	2.0321047	9.088538
727820811	ACC	2.3377876	2.0368903	9.069396
727820830	ACC	2.2899313	1.9268204	9.437891
727820849	ACC	2.2899313	1.8598214	9.643674
727820868	ACC	2.4526432	1.931606	9.47139
727820887	ACC	2.4861426	2.0368903	9.122038
727820906	ACC	2.400001	2.1278176	8.758329
727820925	ACC	2.347359	2.0703897	8.825328
727820944	ACC	2.3377876	1.9651057	9.227323
727820963	ACC	2.3425734	1.9172492	9.509675
727820982	ACC	2.3808584	1.9698912	9.509675
727821001	ACC	2.5148566	2.0895324	9.246465
727821020	ACC	2.57707	2.1038892	9.308679
727821039	ACC	2.3712873	2.0368903	8.868399
727821170	ACC	2.4478576	2.0608184	8.6961155
727821179	ACC	2.4382863	2.0512471	8.667402
727821189	ACC	2.5052853	1.945963	8.595617
727821198	ACC	2.6009982	1.8550358	8.514261
727821208	ACC	2.57707	1.7880367	8.461619
727821217	ACC	2.6392834	1.6396817	8.480762
727821227	ACC	2.7302105	1.66361	8.375478
727821236	ACC	3.0652058	1.5726827	8.0404825
727821246	ACC	3.0412776	1.3908281	7.9686975
727821255	ACC	2.926422	1.2951152	7.882556
727821265	ACC	2.8642087	1.0797613	7.758129
727821274	ACC	2.940779	0.8596215	7.676773
727821284	ACC	2.902494	0.63948184	7.518847
727821293	ACC	2.7732813	0.47676992	7.179066
727821303	ACC	2.6153553	0.28055847	6.7292156
727821312	ACC	2.5339992	-0.044865426	6.236294
727821322	ACC	2.57707	-0.32243285	5.8247285
727821331	ACC	2.548356	-0.48993045	5.2887363
727821341	ACC	2.6153553	-0.39421752	4.604389
727821350	ACC	2.8498518	-0.09750752	3.417549
727821360	ACC	3.4624143	-0.116650105	2.1158533
727821369	ACC	4.395615	-0.43728834	1.2640085
727821379	ACC	4.7306104	-0.7531409	0.5461618
727821388	ACC	4.9938207	-1.0833504	0.081954174
727821398	ACC	5.194818	-1.2221341	-0.20039889
727821407	ACC	5.1469617	-1.4231312	-0.11425728
727821417	ACC	5.1421757	-1.4614165	0.08673982
727821426	ACC	5.386244	-1.6002002	0.24466611
727821436	ACC	5.907879	-2.030908	0.421735
727821445	ACC	6.4295144	-2.3515465	0.8285148
727821455	ACC	6.472585	-2.2031915	1.1682956
727821464	ACC	6.6352973	-2.3276181	1.1922239
727821474	ACC	7.0085773	-2.6913273	0.9720842
727821483	ACC	7.338787	-2.992823	0.61794645
727821493	ACC	7.793423	-3.1890345	0.41694933
727821502	ACC	8.118847	-3.2033913	0.63230336
727821512	ACC	8.592627	-3.1890345	1.0773684
727821521	ACC	9.243474	-3.2560334	1.4410775
727821531	ACC	10.07139	-3.2368908	1.6420746
727821540	ACC	11.172089	-3.1698918	1.4985052
727821550	ACC	12.239287	-3.141178	0.87158567
727821559	ACC	12.8518505	-3.0598218	0.010169496
727821569	ACC	13.052848	-2.868396	-0.9086744
727821578	ACC	13.229917	-2.6099713	-1.7078772
727821588	ACC	13.55534	-2.4281168	-2.2869403
727821597	ACC	14.105689	-2.332404	-2.7032914
727821607	ACC	15.622739	-2.0739791	-3.0143583
727821616	ACC	16.871792	-1.8873389	-3.3254254
727821626	ACC	17.608782	-1.6863418	-4.0719857
727821635	ACC	17.934206	-1.5714862	-4.464409
727821645	ACC	17.465212	-1.561915	-4.215555
727821654	ACC	16.70908	-1.5140585	-3.6317065
727821664	ACC	15.948163	-1.3561323	-2.8085756
727821673	ACC	15.1346035	-1.2843475	-2.0285153
727821682	ACC	14.675181	-1.3657036	-1.5738791
727821692	ACC	15.546168	-1.4518452	-1.1670992
727821701	ACC	17.015362	-1.1503495	-0.6119644
727821711	ACC	18.120846	-0.3272185	0.13938192
727821720	ACC	18.56591	0.9409775	0.90029955
727821730	ACC	18.599411	2.391028	1.0486546
727821739	ACC	18.695124	3.7740796	0.3260221
727821749	ACC	18.690338	4.7216372	-1.0187442
727821758	ACC	18.398413	5.439484	-2.492723
727821768	ACC	17.97249	6.233901	-3.5168512
727821777	ACC	17.809778	6.726823	-3.842275
727821787	ACC	17.694923	6.9708905	-3.3876386
727821796	ACC	17.594425	6.678966	-2.1050856
727821806	ACC	17.393427	7.1623163	-0.2434697
727821815	ACC	16.814365	7.750951	1.5320047
727821825	ACC	16.594225	7.966305	2.5992036
727821834	ACC	16.52244	7.765308	2.7475586
727821844	ACC	16.18266	7.2532434	1.8622142
727821853	ACC	16.043877	6.6215386	0.34516466
727821863	ACC	15.842878	5.9706907	-1.3010973
727821872	ACC	15.675381	5.2863436	-2.842075
727821882	ACC	15.440885	4.5445685	-4.0384865
727821891	ACC	15.058033	3.7453656	-4.7898326
727821901	ACC	14.675181	2.9270203	-5.2683973
727821910	ACC	14.536398	2.1230319	-5.593821
727821920	ACC	14.8378935	1.2616158	-5.6560345
727821929	ACC	15.364314	0.50069815	-5.378467
727821939	ACC	15.598811	-0.20757736	-5.124828
727821948	ACC	15.436099	-1.0402796	-4.6558347
727821958	ACC	14.713467	-1.762912	-3.842275
727821967	ACC	13.785051	-2.2558336	-3.0670004
727821977	ACC	12.971492	-2.667399	-2.641078
727821986	ACC	12.18186	-2.8636105	-2.708077
727821996	ACC	11.617154	-3.1890345	-3.114857
727822005	ACC	11.038091	-3.461816	-3.6317065
727822015	ACC	10.377672	-3.6580276	-4.086343
727822024	ACC	9.765109	-3.8638103	-4.36391
727822034	ACC	9.18126	-4.08395	-4.421338
727822043	ACC	8.539984	-4.41416	-4.4117665
727822053	ACC	7.8604226	-4.720441	-4.450052
727822062	ACC	7.300502	-4.935795	-4.383053
727822072	ACC	6.8171515	-5.1415777	-4.0767717
727822081	ACC	6.262017	-5.213362	-3.5168512
727822091	ACC	5.6877394	-5.1415777	-2.966502
727822100	ACC	5.218746	-5.0697927	-2.545365
727822110	ACC	4.8358946	-5.1032925	-2.3587248
727822119	ACC	4.510471	-5.165506	-2.2869403
727822129	ACC	4.223332	-5.3090754	-2.2534406
727822138	ACC	3.9361932	-5.6536417	-2.1242282
727822148	ACC	3.5772698	-5.610571	-2.018944
727822157	ACC	3.1561332	-5.543572	-1.80359
727822167	ACC	2.8594232	-5.5627146	-1.6983058
727822176	ACC	2.5914268	-5.5244293	-1.7174485
727822186	ACC	2.2612174	-5.38086	-1.8514465
727822195	ACC	1.8975084	-5.232505	-2.129014
727822205	ACC	1.68694	-5.189434	-2.3826532
727822214	ACC	1.7252251	-5.1846485	-2.4065814
727822224	ACC	2.1798615	-5.179863	-2.3060827
727822233	ACC	2.8546374	-5.1272206	-2.1720848
727822243	ACC	3.615555	-5.0602217	-2.1768703
727822252	ACC	4.3908296	-4.935795	-2.3252254
727822262	ACC	4.965107	-4.7778687	-2.6745775
727822271	ACC	5.319245	-4.5481577	-2.9856443
727822281	ACC	5.4341	-4.4189453	-3.1579278
727822290	ACC	5.773881	-4.667799	-2.818147
727822300	ACC	5.9318075	-4.529015	-1.7078772
727822309	ACC	6.472585	-4.4428735	-0.69332033
727822319	ACC	7.2957163	-4.356732	-0.5832505
727822328	ACC	8.252846	-4.342375	-1.1096715
727822338	ACC	9.233903	-4.289733	-1.9040886
727822347	ACC	10.157532	-4.0121655	-2.7128627
727822357	ACC	11.0811615	-3.6963127	-3.4929228
727822366	ACC	12.062219	-3.4857445	-4.148556
727822376	ACC	12.80878	-3.409174	-4.58405
727822385	ACC	13.674981	-3.4570305	-4.8472605
727822395	ACC	14.608182	-3.3900316	-4.7563334
727822404	ACC	15.47917	-3.2321053	-4.5170507
727822414	ACC	16.11566	-3.1459637	-4.258626
727822423	ACC	16.73301	-3.0598218	-4.191627
727822433	ACC	17.029718	-2.8444679	-4.2203407
727822442	ACC	17.120646	-2.5094728	-4.4548373
727822452	ACC	17.06322	-2.126621	-4.828118
727822461	ACC	16.594225	-1.6671991	-5.258826
727822471	ACC	16.374084	-1.2173486	-5.3018966
727822480	ACC	16.761723	-0.590429	-4.8137608
727822490	ACC	17.321644	0.4336991	-3.9188452
727822499	ACC	18.11606	1.5774683	-3.019144
727822509	ACC	19.020548	2.5824537	-2.4161527
727822518	ACC	19.575682	3.5970106	-2.248655
727822528	ACC	19.59961	4.5876393	-2.2295125
727822537	ACC	19.207188	5.401199	-2.1098714
727822547	ACC	18.364914	6.133403	-1.7988044
727822556	ACC	17.163717	6.851249	-1.2819548
727822566	ACC	16.220945	7.057032	-0.75553375
727822575	ACC	15.440885	6.9708905	-0.16211374
727822585	ACC	14.6129675	6.8225355	0.24945176
727822594	ACC	13.808979	6.6311097	0.56530434
727822604	ACC	13.052848	6.209973	0.78065836
727822613	ACC	12.354143	5.994619	0.75194454
727822623	ACC	12.004791	6.018547	0.96729857
727822632	ACC	12.076576	5.549554	1.2496517
727822642	ACC	12.430714	5.2049875	0.9098708
727822651	ACC	13.10549	4.7024946	0.30209386
727822661	ACC	13.646268	4.2000017	-0.42053857
727822670	ACC	14.086547	3.5826538	-1.2005987
727822680	ACC	14.512469	3.161517	-2.047658
727822689	ACC	15.096318	2.5680969	-2.9186454
727822699	ACC	15.637096	1.9363917	-3.6699917
727822708	ACC	16.08216	1.5343975	-4.2107697
727822718	ACC	16.656439	1.0797613	-4.531408
727822727	ACC	17.403	0.45762733	-4.6462636
727822737	ACC	18.072989	-0.20279172	-4.785047
727822746	ACC	18.058632	-0.8488538	-4.8329034
727822756	ACC	17.479568	-1.4566308	-4.732405
727822765	ACC	16.369299	-1.9974087	-4.4452662
727822775	ACC	15.220745	-2.5956144	-4.019344
727822784	ACC	14.091332	-3.0502508	-3.531208
727822794	ACC	13.124632	-3.5527434	-3.205784
727822803	ACC	12.1866455	-3.9738803	-3.0765717
727822813	ACC	11.215159	-4.1844487	-3.0765717
727822822	ACC	10.439885	-4.5673003	-2.909074
727822832	ACC	9.47797	-4.854439	-3.0526435
727822841	ACC	8.10449	-4.8209395	-3.4977086
727822851	ACC	6.946364	-4.892724	-3.9714873
727822860	ACC	5.8265233	-4.9405804	-4.158128
727822870	ACC	4.706682	-4.768297	-4.158128
727822879	ACC	3.7974095	-4.734798	-4.205984
727822889	ACC	3.0269206	-4.8448677	-4.3878384
727822898	ACC	2.333002	-4.9453664	-4.383053
727822908	ACC	1.5672989	-5.256433	-3.9427736
727822917	ACC	0.7728817	-5.596214	-3.3876386
727822927	ACC	0.040677983	-5.9264235	-2.6745775
727822936	ACC	-0.552742	-6.3475604	-1.7940187
727822946	ACC	-0.95473623	-6.45763	-0.94695956
727822955	ACC	-1.0648061	-6.2901325	-0.34396824
727822965	ACC	-0.89730847	-6.1561346	-0.15254244
727822974	ACC	-0.73459655	-5.8546386	-0.4109673
727822984	ACC	-0.34217364	-5.581857	-0.9421739
727822993	ACC	0.083748795	-5.3090754	-1.3298112
727823003	ACC	0.7728817	-5.1176496	-1.8083757
727823012	ACC	1.1030912	-4.639085	-2.4209383
727823022	ACC	1.5290136	-4.3854456	-2.5836504
727823031	ACC	2.4478576	-4.538586	-2.6219354
727823041	ACC	3.1513474	-4.667799	-3.0813572
727823050	ACC	3.9649072	-4.988437	-3.2536407
727823060	ACC	4.587041	-4.854439	-2.4879375
727823069	ACC	5.501099	-5.0602217	-1.3920245
727823079	ACC	6.290731	-4.854439	-1.5308083
727823088	ACC	7.3052874	-4.859225	-2.0285153
727823098	ACC	8.4682	-4.7395835	-2.545365
727823107	ACC	9.626326	-4.5768714	-3.4307094
727823117	ACC	10.846665	-4.4811587	-4.4261236
727823126	ACC	12.244074	-4.4859443	-5.1583276
727823135	ACC	13.813766	-4.557729	-5.775676
727823145	ACC	15.483955	-4.768297	-6.259026
727823154	ACC	16.895721	-5.1415777	-6.311668
727823164	ACC	17.737995	-5.5052867	-5.7469616
727823173	ACC	18.206987	-5.5866427	-4.2203407
727823183	ACC	18.130417	-5.3569317	-2.966502
727823192	ACC	17.958134	-5.132006	-2.6554348
727823202	ACC	18.029919	-4.9788656	-3.2201412
727823211	ACC	18.187845	-4.6151567	-4.258626
727823221	ACC	18.613768	-3.9882371	-5.3449674
727823230	ACC	18.996618	-3.2847474	-6.3547387
727823240	ACC	19.838892	-2.6004	-7.1012993
727823249	ACC	20.374886	-1.7964116	-7.579864
727823259	ACC	19.733608	-0.7579266	-7.3214393
727823268	ACC	18.460627	0.32362926	-6.1250277
727823278	ACC	17.235502	1.4673985	-4.258626
727823287	ACC	16.4028	2.6685956	-2.4831517
727823297	ACC	16.18266	3.8554354	-1.1240284
727823306	ACC	16.41237	4.903492	-0.6263213
727823316	ACC	16.723438	5.745765	-0.75553375
727823325	ACC	16.905293	6.430113	-0.80817586
727823335	ACC	16.843079	7.009176	-0.4444668
727823344	ACC	16.52244	7.4398837	0.27816564
727823354	ACC	15.63231	7.602596	1.0295119
727823363	ACC	14.536398	7.4159555	1.7234305
727823373	ACC	13.349558	7.3106713	2.3790638
727823382	ACC	12.430714	7.3585277	2.781058
727823392	ACC	12.033505	7.339385	2.8528428
727823401	ACC	12.368501	7.1766734	2.1828525
727823411	ACC	13.215559	6.9613194	1.0630114
727823420	ACC	14.220545	6.6167526	0.096311115
727823430	ACC	15.2063875	5.9754763	-0.7507481
727823439	ACC	16.106089	5.1379886	-1.3106686
727823449	ACC	16.752151	4.156931	-1.7030915
727823458	ACC	17.068005	3.0035906	-2.3395824
727823468	ACC	17.111074	1.945963	-3.0000014
727823477	ACC	16.981863	0.8739785	-3.866203
727823487	ACC	16.99622	-0.1692922	-4.6414776
727823496	ACC	16.977077	-1.1503495	-5.2779684
727823506	ACC	16.804794	-2.0979073	-5.675177
727823515	ACC	16.52244	-2.9210382	-5.890531
727823525	ACC	16.125233	-3.610171	-5.971887
727823534	ACC	15.464812	-4.1605206	-5.981458
727823544	ACC	14.684752	-4.610371	-6.014958
727823553	ACC	13.861622	-5.1032925	-6.0197434
727823563	ACC	13.076776	-5.648856	-5.8187466
727823572	ACC	12.14836	-6.309275	-5.407181
727823582	ACC	10.683953	-6.821339	-5.043472
727823591	ACC	9.147761	-7.228119	-4.5936213
727823601	ACC	7.865208	-7.472187	-3.894917
727823610	ACC	6.9990063	-7.400402	-3.2009985
727823620	ACC	6.4343	-7.2329044	-2.6650062
727823629	ACC	6.108876	-7.0462646	-2.4305096
727823639	ACC	5.8265233	-6.8691955	-2.4975085
727823648	ACC	5.601598	-6.806982	-2.7655048
727823658	ACC	5.032106	-6.7447686	-3.019144
727823667	ACC	3.8165522	-6.878767	-3.3780673
727823677	ACC	2.333002	-6.8835526	-3.7561333
727823686	ACC	0.5192425	-6.931409	-3.866203
727823696	ACC	-1.0217353	-6.4815583	-3.7034912
727823705	ACC	-1.9645073	-6.9074807	-3.2679975
727823715	ACC	-2.2420747	-6.328418	-3.033501
727823724	ACC	-1.8161523	-5.9790654	-2.6650062
727823734	ACC	-0.8255238	-5.773283	-2.5070798
727823743	ACC	0.33260235	-5.596214	-2.5118656
727823753	ACC	1.4668003	-5.313861	-2.5980072
727823762	ACC	2.376073	-4.9118667	-2.669792
727823772	ACC	2.7972097	-4.4189453	-2.3539393
727823781	ACC	3.6059837	-4.624728	-1.7796619
727823791	ACC	3.1561332	-3.7010984	-2.5022943
727823800	ACC	3.7160535	-3.6628132	-2.6889346
727823810	ACC	3.6873398	-3.5479577	-2.9808588
727823819	ACC	4.1754756	-3.3565319	-3.545565
727823829	ACC	4.8502517	-3.1698918	-3.7034912
727823838	ACC	5.2283173	-2.992823	-3.8183467
727823848	ACC	6.013163	-3.1172497	-4.1198425
727823857	ACC	7.0229344	-3.0933216	-4.3686957
727823867	ACC	7.7551384	-3.074179	-4.2203407
727823876	ACC	8.506484	-3.2129626	-3.923631
727823886	ACC	9.482756	-3.5766716	-3.531208
727823895	ACC	10.21496	-3.8494534	-2.8325038
727823905	ACC	11.301301	-4.0887356	-1.750948
727823914	ACC	12.713067	-4.074379	-0.71246296
727823924	ACC	14.220545	-3.9930227	-0.74117684
727823933	ACC	15.972091	-4.031308	-1.6456637
727823943	ACC	17.59921	-3.8877387	-2.7559335
727823952	ACC	19.097118	-3.2081769	-3.69392
727823962	ACC	20.22653	-2.236691	-4.39741
727823971	ACC	20.891735	-1.0785648	-4.808975
727823981	ACC	21.164516	0.23748764	-4.9381876
727823990	ACC	21.738794	1.4913267	-4.6749773
727824000	ACC	22.56671	2.6590242	-4.2011986
727824009	ACC	23.595625	3.932006	-3.4450665
727824019	ACC	24.648466	5.2193446	-2.5310082
727824028	ACC	25.351955	6.3343997	-2.0572293
727824038	ACC	25.667809	7.2436724	-1.9519451
727824047	ACC	25.141388	7.9615192	-2.018944
727824057	ACC	23.78705	8.239086	-2.315654
727824066	ACC	22.00679	7.966305	-2.440081
727824076	ACC	19.958534	7.420741	-2.1242282
727824085	ACC	17.938992	6.722037	-1.4207385
727824095	ACC	16.249659	5.8654065	-0.59282184
727824104	ACC	14.828321	5.023133	0.3068795
727824114	ACC	13.564912	4.3531427	1.0917253
727824123	ACC	12.760923	4.008576	1.393221
727824133	ACC	12.330215	3.5443685	1.3884354
727824142	ACC	12.344572	3.3672996	1.3405789
727824152	ACC	12.602997	3.3003006	1.2927225
727824161	ACC	12.856636	2.9318058	0.8141579
727824171	ACC	13.440485	2.2809582	0.22552353
727824180	ACC	13.99562	1.6061822	-0.52582276
727824190	ACC	14.608182	1.189831	-1.7653049
727824199	ACC	14.598611	0.5916254	-2.8468606
727824209	ACC	13.670196	0.381057	-3.1914272
727824218	ACC	12.095718	0.2853441	-3.7322052
727824228	ACC	11.062019	-0.09750752	-4.354339
727824237	ACC	11.047662	-0.61435723	-3.6987057
727824247	ACC	11.334801	-0.9445667	-2.8660033
727824256	ACC	11.784652	-1.6336997	-2.1003
727824266	ACC	12.325429	-2.2797618	-1.7796619
727824275	ACC	12.899707	-2.9306095	-1.9998015
727824285	ACC	13.727624	-3.5814574	-2.736791
727824294	ACC	13.244273	-4.1844487	-3.545565
727824304	ACC	12.071791	-4.390231	-4.0672
727824313	ACC	11.062019	-4.543372	-4.17727
727824323	ACC	8.793623	-5.5052867	-5.7517476
727824332	ACC	7.932207	-4.964509	-6.541379
727824342	ACC	7.6307116	-4.9549375	-7.5942206
727824351	ACC	7.735996	-5.620142	-8.0345
727824361	ACC	7.702496	-5.9264235	-8.14457
727824370	ACC	7.133004	-6.065207	-7.637292
727824380	ACC	6.0323057	-6.2805614	-6.95773
727824389	ACC	4.9603214	-6.5964136	-6.134599
727824399	ACC	4.1036906	-6.6011996	-5.0626144
727824408	ACC	3.6921253	-6.6394844	-3.9044883
727824418	ACC	3.65384	-6.7495546	-2.7559335
727824427	ACC	3.400201	-6.658627	-1.5978073
727824437	ACC	3.1848469	-6.6011996	-1.3106686
727824446	ACC	3.0699914	-6.6538415	-1.7748762
727824456	ACC	3.0412776	-6.6107707	-2.344368
727824465	ACC	2.9886355	-6.486344	-2.7750762
727824475	ACC	2.8546374	-6.261419	-2.842075
727824484	ACC	2.5052853	-5.8354964	-2.6267211
727824494	ACC	2.481357	-5.634499	-2.4783661
727824503	ACC	2.7876384	-5.577071	-2.464009
727824513	ACC	3.0747771	-5.395217	-2.5405796
727824522	ACC	3.5198421	-5.179863	-2.612364
727824532	ACC	4.1754756	-5.055436	-2.6362925
727824541	ACC	4.7832522	-4.916652	-2.4831517
727824551	ACC	5.3336015	-4.6438704	-2.047658
727824560	ACC	6.0323057	-4.816154	-1.9375881
727824570	ACC	6.506085	-4.6486564	-2.1337996
727824579	ACC	7.0085773	-4.5003014	-2.0859432
727824589	ACC	7.314859	-4.323232	-2.2821546
727824598	ACC	7.8699937	-4.0648074	-2.789433
727824608	ACC	8.209774	-3.9020956	-3.1052856
727824617	ACC	8.157132	-3.571886	-3.411567
727824627	ACC	8.3581295	-3.2991042	-3.3637104
727824636	ACC	9.075976	-3.2991042	-3.0143583
727824646	ACC	10.224531	-3.112464	-2.4975085
727824655	ACC	11.210374	-2.8636105	-2.2917259
727824665	ACC	12.177074	-2.466402	-2.0955145
727824674	ACC	12.502499	-2.0452652	-2.3108685
727824684	ACC	12.492927	-1.5523437	-2.3778675
727824693	ACC	12.406785	-1.1264212	-2.3491535
727824703	ACC	12.646068	-0.8153543	-2.2390838
727824712	ACC	13.239488	-0.7196414	-2.3347967
727824722	ACC	14.617754	-0.9062816	-2.0620148
727824731	ACC	15.919449	-0.74835527	-1.2915261
727824741	ACC	16.575083	-0.41336012	-0.74596244
727824750	ACC	17.015362	-0.0735793	-0.43010986
727824759	ACC	17.355143	0.31405798	-0.3152544
727824769	ACC	17.570498	0.73519474	-0.42053857
727824778	ACC	18.130417	1.3716856	-0.23868406
727824788	ACC	19.073189	2.056033	-0.0424726
727824797	ACC	19.451256	2.3048863	-0.6837491
727824807	ACC	20.934805	2.9222345	-1.1718849
727824816	ACC	21.71965	3.2237303	-2.0045872
727824826	ACC	22.346571	3.6161532	-2.722434
727824835	ACC	23.073988	4.2095733	-2.8612177
727824845	ACC	23.85405	4.281358	-2.9521449
727824854	ACC	24.232115	4.386642	-3.1052856
727824864	ACC	23.18406	4.74078	-2.842075
727824873	ACC	21.79622	4.8364925	-2.6602206
727824883	ACC	20.19303	4.6259246	-2.3300111
727824892	ACC	18.470198	4.4057846	-2.0141585
727824902	ACC	17.235502	4.066004	-1.3968102
727824911	ACC	16.551155	3.7022948	-0.7507481
727824921	ACC	16.283157	3.1998022	-0.19561325
727824930	ACC	16.249659	2.5824537	0.49351966
727824940	ACC	15.881164	2.1900308	1.2831511
727824949	ACC	15.192031	1.8406788	1.7521443
727824959	ACC	14.488541	1.486541	1.771287
727824968	ACC	13.981263	1.1324034	1.5176477
727824978	ACC	13.454842	0.85483587	0.99601245
727824987	ACC	13.024134	0.54376894	0.38344982
727824997	ACC	12.736995	0.1274178	-0.31046873
727825006	ACC	12.602997	-0.22671995	-0.84167534
727825016	ACC	12.713067	-0.6765706	-1.2532408
727825025	ACC	12.9954195	-1.1120644	-1.3441681
727825035	ACC	13.421342	-1.628914	-1.4255241
727825044	ACC	13.421342	-2.0404794	-1.5260227
727825054	ACC	13.076776	-2.4711876	-1.7940187
727825063	ACC	12.569497	-2.9066813	-1.9423738
727825073	ACC	11.933006	-3.437888	-1.9854445
727825082	ACC	11.191232	-3.8877387	-2.129014
727825092	ACC	10.521241	-4.366303	-2.3012972
727825101	ACC	9.937392	-4.8975096	-2.4592235
727825111	ACC	9.487542	-5.3856454	-2.5501506
727825120	ACC	9.296116	-5.9024954	-2.7750762
727825130	ACC	9.473185	-6.625128	-3.1292138
727825139	ACC	9.750752	-7.0845494	-3.3254254
727825149	ACC	9.425328	-7.34776	-3.382853
727825158	ACC	8.7266245	-7.5726852	-3.3924243
727825168	ACC	7.9944205	-7.6013994	-3.2967114
727825177	ACC	7.2622166	-7.563114	-3.3589249
727825187	ACC	6.448657	-7.45783	-3.5886357
727825196	ACC	5.5920267	-7.228119	-3.9714873
727825206	ACC	4.922036	-6.86441	-4.5218368
727825215	ACC	4.5631127	-6.510272	-5.000401
727825225	ACC	4.5008993	-6.122635	-5.445466
727825234	ACC	4.8215375	-5.8689957	-5.756533
727825244	ACC	5.046463	-5.773283	-6.0341005
727825253	ACC	5.003392	-5.6584272	-6.1824555
727825263	ACC	4.8263235	-5.6871414	-6.17767
727825272	ACC	4.429115	-5.7780685	-5.981458
727825282	ACC	3.993621	-5.907281	-5.445466
727825291	ACC	3.7016966	-6.065207	-4.670192
727825301	ACC	3.615555	-6.108278	-3.8374894
727825310	ACC	3.7591243	-5.9934225	-3.0526435
727825320	ACC	4.089334	-5.715855	-2.5118656
727825329	ACC	4.558327	-5.4000025	-2.3491535
727825339	ACC	5.2953167	-5.098507	-2.5645077
727825348	ACC	5.9653068	-4.734798	-3.0957143
727825358	ACC	6.300302	-4.289733	-3.650849
727825367	ACC	6.309873	-3.7537405	-3.976273
727825377	ACC	6.908079	-3.6436708	-4.383053
727825386	ACC	6.8410797	-3.1746774	-4.430909
727825396	ACC	6.8219376	-3.00718	-3.8135612
727825405	ACC	6.6975107	-2.9018958	-3.39721
727825415	ACC	6.8602223	-2.9066813	-3.1100712
727825424	ACC	7.21436	-2.925824	-2.6841488
727825434	ACC	7.8604226	-2.801397	-2.5118656
727825443	ACC	8.496913	-2.6338995	-2.6027927
727825453	ACC	9.018549	-2.5142584	-2.7702904
727825462	ACC	9.659825	-2.2941186	-3.1339993
727825472	ACC	9.95175	-1.9208384	-3.382853
727825481	ACC	9.927821	-1.5284154	-3.6173496
727825491	ACC	9.860822	-1.1551352	-3.799204
727825500	ACC	9.985249	-0.78664047	-3.9954157
727825510	ACC	10.301102	-0.509073	-4.148556
727825519	ACC	11.191232	-0.37986058	-3.7896328
727825529	ACC	12.067004	-0.07836494	-3.0813572
727825538	ACC	12.947563	0.19441684	-2.3012972
727825548	ACC	14.402399	0.17527425	-1.3824533
727825557	ACC	15.847665	0.36670008	-0.5162515
727825567	ACC	16.532011	0.9409775	0.11066805
727825576	ACC	16.656439	1.1228321	-0.42053857
727825586	ACC	16.570297	1.2472588	-1.6504494
727825595	ACC	16.85265	1.6109679	-2.9330025
727825605	ACC	17.503498	2.2139592	-4.110271
727825614	ACC	18.55634	2.5585256	-5.28754
727825624	ACC	20.494526	2.8456643	-5.823532
727825633	ACC	22.370499	3.3290145	-5.971887
727825643	ACC	23.662622	3.8554354	-6.244669
727825652	ACC	24.504896	4.458427	-6.0771713
727825662	ACC	24.418755	4.3579283	-6.2638116
727825671	ACC	24.026333	4.4632125	-6.393024
727825681	ACC	23.796621	4.458427	-6.5222363
727825690	ACC	23.093132	4.0995035	-6.723233
727825700	ACC	22.00679	3.6352959	-6.8572316
727825709	ACC	20.776878	3.1375887	-6.6562343
727825719	ACC	19.532612	2.4580271	-5.95753
727825728	ACC	18.307486	1.7736797	-4.6749773
727825738	ACC	17.18286	1.0797613	-3.033501
727825747	ACC	16.244873	0.5629115	-1.1862419
727825757	ACC	15.517455	0.055633128	0.3786642
727825766	ACC	14.85225	-0.25064817	1.2017952
727825776	ACC	14.268401	-0.53300124	1.474577
727825785	ACC	13.722837	-0.738784	1.2879368
727825795	ACC	13.143775	-0.9206385	0.6945168
727825804	ACC	12.6987095	-1.1407782	0.024526432
727825814	ACC	12.244074	-1.2987045	-0.79860455
727825823	ACC	11.856436	-1.4422739	-1.5499508
727825833	ACC	11.478371	-1.6624135	-2.1768703
727825842	ACC	10.899307	-1.8969102	-2.6506493
727825852	ACC	10.430314	-2.2031915	-2.8277183
727825861	ACC	10.124033	-2.437688	-2.6362925
727825871	ACC	9.91825	-2.6051857	-2.464009
727825880	ACC	9.80818	-3.0502508	-2.5310082
727825890	ACC	9.616755	-3.2847474	-2.5980072
727825899	ACC	9.066405	-3.4043884	-2.6458635
727825909	ACC	8.525627	-3.6532419	-2.818147
727825918	ACC	8.042277	-3.9834516	-3.0526435
727825928	ACC	7.635497	-4.2801614	-3.205784
727825937	ACC	7.338787	-4.543372	-3.2488549
727825947	ACC	7.2287173	-5.1032925	-3.2775688
727825956	ACC	7.176075	-5.7780685	-3.263212
727825966	ACC	6.9655066	-6.3427744	-3.234498
727825975	ACC	6.391229	-6.7782683	-3.2201412
727825985	ACC	5.639883	-7.2472615	-3.2679975
727825994	ACC	4.7018967	-7.6683984	-3.2440693
727826004	ACC	3.6107693	-7.7210402	-3.0239296
727826013	ACC	2.4335005	-7.333403	-2.9569306
727826023	ACC	1.5768701	-6.7926254	-3.2536407
727826032	ACC	1.3184453	-6.366703	-3.894917
727826041	ACC	1.3998013	-6.0029936	-4.99083
727826051	ACC	1.6773686	-5.5866427	-6.2063837
727826060	ACC	2.2372892	-5.313861	-7.225726
727826070	ACC	2.725425	-5.165506	-7.7425756
727826079	ACC	3.1609187	-5.2181478	-7.8717885
727826089	ACC	3.251846	-5.313861	-7.5463643
727826098	ACC	3.3714871	-5.4382877	-6.665806
727826108	ACC	3.5533416	-5.6871414	-5.28754
727826117	ACC	4.1467614	-6.0029936	-3.856632
727826127	ACC	5.2331033	-6.285347	-2.574079
727826136	ACC	6.3864436	-6.318846	-1.1335998
727826146	ACC	7.8891363	-6.9409804	-1.2532408
727826155	ACC	8.252846	-6.4241304	-1.884946
727826165	ACC	8.056634	-6.0460644	-2.5166512
727826174	ACC	7.5254273	-5.730212	-3.80399
727826184	ACC	7.281359	-5.4670014	-5.2540402
727826193	ACC	7.6307116	-5.1032925	-6.2398834
727826203	ACC	8.458628	-4.8735814	-6.9768724
727826212	ACC	9.406186	-4.8496532	-7.3692956
727826222	ACC	10.028319	-4.758726	-7.3166533
727826231	ACC	10.238888	-4.5003014	-6.84766
727826241	ACC	10.406385	-4.323232	-6.072386
727826250	ACC	10.243673	-4.060022	-5.2013984
727826260	ACC	10.176675	-3.8494534	-4.316054
727826269	ACC	10.506885	-3.6484563	-3.3445678
727826279	ACC	10.9375925	-3.2321053	-2.4017956
727826288	ACC	11.760723	-2.7870402	-1.8418752
727826298	ACC	12.703495	-2.2989044	-1.8418752
727826307	ACC	12.674782	-1.5571294	-2.2007985
727826317	ACC	11.966506	-0.8536395	-2.708077
727826326	ACC	11.497513	-0.44207397	-3.033501
727826336	ACC	11.3778715	-0.15014961	-2.7463622
727826345	ACC	11.430513	0.30927232	-2.1720848
727826355	ACC	12.363714	0.35234314	-1.4973087
727826364	ACC	13.722837	0.5198407	-0.36789647
727826374	ACC	14.230116	1.0606186	0.61794645
727826383	ACC	14.474184	1.3429717	1.4362918
727826393	ACC	15.005391	1.4626129	1.9387846
727826402	ACC	15.158531	1.9172492	1.7760726
727826412	ACC	15.3691	2.1804597	0.6562316
727826421	ACC	15.670595	2.4149563	-1.2628121
727826431	ACC	16.177874	2.7355945	-3.301497
727826440	ACC	17.14936	2.8743782	-4.9860444
727826450	ACC	18.991833	2.8743782	-5.8043895
727826459	ACC	21.064018	3.0083764	-6.3068824
727826469	ACC	23.318056	3.2045877	-6.4887366
727826478	ACC	25.131817	3.0897322	-7.393224
727826488	ACC	25.969305	3.4965122	-8.570493
727826497	ACC	25.907091	3.7932222	-9.996614
727826507	ACC	25.538595	4.0325046	-11.0351
727826516	ACC	25.261028	3.836293	-11.269596
727826526	ACC	24.619753	3.0179477	-10.503893
727826535	ACC	23.495125	2.056033	-8.742776
727826545	ACC	22.064219	0.9457632	-6.402595
727826554	ACC	20.652452	-0.08315059	-3.952345
727826564	ACC	19.298115	-0.7531409	-1.7892331
727826573	ACC	18.417557	-1.1503495	-0.3056831
727826583	ACC	17.953348	-1.5044873	0.6562316
727826592	ACC	17.484356	-1.6624135	1.082154
727826602	ACC	16.981863	-1.7341982	1.0247263
727826611	ACC	16.613367	-1.9208384	0.57009
727826621	ACC	16.283157	-2.1505494	-0.16689938
727826630	ACC	15.684953	-2.3946173	-1.076172
727826640	ACC	15.153746	-2.720041	-1.9328024
727826649	ACC	14.7661085	-3.098107	-2.7272196
727826659	ACC	14.239688	-3.5001013	-3.3110683
727826668	ACC	13.598412	-3.78724	-3.4977086
727826678	ACC	12.9236355	-4.0887356	-3.4402807
727826687	ACC	12.406785	-4.6007996	-3.4163525
727826697	ACC	11.58844	-4.9980083	-3.4354951
727826706	ACC	10.975878	-5.2755756	-3.2440693
727826716	ACC	10.650454	-5.543572	-2.9330025
727826725	ACC	10.24846	-5.816354	-2.8755746
727826735	ACC	9.836894	-6.0987067	-2.9186454
727826744	ACC	9.501899	-6.515058	-3.033501
727826754	ACC	9.128618	-7.012765	-3.0957143
727826763	ACC	8.62134	-7.5439715	-3.1435707
727826773	ACC	8.114061	-8.075178	-3.1962128
727826782	ACC	7.4919276	-8.462815	-3.2679975
727826792	ACC	6.6687965	-8.726026	-3.3397822
727826801	ACC	5.749953	-8.850452	-3.4354951
727826811	ACC	4.725825	-8.922237	-3.4067812
727826820	ACC	3.696911	-8.86481	-3.4307094
727826830	ACC	2.7206392	-8.83131	-3.4307094
727826839	ACC	1.8400806	-8.769096	-3.411567
727826849	ACC	1.0695918	-8.553742	-3.5264223
727826858	ACC	0.45224348	-8.228319	-3.7513478
727826868	ACC	-0.14117654	-7.888538	-4.258626
727826877	ACC	-1.0552348	-7.185048	-4.612764
727826887	ACC	-2.2612174	-6.3858457	-4.6079783
727826896	ACC	-2.9216363	-6.2470617	-5.689534
727826906	ACC	-3.2805598	-5.3760743	-5.6703916
727826915	ACC	-3.2566316	-5.189434	-4.464409
727826925	ACC	-2.1463618	-5.5244293	-3.708277
727826934	ACC	-0.8350951	-5.758926	-3.0670004
727826944	ACC	0.45702913	-5.8354964	-2.2295125
727826953	ACC	2.0602202	-6.022136	-1.7653049
727826963	ACC	3.414558	-6.285347	-1.5786648
727826972	ACC	4.9459643	-6.5772715	-1.4973087
727826982	ACC	6.4438715	-6.605985	-1.5643078
727826991	ACC	7.999206	-6.6825557	-1.8897316
727827001	ACC	9.382257	-6.5677	-2.1481566
727827010	ACC	10.310673	-6.352346	-2.4161527
727827020	ACC	10.96152	-6.2231336	-3.7322052
727827029	ACC	12.02872	-6.0508504	-5.924031
727827039	ACC	12.105289	-4.619942	-7.3022966
727827048	ACC	12.583855	-4.3328037	-7.689934
727827058	ACC	12.655639	-4.4285164	-8.063214
727827067	ACC	12.354143	-4.610371	-7.9148593
727827077	ACC	12.387643	-4.686941	-7.010372
727827086	ACC	12.301501	-4.768297	-5.742176
727827096	ACC	13.387843	-4.9310093	-4.555336
727827105	ACC	14.751752	-4.883153	-3.598207
727827115	ACC	15.51267	-4.342375	-2.5645077
727827124	ACC	15.507884	-3.4761732	-1.5738791
727827134	ACC	15.1346035	-2.5142584	-1.0187442
727827143	ACC	15.455241	-1.7581264	-1.0809577
727827153	ACC	16.398014	-1.11685	-1.5164514
727827162	ACC	16.92922	-0.27936205	-2.1050856
727827172	ACC	17.460426	0.5246264	-2.4209383
727827181	ACC	18.604197	1.1324034	-2.167299
727827191	ACC	19.3364	1.8550358	-1.2293127
727827200	ACC	20.020746	2.2474587	-1.0474582
727827210	ACC	20.839092	2.0847468	-0.38703907
727827219	ACC	20.738594	2.1565313	1.7521443
727827229	ACC	19.992033	2.539383	3.5994034
727827238	ACC	19.575682	2.8839495	4.0301113
727827248	ACC	19.853249	3.3672996	2.6231318
727827257	ACC	20.78645	3.9750767	-0.27218357
727827267	ACC	21.647867	4.673781	-3.708277
727827276	ACC	21.97329	5.3964133	-6.742376
727827286	ACC	21.729223	5.7984076	-8.517851
727827295	ACC	21.399014	5.7984076	-8.316854
727827305	ACC	21.375084	5.343771	-6.5700927
727827314	ACC	21.020947	4.8125644	-4.6845484
727827324	ACC	20.465813	4.185645	-3.3876386
727827333	ACC	20.01596	3.673581	-2.8325038
727827343	ACC	19.81975	3.295515	-2.8995028
727827352	ACC	19.714466	2.9748766	-3.5072799
727827362	ACC	19.623539	2.6542385	-4.3734818
727827371	ACC	19.546968	2.25703	-5.0099726
727827381	ACC	19.503897	1.8263218	-5.110471
727827390	ACC	19.250257	1.2568301	-4.7563334
727827400	ACC	18.824335	0.6155536	-3.9379878
727827409	ACC	18.451056	0.046061836	-2.7511477
727827419	ACC	18.202202	-0.5377869	-1.7892331
727827428	ACC	17.699709	-1.1120644	-1.1862419
727827438	ACC	16.86222	-1.5236298	-1.1096715
727827447	ACC	16.043877	-1.8969102	-1.224527
727827457	ACC	15.153746	-2.236691	-1.4255241
727827466	ACC	14.282759	-2.6243281	-1.683949
727827476	ACC	13.325629	-3.0311081	-2.0237298
727827485	ACC	12.473784	-3.4953158	-2.1577277
727827495	ACC	11.73201	-3.9451663	-2.0380867
727827504	ACC	11.301301	-4.529015	-1.8083757
727827514	ACC	10.760524	-4.9310093	-1.6313069
727827523	ACC	10.258031	-5.3186464	-1.6456637
727827533	ACC	9.851251	-5.8594246	-1.8562322
727827542	ACC	9.243474	-6.4624157	-2.2342982
727827552	ACC	8.224132	-6.931409	-2.559722
727827561	ACC	7.0612197	-7.275975	-2.7559335
727827571	ACC	5.9270215	-7.5583286	-2.7942185
727827580	ACC	5.003392	-7.7497544	-2.8660033
727827590	ACC	4.587041	-7.845467	-2.7990043
727827599	ACC	4.3812585	-7.75454	-2.7032914
727827609	ACC	4.3764725	-7.5774713	-2.6841488
727827618	ACC	4.912465	-7.4626155	-2.7463622
727827627	ACC	5.4053864	-7.3812594	-2.909074
727827637	ACC	5.491528	-7.3621173	-3.0478578
727827646	ACC	5.6590257	-7.6013994	-3.2967114
727827656	ACC	5.7834525	-8.022536	-3.4977086
727827665	ACC	4.941179	-8.199605	-3.39721
727827675	ACC	3.6011982	-8.142178	-3.0478578
727827684	ACC	2.1463618	-7.8550386	-2.5310082
727827694	ACC	0.69152576	-7.299904	-1.9902302
727827703	ACC	-0.72502524	-6.5868425	-1.7461623
727827713	ACC	-1.5146568	-5.89771	-1.9088743
727827722	ACC	-1.294517	-5.0602217	-2.167299
727827732	ACC	0.09810573	-4.8879385	-2.277369
727827741	ACC	2.1702902	-5.112864	-2.5788646
727827751	ACC	3.940979	-5.1176496	-4.0384865
727827760	ACC	6.06102	-5.1176496	-3.8518462
727827770	ACC	6.6831536	-4.9310093	-2.9760733
727827779	ACC	6.759724	-5.1846485	-2.5980072
727827789	ACC	6.8985076	-5.3186464	-2.1385853
727827798	ACC	7.0803623	-5.1990056	-1.6743777
727827808	ACC	7.6163545	-5.122435	-1.5786648
727827817	ACC	8.123632	-5.002794	-2.1385853
727827827	ACC	8.836694	-4.916652	-3.2009985
727827836	ACC	9.879965	-4.78744	-4.258626
727827846	ACC	11.143375	-4.581657	-4.895117
727827855	ACC	12.579068	-4.390231	-5.3976097
727827865	ACC	13.2921295	-4.0648074	-5.9288163
727827874	ACC	13.115061	-3.7298124	-6.407381
727827884	ACC	12.717853	-3.3469608	-6.47438
727827893	ACC	12.502499	-2.8875387	-6.349953
727827903	ACC	12.665211	-2.4041886	-6.268597
727827912	ACC	12.837494	-1.7868403	-6.2159553
727827922	ACC	13.177275	-1.1407782	-6.0580287
727827931	ACC	13.785051	-0.4851448	-5.986244
727827941	ACC	14.58904	0.04127619	-6.0676003
727827950	ACC	15.938592	0.40977088	-6.335596
727827960	ACC	17.465212	0.77347994	-6.574878
727827969	ACC	18.570696	1.0462617	-5.866603
727827979	ACC	18.551554	1.6731812	-4.205984
727827988	ACC	17.51307	2.687738	-2.3874388
727827998	ACC	16.469799	3.6927235	-1.2580265
727828007	ACC	15.9433775	4.659424	-1.1192428
727828017	ACC	16.187445	5.5782676	-1.7413766
727828026	ACC	16.804794	6.3678994	-2.9521449
727828036	ACC	17.125431	7.047461	-4.043272
727828045	ACC	17.345572	7.4063845	-4.4165525
727828055	ACC	17.106289	7.3633137	-4.3064823
727828064	ACC	16.364513	6.9469624	-3.4163525
727828074	ACC	16.015162	6.2051873	-1.6313069
727828083	ACC	16.244873	5.415556	0.7471589
727828093	ACC	16.091732	4.9657054	2.6757739
727828102	ACC	16.053448	4.5206404	3.374478
727828112	ACC	16.168303	4.0995035	2.958127
727828121	ACC	16.613367	3.8123646	1.7090735
727828131	ACC	17.450855	3.5730824	0.3068795
727828140	ACC	18.25963	3.295515	-0.8177471
727828150	ACC	19.135403	2.8456643	-1.5308083
727828159	ACC	19.925034	2.2809582	-2.1433709
727828169	ACC	20.652452	1.6683956	-2.9138598
727828178	ACC	21.097517	1.1228321	-3.8135612
727828188	ACC	21.241087	0.6442675	-4.8233323
727828197	ACC	21.15973	0.093918286	-5.785247
727828207	ACC	20.997019	-0.5952146	-5.914459
727828216	ACC	20.341385	-1.1599208	-5.47418
727828226	ACC	19.470398	-1.8011973	-4.8329034
727828235	ACC	18.628124	-2.480759	-4.325625
727828245	ACC	17.943777	-3.0119655	-3.9427736
727828254	ACC	17.350357	-3.4043884	-3.799204
727828264	ACC	16.780865	-3.7537405	-4.004987
727828273	ACC	16.063019	-3.9930227	-4.2921257
727828283	ACC	15.345172	-4.232305	-4.138985
727828292	ACC	14.488541	-4.371089	-3.6221352
727828302	ACC	13.655839	-4.5768714	-3.2871401
727828311	ACC	13.081561	-4.988437	-3.1722846
727828321	ACC	12.516855	-5.486144	-2.937788
727828330	ACC	11.574083	-5.8211393	-2.612364
727828340	ACC	10.444671	-6.122635	-2.4209383
727828349	ACC	9.147761	-6.328418	-2.2821546
727828359	ACC	7.908279	-6.4815583	-2.0955145
727828368	ACC	6.9990063	-6.6825557	-2.0668006
727828378	ACC	6.070591	-6.8021965	-2.033301
727828387	ACC	5.2235317	-6.8165536	-2.0620148
727828397	ACC	4.5966125	-6.888338	-2.224727
727828406	ACC	4.022335	-6.9074807	-2.4161527
727828416	ACC	3.4719856	-6.8596244	-2.5357938
727828425	ACC	3.0317063	-6.8739815	-2.5118656
727828435	ACC	2.5866413	-6.8835526	-2.39701
727828444	ACC	2.0745773	-6.979265	-2.167299
727828454	ACC	1.4476577	-6.9122663	-1.7653049
727828463	ACC	0.8542377	-6.806982	-1.358525
727828473	ACC	0.46660042	-6.7926254	-0.98524475
727828482	ACC	0.27517462	-6.663413	-0.69332033
727828492	ACC	0.33260235	-6.538986	-0.32482567
727828501	ACC	0.38524446	-6.409774	-0.19561325
727828511	ACC	0.35653058	-6.2470617	-0.2961118
727828520	ACC	0.35174492	-6.108278	-0.47318068
727828530	ACC	0.3804588	-5.907281	-0.8751749
727828539	ACC	0.44745782	-5.6967125	-1.4111671
727828549	ACC	0.76331043	-5.4909296	-2.0524435
727828558	ACC	1.2083755	-5.151149	-2.4017956
727828568	ACC	1.5864414	-5.0123653	-2.8372893
727828577	ACC	2.132005	-4.859225	-3.1770704
727828587	ACC	3.2470603	-4.9118667	-3.057429
727828596	ACC	4.4578285	-4.9980083	-3.0239296
727828606	ACC	6.017949	-5.2755756	-2.8660033
727828615	ACC	7.826923	-5.601	-2.9042885
727828625	ACC	9.674182	-5.6584272	-3.0239296
727828634	ACC	11.406586	-5.7110696	-3.3349965
727828644	ACC	12.21536	-5.4957156	-4.057629
727828653	ACC	11.928221	-5.112864	-4.6031923
727828663	ACC	11.306087	-5.179863	-4.421338
727828672	ACC	10.77488	-5.4909296	-4.5074797
727828682	ACC	11.239088	-5.998208	-5.124828
727828691	ACC	12.330215	-6.294918	-5.971887
727828701	ACC	13.627125	-6.558129	-6.7519474
727828710	ACC	15.058033	-6.773483	-7.374081
727828720	ACC	16.699509	-6.8404818	-7.996215
727828729	ACC	17.85285	-6.6107707	-8.192427
727828739	ACC	18.762123	-6.2374907	-7.9387875
727828748	ACC	18.436699	-5.462216	-7.407581
727828758	ACC	17.359928	-4.686941	-6.555736
727828767	ACC	16.536797	-4.299304	-5.488537
727828777	ACC	16.302301	-3.9403806	-4.3782673
727828786	ACC	17.068005	-3.5144582	-3.3062828
727828796	ACC	18.546768	-2.7918258	-2.8085756
727828805	ACC	19.580467	-1.4470595	-2.4305096
727828815	ACC	19.89632	-0.13100705	-1.8897316
727828824	ACC	19.527826	1.1659029	-1.8897316
727828834	ACC	18.996618	2.4293132	-2.3922246
727828843	ACC	19.240686	3.4342988	-2.789433
727828853	ACC	19.34597	4.286144	-3.0622149
727828862	ACC	18.120846	5.075775	-3.1962128
727828872	ACC	16.206587	5.2480583	-3.1866415
727828881	ACC	14.335401	4.7694936	-2.9425735
727828891	ACC	12.354143	4.046861	-2.0859432
727828900	ACC	10.669596	3.0849466	-0.59760743
727828910	ACC	9.669396	1.9028922	1.2592229
727828919	ACC	9.415757	0.85483587	3.1782668
727828929	ACC	9.946963	-0.011365907	4.819743
727828938	ACC	10.84188	-0.67178494	5.786443
727828948	ACC	12.014362	-1.0833504	5.9635124
727828957	ACC	13.325629	-1.4566308	5.3653064
727828967	ACC	14.301901	-1.6576279	3.6616168
727828976	ACC	14.9814625	-1.777269	1.2400804
727828986	ACC	15.603597	-1.8394824	-1.1670992
727828995	ACC	16.632511	-1.9016958	-3.5694933
727829005	ACC	18.082561	-1.8873389	-5.4311094
727829014	ACC	19.55654	-1.8299111	-6.6562343
727829024	ACC	20.748165	-1.7820547	-7.4697943
727829033	ACC	21.250658	-1.8394824	-7.9722867
727829043	ACC	21.178873	-2.169692	-7.6085777
727829052	ACC	20.705093	-2.6865416	-6.148956
727829062	ACC	19.838892	-3.0789645	-4.406981
727829071	ACC	18.943977	-3.6532419	-3.2201412
727829081	ACC	18.197416	-4.3088756	-2.6219354
727829090	ACC	17.70928	-4.6821556	-2.2917259
727829100	ACC	17.3695	-4.8448677	-2.0955145
727829109	ACC	17.374285	-4.9692945	-1.9998015
727829119	ACC	17.541782	-5.108078	-1.9040886
727829128	ACC	17.3695	-5.2277193	-1.8418752
727829138	ACC	16.656439	-5.2755756	-1.7844474
727829147	ACC	15.661024	-5.30429	-1.8227327
727829157	ACC	14.608182	-5.352146	-1.8705891
727829166	ACC	13.593625	-5.361717	-1.6456637
727829176	ACC	12.507284	-5.2899327	-1.4494523
727829185	ACC	11.607583	-5.2899327	-1.4303098
727829194	ACC	10.707881	-5.155935	-1.4733806
727829204	ACC	9.688539	-4.950152	-1.6360924
727829213	ACC	8.7984085	-4.9262238	-1.8705891
727829223	ACC	7.9513497	-4.9788656	-1.9758734
727829232	ACC	7.338787	-5.2660046	-1.9806589
727829242	ACC	6.6161547	-5.500501	-1.7653049
727829251	ACC	5.7786665	-5.5914283	-1.4303098
727829261	ACC	5.1086764	-5.749355	-1.2819548
727829270	ACC	4.486542	-5.959923	-1.2867404
727829280	ACC	3.8691943	-6.1322064	-1.2915261
727829289	ACC	3.3044882	-6.2087765	-1.2436695
727829299	ACC	2.7876384	-6.227919	-1.2915261
727829308	ACC	2.5148566	-6.3858457	-1.372882
727829318	ACC	2.4670002	-6.4959154	-1.224527
727829327	ACC	2.3521447	-6.4911294	-1.061815
727829337	ACC	2.2085752	-6.4528446	-1.2005987
727829346	ACC	2.1702902	-6.486344	-1.6408781
727829356	ACC	2.3808584	-6.6203423	-1.9519451
727829365	ACC	2.5914268	-6.716055	-2.1864417
727829375	ACC	2.7445676	-6.8596244	-2.5070798
727829384	ACC	2.8402805	-7.0606213	-2.8612177
727829394	ACC	2.8259234	-7.0893354	-3.0430722
727829403	ACC	2.6392834	-6.984051	-3.1435707
727829413	ACC	2.658426	-7.1946197	-3.478566
727829422	ACC	2.2947168	-6.8404818	-2.9473593
727829432	ACC	2.2037897	-6.8596244	-2.69372
727829441	ACC	2.5818555	-6.969694	-2.8612177
727829451	ACC	3.347559	-6.7686973	-2.818147
727829460	ACC	4.3764725	-6.524629	-2.708077
727829470	ACC	5.2905307	-6.2518473	-2.789433
727829479	ACC	6.439086	-6.0843496	-3.114857
727829489	ACC	7.7072816	-5.849853	-3.3876386
727829498	ACC	9.195618	-5.5722857	-3.7322052
727829508	ACC	10.741381	-5.366503	-4.1150565
727829517	ACC	12.019148	-5.2372904	-4.5409794
727829527	ACC	12.794423	-5.112864	-4.895117
727829536	ACC	12.909278	-4.9453664	-5.014758
727829546	ACC	12.526426	-4.859225	-4.6462636
727829555	ACC	11.846865	-4.71087	-4.124628
727829565	ACC	11.392229	-4.572086	-3.6843486
727829574	ACC	11.416157	-4.5098724	-3.4354951
727829584	ACC	12.119647	-4.4093738	-3.6987057
727829593	ACC	12.96192	-4.2610188	-4.2203407
727829603	ACC	13.569697	-3.9738803	-4.651049
727829612	ACC	13.722837	-3.5431721	-4.9142594
727829622	ACC	13.890335	-2.9880373	-4.875974
727829631	ACC	14.455042	-2.5381866	-4.7659044
727829641	ACC	15.144175	-2.1601207	-4.5505505
727829650	ACC	15.7184515	-1.6002002	-4.5218368
727829660	ACC	15.847665	-0.8632108	-4.502694
727829669	ACC	15.66581	-0.08315059	-4.330411
727829679	ACC	15.546168	0.66341007	-4.009773
727829688	ACC	15.584454	1.4291133	-3.5886357
727829698	ACC	16.130018	2.079961	-3.2584262
727829707	ACC	16.670795	2.7308087	-2.9234312
727829717	ACC	16.488941	3.4247274	-2.7128627
727829726	ACC	15.670595	3.9942193	-2.641078
727829736	ACC	14.694324	4.2909293	-2.545365
727829745	ACC	13.875978	4.310072	-2.4879375
727829755	ACC	13.129417	4.156931	-2.1481566
727829764	ACC	12.540784	3.8985064	-1.6073786
727829774	ACC	12.071791	3.429513	-0.7746763
727829783	ACC	11.784652	2.9318058	0.4648058
727829793	ACC	11.755938	2.4963121	1.7330018
727829802	ACC	12.052648	1.9986051	2.513062
727829812	ACC	12.679567	1.5248263	2.7092733
727829821	ACC	13.550554	1.1276177	2.3407788
727829831	ACC	14.464613	0.8883354	1.3980067
727829840	ACC	15.47917	0.7830512	0.36430725
727829850	ACC	16.728224	0.5772685	-0.76989067
727829859	ACC	17.824137	0.381057	-2.018944
727829869	ACC	18.97269	0.15613168	-3.2201412
727829878	ACC	20.22653	-0.18843478	-3.9714873
727829888	ACC	21.174088	-0.49950173	-4.354339
727829897	ACC	21.868006	-0.9445667	-4.6654058
727829907	ACC	22.284357	-1.466202	-4.799404
727829916	ACC	22.633709	-2.1361923	-4.828118
727829926	ACC	22.920849	-2.8348966	-4.842475
727829935	ACC	22.729422	-3.4043884	-4.5218368
727829945	ACC	21.958933	-3.8207395	-4.033701
727829954	ACC	21.131018	-4.313661	-3.4354951
727829964	ACC	20.408384	-4.8065825	-2.6458635
727829973	ACC	19.891535	-5.2277193	-2.0093727
727829983	ACC	19.484755	-5.596214	-1.5930216
727829992	ACC	18.948763	-5.8689957	-1.2484552
727830002	ACC	18.082561	-6.079564	-1.1383854
727830011	ACC	16.962719	-6.2374907	-1.2340983
727830021	ACC	15.77588	-6.256633	-1.358525
727830030	ACC	14.493327	-6.1274204	-1.6887345
727830040	ACC	13.445271	-6.055636	-2.1098714
727830049	ACC	12.559926	-5.964709	-2.425724
727830059	ACC	11.837294	-5.959923	-2.789433
727830068	ACC	11.057234	-6.0077796	-3.2823544
727830078	ACC	10.277173	-6.2087765	-3.5934215
727830087	ACC	9.262616	-6.361917	-3.5790644
727830097	ACC	8.109276	-6.582057	-3.3349965
727830106	ACC	6.9320073	-6.955337	-3.0717862
727830116	ACC	5.663811	-7.3046894	-2.8372893
727830125	ACC	4.2951164	-7.4865437	-2.574079
727830135	ACC	2.926422	-7.5296144	-2.263012
727830144	ACC	1.7778672	-7.5104723	-1.8131614
727830154	ACC	0.9738788	-7.3142605	-1.2580265
727830163	ACC	0.4426722	-6.931409	-0.8895318
727830173	ACC	0.28953153	-6.538986	-0.86560357
727830182	ACC	0.567099	-6.2087765	-1.0331012
727830192	ACC	1.227518	-6.065207	-1.3154542
727830201	ACC	1.8400806	-6.1274204	-1.4159528
727830211	ACC	2.2707887	-6.3858457	-1.4494523
727830220	ACC	2.3282163	-6.7639112	-1.5116657
727830230	ACC	1.7682959	-6.9170523	-1.6600207
727830239	ACC	0.8063812	-6.9744797	-1.9471594
727830249	ACC	-0.3900301	-7.103692	-2.033301
727830258	ACC	-1.6438692	-7.036693	-2.1912274
727830268	ACC	-2.4670002	-6.75434	-1.9375881
727830277	ACC	-2.658426	-6.3571315	-1.8418752
727830287	ACC	-2.0219352	-6.189634	-2.1912274
727830296	ACC	-0.87338024	-5.97428	-2.6602206
727830306	ACC	0.6723832	-5.86421	-3.1100712
727830315	ACC	2.4191437	-5.7637115	-3.464209
727830325	ACC	4.1754756	-5.4574304	-3.6556349
727830334	ACC	5.663811	-4.892724	-3.6556349
727830344	ACC	7.051648	-4.6342993	-4.1437707
727830353	ACC	7.678568	-3.9690945	-4.5601215
727830363	ACC	8.573483	-3.868596	-4.6654058
727830372	ACC	9.798609	-4.045665	-4.612764
727830382	ACC	10.703095	-4.265805	-4.5218368
727830391	ACC	11.85165	-4.6007996	-4.3351965
727830401	ACC	12.9236355	-4.801797	-3.9667017
727830410	ACC	13.421342	-4.8305106	-3.626921
727830420	ACC	13.598412	-4.730012	-3.5934215
727830429	ACC	13.890335	-4.610371	-4.1007
727830439	ACC	14.44547	-4.404588	-5.0865426
727830448	ACC	14.928821	-4.0360937	-6.282954
727830458	ACC	15.426528	-3.610171	-7.3453674
727830467	ACC	16.350157	-3.0789645	-8.168498
727830477	ACC	18.163918	-2.3515465	-8.69492
727830486	ACC	19.403399	-1.3896317	-8.446066
727830496	ACC	20.121246	-0.48993045	-7.4458656
727830505	ACC	20.748165	0.48155555	-5.727819
727830515	ACC	20.791237	1.352543	-3.775276
727830524	ACC	20.461027	2.1278176	-2.1912274
727830534	ACC	20.07339	2.6542385	-0.8847462
727830543	ACC	19.164116	3.242873	-0.07597212
727830553	ACC	18.3027	3.726223	-0.08554341
727830562	ACC	17.44607	4.262215	-0.46839502
727830572	ACC	16.843079	4.8125644	-0.85124665
727830581	ACC	16.713865	5.0901318	-0.75553375
727830591	ACC	16.74258	5.195416	-0.21475583
727830600	ACC	16.168303	5.539983	0.31166515
727830610	ACC	15.21596	5.7409797	0.45044887
727830619	ACC	13.933406	5.602196	0.40737805
727830629	ACC	12.669996	5.2719865	0.6418747
727830638	ACC	11.468799	4.9082775	1.2257234
727830648	ACC	10.636097	4.3818564	1.7665013
727830657	ACC	10.291531	3.7166517	2.039283
727830667	ACC	10.24846	3.1280174	2.0249262
727830676	ACC	10.372886	2.6973093	1.8861425
727830686	ACC	10.54517	2.3670998	1.7042879
727830695	ACC	10.655239	2.094318	1.2592229
727830705	ACC	10.683953	1.8933209	0.4552345
727830714	ACC	11.114661	1.7449659	-0.20997019
727830724	ACC	11.693725	1.5726827	-0.59282184
727830733	ACC	12.722638	1.1994023	-0.86560357
727830743	ACC	14.019547	0.907478	-0.93738824
727830752	ACC	15.474384	0.42412782	-0.7746763
727830762	ACC	16.622938	-0.054436713	-0.51146585
727830771	ACC	17.63271	-0.5282156	-0.57846487
727830781	ACC	18.594625	-1.0067801	-1.0570294
727830790	ACC	19.695324	-1.480559	-1.6743777
727830800	ACC	20.48974	-1.8538394	-2.3778675
727830809	ACC	20.652452	-2.2845473	-3.2440693
727830819	ACC	20.738594	-2.3754747	-3.8614175
727830828	ACC	20.092531	-2.6195426	-4.234698
727830838	ACC	19.958534	-2.858825	-4.3686957
727830847	ACC	20.212173	-3.1076784	-4.1007
727830857	ACC	20.202602	-3.2273195	-3.7848473
727830866	ACC	19.34597	-3.1986058	-3.760919
727830876	ACC	19.996819	-2.5860431	-2.6650062
727830885	ACC	18.518055	-2.748755	-2.669792
727830895	ACC	18.092133	-2.7391837	-3.1244283
727830904	ACC	16.972292	-2.6578279	-3.1866415
727830914	ACC	15.598811	-2.71047	-3.4163525
727830923	ACC	14.057833	-2.7870402	-3.8470607
727830933	ACC	12.531212	-2.7870402	-3.866203
727830942	ACC	11.052447	-2.8779674	-3.5790644
727830952	ACC	9.678967	-3.0215368	-3.1627133
727830961	ACC	8.549556	-3.246462	-2.6027927
727830970	ACC	7.5062847	-3.3804603	-1.8370895
727830980	ACC	6.491728	-3.3661032	-1.2053844
727830989	ACC	5.5633125	-3.3373895	-0.7890333
727830999	ACC	4.84068	-3.3661032	-0.5688936
727831008	ACC	4.132405	-3.49053	-0.4779663
727831018	ACC	3.4337006	-3.7920256	-0.48753762
727831027	ACC	2.7445676	-4.1126637	-0.5162515
727831037	ACC	1.9166509	-4.3615174	-0.5353941
727831046	ACC	1.0025927	-4.5338006	-0.59282184
727831056	ACC	0.16031912	-4.67737	-0.61675006
727831065	ACC	-0.5288138	-4.6438704	-0.6789634
727831075	ACC	-0.9595219	-4.619942	-0.60717875
727831084	ACC	-0.9499506	-4.6055856	-0.67417777
727831094	ACC	-0.78723866	-4.6486564	-0.86560357
727831103	ACC	-0.5623133	-4.596014	-1.0474582
727831113	ACC	-0.19381863	-4.6486564	-1.2675978
727831122	ACC	0.2847459	-4.730012	-1.4733806
727831132	ACC	0.552742	-4.983651	-1.7988044
727831141	ACC	0.88295156	-5.0602217	-2.1003
727831151	ACC	1.1126626	-5.313861	-2.5070798
727831160	ACC	1.3040884	-5.5579286	-2.8516464
727831170	ACC	1.4907285	-5.7110696	-3.1914272
727831179	ACC	1.3519448	-5.782854	-3.6460636
727831189	ACC	1.0313065	-5.648856	-3.9954157
727831198	ACC	0.782453	-5.323432	-4.158128
727831208	ACC	0.6771688	-5.031508	-4.3112683
727831217	ACC	1.1126626	-4.7395835	-4.4261236
727831227	ACC	1.8161523	-4.581657	-4.3447676
727831236	ACC	3.0747771	-4.4093738	-4.158128
727831246	ACC	4.8789654	-4.2801614	-3.799204
727831255	ACC	6.9559355	-4.107878	-3.3780673
727831265	ACC	9.549755	-4.222734	-3.8087754
727831274	ACC	11.866008	-3.7298124	-4.2681975
727831284	ACC	13.923835	-3.0358937	-3.9379878
727831293	ACC	15.680167	-2.6721847	-3.4881372
727831303	ACC	17.388641	-2.3946173	-4.2394834
727831312	ACC	18.202202	-1.6193427	-5.1822557
727831322	ACC	16.857435	0.0077766734	-4.3591247
727831331	ACC	15.18246	0.12263216	-4.842475
727831341	ACC	14.502898	0.2853441	-4.2777686
727831350	ACC	15.244673	1.0606186	-4.512265
727831360	ACC	17.441284	1.5918252	-5.244469
727831369	ACC	20.3366	2.2187448	-5.9527445
727831379	ACC	23.595625	3.1567314	-6.0341005
727831388	ACC	26.074589	4.3483567	-6.0101724
727831398	ACC	26.758936	5.8414783	-6.2111692
727831407	ACC	25.94059	7.5212398	-6.6275206
727831417	ACC	24.361328	9.014361	-7.091728
727831426	ACC	22.99742	10.129416	-7.3836527
727831436	ACC	22.509283	10.3543415	-6.9242306
727831445	ACC	22.480568	10.249058	-5.6416774
727831455	ACC	22.19343	9.861421	-3.7944186
727831464	ACC	21.169302	9.22493	-1.7174485
727831474	ACC	19.44647	8.459227	0.30209386
727831483	ACC	17.565712	7.679166	1.3357933
727831493	ACC	15.833307	6.9373913	1.5320047
727831502	ACC	14.230116	6.387042	2.000998
727831512	ACC	13.2203455	5.779265	2.5704896
727831521	ACC	12.205789	5.3964133	2.6518457
727831531	ACC	11.569298	4.980062	1.9627128
727831540	ACC	11.129018	4.5397825	0.9242278
727831550	ACC	10.755738	4.3244286	5.9820566E-4
727831559	ACC	10.760524	3.984648	-1.1431711
727831569	ACC	11.349157	3.3960135	-0.6263213
727831578	ACC	11.315659	2.9653056	0.11066805
727831588	ACC	11.200803	2.8313074	0.08673982
727831597	ACC	11.062019	2.5202405	-0.109471634
727831607	ACC	10.966306	2.1182463	-0.032901313
727831616	ACC	10.861022	1.6683956	-0.052043892
727831626	ACC	10.564312	1.338186	-0.13339986
727831635	ACC	10.167104	0.98883396	0.06759724
727831645	ACC	9.688539	0.9696914	0.50787663
727831654	ACC	9.669396	0.82612205	1.0630114
727831664	ACC	10.095319	0.6586244	1.5176477
727831673	ACC	10.621739	0.5198407	1.8430717
727831683	ACC	11.004591	0.38584265	2.3599212
727831692	ACC	11.07159	0.3044867	2.7092733
727831702	ACC	10.578669	0.26141587	2.6231318
727831711	ACC	9.803394	0.32841492	2.8049862
727831721	ACC	8.784052	0.41934216	2.1254246
727831730	ACC	7.826923	0.47676992	2.3216362
727831740	ACC	7.066005	0.4001996	1.9292133
727831749	ACC	6.855437	0.093918286	2.149353
727831759	ACC	6.3290157	-0.07836494	2.6183462
727831768	ACC	5.7451673	0.1369891	3.0059834
727831778	ACC	5.24746	0.28055847	3.1686954
727831787	ACC	5.003392	0.1896312	3.3840494
727831797	ACC	5.237889	-0.035294134	3.6089747
727831806	ACC	5.4436717	-0.3367898	4.0827537
727831816	ACC	5.2283173	-0.36550367	4.484748
727831825	ACC	4.7976093	-0.13579269	4.6761737
727831835	ACC	4.4195433	0.12263216	4.7431726
727831844	ACC	4.476971	0.29012975	5.049454
727831854	ACC	4.587041	0.28055847	5.102096
727831863	ACC	4.290331	0.41934216	5.044668
727831873	ACC	3.979264	0.8787641	5.102096
727831882	ACC	3.495914	0.96490574	5.02074
727831892	ACC	3.1561332	1.041476	5.011169
727831901	ACC	2.8019953	1.0510473	5.2887363
727831911	ACC	2.5052853	1.1802598	5.7003016
727831920	ACC	2.4095724	1.3573287	6.1453667
727831930	ACC	2.4670002	1.4434702	6.5282183
727831939	ACC	2.4622145	1.7114664	6.422934
727831949	ACC	2.184647	1.9076779	6.547361
727831958	ACC	2.0027926	2.0991037	6.4277196
727831968	ACC	1.7491534	1.9890338	6.8967133
727831977	ACC	1.4859428	1.8454645	7.7629147
727831987	ACC	1.8305093	1.7593229	8.648259
727831996	ACC	2.0602202	1.7162521	9.294321
727832006	ACC	2.184647	1.7641085	9.571889
727832015	ACC	2.5674987	1.8215362	9.538389
727832025	ACC	3.089134	2.161317	9.09811
727832034	ACC	3.1322048	2.4245276	8.50469
727832044	ACC	3.3810585	2.501098	8.298907
727832053	ACC	3.4289148	2.5728827	8.456834
727832063	ACC	3.0412776	2.5202405	8.609974
727832072	ACC	2.658426	2.4005992	9.02154
727832082	ACC	2.160719	2.3336003	9.533604
727832091	ACC	1.6342978	2.1948166	10.036097
727832101	ACC	1.4285151	2.0656042	10.347163
727832110	ACC	1.442872	1.9698912	10.433305
727832120	ACC	1.6630118	1.9890338	10.251451
727832129	ACC	1.9645073	2.0751755	9.7681
727832139	ACC	2.2947168	2.1134605	9.39482
727832148	ACC	2.3808584	2.161317	9.126823
727832158	ACC	2.28036	2.2809582	8.940184
727832167	ACC	2.1655045	2.5441687	9.811171
727832177	ACC	2.510071	1.8502501	9.375677
727832186	ACC	2.1894326	1.7736797	8.595617
727832196	ACC	1.7826529	2.44367	8.777472
727832205	ACC	2.2372892	2.376671	8.720044
727832215	ACC	2.6009982	2.2139592	8.624331
727832224	ACC	2.696711	2.4005992	8.873184
727832234	ACC	2.6153553	2.5728827	9.3613205
727832243	ACC	2.3952155	2.4388845	9.696316
