727798870	ACC	5.218746	-0.72442704	5.2456656
727798880	ACC	5.2235317	-1.0785648	5.279165
727798889	ACC	5.2235317	-1.3274183	4.8915277
727798899	ACC	4.8693943	-1.7294126	4.255037
727798908	ACC	4.831109	-2.030908	3.336193
727798918	ACC	5.1326046	-2.155335	2.312065
727798927	ACC	5.2570314	-1.9447666	0.84765744
727798937	ACC	5.252246	-1.762912	-1.1048858
727798946	ACC	5.3336015	-1.8251255	-2.669792
727798956	ACC	5.343173	-2.1074786	-3.3493536
727798965	ACC	5.501099	-2.3994029	-2.9186454
727798975	ACC	5.625526	-2.6865416	-1.6169499
727798984	ACC	5.7930236	-2.9449666	-0.028115666
727798994	ACC	5.898308	-2.9593234	1.1252248
727799003	ACC	5.9700923	-2.8779674	1.4985052
727799013	ACC	6.5778694	-2.2845473	0.71365935
727799022	ACC	7.420143	-1.4997016	-1.1431711
727799032	ACC	8.817552	-1.0881361	-2.885146
727799041	ACC	10.439885	-0.7148558	-3.799204
727799051	ACC	11.88515	-0.34157544	-3.7417765
727799060	ACC	12.794423	-0.04965107	-3.057429
727799070	ACC	12.847065	0.06520442	-2.0715861
727799079	ACC	11.933006	0.24227329	-0.6023931
727799089	ACC	10.856236	0.70648086	0.81894356
727799098	ACC	10.200603	1.4769697	1.4410775
727799108	ACC	10.382458	2.4915266	0.51266223
727799117	ACC	11.487942	3.687938	-1.966302
727799127	ACC	13.143775	4.9417768	-5.139185
727799136	ACC	14.924035	6.008976	-7.809575
727799146	ACC	15.890736	6.70768	-8.948559
727799155	ACC	16.206587	6.851249	-7.4458656
727799165	ACC	15.948163	6.8799634	-3.626921
727799174	ACC	15.732809	6.951748	0.49830532
727799184	ACC	15.713666	7.248458	3.6137605
727799193	ACC	14.861821	7.535597	5.360521
727799203	ACC	13.344772	8.042875	5.547161
727799212	ACC	11.712867	8.181659	4.403392
727799222	ACC	10.262816	8.550154	2.9198418
727799231	ACC	9.363115	9.172287	1.4123635
727799241	ACC	9.056833	9.866206	0.2111666
727799250	ACC	9.683753	10.34477	-0.8177471
727799260	ACC	10.449456	10.560124	-1.6073786
727799269	ACC	11.076376	10.37827	-1.5690935
727799279	ACC	11.69851	10.138988	-0.698106
727799288	ACC	11.96172	10.799407	0.4408776
727799298	ACC	12.574283	10.148559	1.0390832
727799307	ACC	12.655639	10.095917	0.99601245
727799317	ACC	12.722638	10.014561	0.81894356
727799326	ACC	13.2203455	9.780065	0.53180486
727799336	ACC	13.670196	9.392427	0.2015953
727799345	ACC	14.244473	8.899506	0.03888337
727799355	ACC	14.952748	8.282157	-0.047258247
727799364	ACC	15.8715925	7.583453	-0.2865405
727799374	ACC	16.52244	6.9278197	-0.69332033
727799383	ACC	16.642082	6.209973	-1.2484552
727799393	ACC	16.364513	5.4442697	-2.0141585
727799402	ACC	15.828522	4.563711	-2.7032914
727799412	ACC	15.220745	3.6161532	-3.1722846
727799421	ACC	14.828321	2.5968108	-3.330211
727799431	ACC	14.474184	1.634896	-3.3397822
727799440	ACC	14.153546	0.70648086	-3.4019957
727799450	ACC	13.785051	-0.3702893	-3.6317065
727799459	ACC	13.785051	-1.5954145	-3.9619162
727799469	ACC	14.268401	-2.7152555	-4.1294136
727799478	ACC	14.402399	-3.6053855	-4.2681975
727799488	ACC	13.531412	-4.165306	-4.3447676
727799497	ACC	11.866008	-4.299304	-4.4691944
727799507	ACC	10.162318	-4.4428735	-4.6893344
727799516	ACC	8.740981	-4.6295137	-5.057829
727799526	ACC	7.984849	-5.002794	-5.2923255
727799535	ACC	7.8460655	-5.476573	-5.3449674
727799545	ACC	7.7407813	-5.916852	-4.99083
727799554	ACC	7.3770723	-6.3954167	-4.2777686
727799564	ACC	6.936793	-6.7926254	-3.2823544
727799573	ACC	6.439086	-7.0989065	-2.2103698
727799583	ACC	5.869594	-7.3286176	-1.4111671
727799592	ACC	5.0799623	-7.3142605	-0.7603194
727799602	ACC	3.9170506	-7.070193	-0.45882374
727799611	ACC	2.8785655	-6.7256265	-0.34396824
727799621	ACC	2.213361	-6.376274	-0.20997019
727799630	ACC	2.065006	-5.9120665	-0.33439696
727799640	ACC	2.457429	-5.476573	-0.68853474
727799649	ACC	3.1609187	-5.017151	-1.0666007
727799659	ACC	3.912265	-4.49073	-1.535594
727799668	ACC	4.5822554	-4.0408792	-1.9902302
727799678	ACC	4.792824	-3.5527434	-2.2342982
727799687	ACC	4.6205406	-3.0789645	-2.5022943
727799697	ACC	4.6205406	-2.71047	-2.5788646
727799706	ACC	5.099105	-2.4855444	-2.5692933
727799716	ACC	5.453243	-2.2510478	-2.5836504
727799725	ACC	5.5202417	-2.00698	-2.6554348
727799735	ACC	5.5633125	-1.7294126	-2.69372
727799744	ACC	6.166304	-1.466202	-2.9138598
727799754	ACC	7.3196445	-1.2556337	-2.885146
727799763	ACC	8.836694	-0.9493524	-2.7798617
727799773	ACC	10.554741	-0.34157544	-2.842075
727799782	ACC	12.119647	0.52941203	-3.0382864
727799792	ACC	13.483556	1.3573287	-3.5503507
727799801	ACC	14.47897	2.3048863	-4.2921257
727799811	ACC	15.187245	3.1998022	-5.105685
727799820	ACC	16.134804	3.7214375	-5.7517476
727799830	ACC	17.101503	4.2574296	-5.6943197
727799839	ACC	17.316858	4.936991	-5.239683
727799849	ACC	17.297714	5.3676996	-4.818547
727799858	ACC	17.383856	5.7744794	-4.5601215
727799868	ACC	17.178074	6.329614	-4.6414776
727799877	ACC	17.091932	6.7651076	-5.0530434
727799887	ACC	17.489141	7.1766734	-5.4502516
727799896	ACC	18.278772	7.683952	-5.2923255
727799906	ACC	18.675982	8.172088	-4.5649076
727799915	ACC	18.41277	8.526225	-3.5838501
727799925	ACC	17.733208	8.712866	-2.2677977
727799934	ACC	16.699509	8.995218	-1.0713863
727799944	ACC	15.483955	9.2488575	-0.4779663
727799953	ACC	14.3689	9.540782	-0.6454639
727799963	ACC	13.296915	9.875777	-1.3824533
727799972	ACC	12.646068	9.961919	-2.1625135
727799981	ACC	12.244074	9.808778	-2.7511477
727799991	ACC	12.057433	9.397213	-2.9952157
727800000	ACC	11.736795	8.933005	-2.6602206
727800010	ACC	11.531013	8.444869	-1.6648064
727800019	ACC	11.382657	8.018947	-0.6406783
727800029	ACC	10.865808	7.530811	-0.09032906
727800038	ACC	10.080962	7.2006016	0.07716853
727800048	ACC	9.487542	6.8081784	-0.07597212
727800057	ACC	9.396614	6.2434726	-0.31046873
727800067	ACC	9.726824	5.721837	-0.5401797
727800076	ACC	10.425529	5.1762733	-0.7890333
727800086	ACC	11.090733	4.6450667	-1.0187442
727800095	ACC	11.813365	3.9367914	-1.1910275
727800105	ACC	12.454642	3.266801	-1.3489537
727800114	ACC	13.234702	2.6063821	-1.3393825
727800124	ACC	13.971691	2.0033908	-1.3298112
727800133	ACC	14.47897	1.1467602	-1.4877375
727800143	ACC	15.081961	0.25663024	-1.7557336
727800152	ACC	15.771094	-0.69571316	-2.2438695
727800162	ACC	16.417156	-1.7006987	-2.8085756
727800171	ACC	16.886148	-2.4759731	-3.531208
727800181	ACC	17.206787	-2.9832516	-4.4596233
727800190	ACC	17.101503	-3.342175	-5.3162537
727800200	ACC	16.689938	-3.610171	-5.962316
727800209	ACC	16.125233	-3.9212382	-6.4217377
727800219	ACC	15.220745	-4.256233	-6.7088766
727800228	ACC	14.076976	-4.3854456	-6.809375
727800238	ACC	12.80878	-4.342375	-6.795018
727800247	ACC	11.502298	-4.1892343	-6.7184477
727800257	ACC	10.052248	-4.208377	-6.704091
727800266	ACC	8.640483	-4.624728	-6.4887366
727800276	ACC	7.300502	-5.313861	-5.6703916
727800285	ACC	5.95095	-6.012565	-4.406981
727800295	ACC	4.6396832	-6.558129	-2.9234312
727800304	ACC	3.3762727	-6.850053	-1.6408781
727800314	ACC	2.5196424	-7.185048	-0.7076773
727800323	ACC	2.0793629	-7.414759	-0.32004002
727800333	ACC	1.8640088	-7.5678997	-0.023330022
727800342	ACC	1.6438692	-7.6396847	-0.13339986
727800352	ACC	1.4333007	-7.697112	-0.42053857
727800361	ACC	1.1222339	-7.6253276	-0.8703892
727800371	ACC	0.8063812	-7.5056863	-1.1335998
727800380	ACC	0.7585248	-7.400402	-1.2580265
727800390	ACC	0.8350951	-7.2089763	-1.4446666
727800399	ACC	1.0169497	-7.003194	-1.6791633
727800409	ACC	1.4237294	-6.9074807	-1.9902302
727800418	ACC	1.8400806	-6.7878394	-2.1864417
727800428	ACC	2.251646	-6.6107707	-2.2342982
727800437	ACC	2.8689942	-6.515058	-2.2103698
727800447	ACC	3.7543387	-6.376274	-2.3874388
727800456	ACC	4.8215375	-6.218348	-2.612364
727800466	ACC	6.195018	-6.0987067	-3.1770704
727800475	ACC	7.405786	-5.486144	-3.5886357
727800485	ACC	9.47797	-5.4813585	-3.4450665
727800494	ACC	11.440085	-5.098507	-3.9140596
727800504	ACC	13.134204	-4.462016	-4.598407
727800513	ACC	14.689538	-3.854239	-4.5409794
727800523	ACC	15.96252	-3.0598218	-4.0767717
727800532	ACC	17.278572	-2.437688	-3.7034912
727800542	ACC	18.494125	-1.561915	-3.4881372
727800551	ACC	19.255043	-0.65264237	-3.478566
727800561	ACC	19.925034	-0.04007978	-3.1387851
727800570	ACC	20.580667	0.4528417	-2.7990043
727800580	ACC	21.044876	1.1276177	-2.6650062
727800589	ACC	21.75315	1.9268204	-3.0287154
727800599	ACC	22.60021	2.8743782	-4.028915
727800608	ACC	22.892134	4.1521454	-5.4311094
727800618	ACC	22.585854	5.4634123	-6.7375903
727800627	ACC	22.41357	6.6071815	-7.656434
727800637	ACC	21.954147	7.5786676	-8.182856
727800646	ACC	20.56631	8.330014	-8.0345
727800656	ACC	19.11626	8.669795	-6.890731
727800665	ACC	17.565712	8.837293	-5.091328
727800675	ACC	15.785451	9.067003	-3.6556349
727800684	ACC	14.18226	9.449855	-2.7559335
727800694	ACC	13.249059	9.899706	-2.1720848
727800703	ACC	12.440285	10.287343	-1.966302
727800713	ACC	11.779866	10.244272	-1.4973087
727800722	ACC	11.4496565	10.014561	-0.32004002
727800732	ACC	10.990234	9.684352	0.95772725
727800741	ACC	10.631311	9.4019985	1.8430717
727800751	ACC	10.382458	8.9521475	2.5561328
727800760	ACC	9.990034	8.602796	2.9676983
727800770	ACC	9.5353985	8.219944	2.9916265
727800779	ACC	9.410972	7.8035927	3.0011978
727800789	ACC	9.645468	7.3250284	3.039483
727800798	ACC	10.090533	6.8129644	2.8145576
727800808	ACC	10.502099	6.248258	2.364707
727800817	ACC	10.707881	5.803193	1.7904296
727800827	ACC	11.253445	5.2289157	1.4458631
727800836	ACC	11.799008	4.788636	1.2687942
727800846	ACC	12.660424	4.0325046	1.082154
727800855	ACC	13.861622	3.2333016	0.9720842
727800865	ACC	14.895321	2.3814569	0.718445
727800874	ACC	15.531812	1.4338989	0.1585245
727800884	ACC	15.976877	0.60598236	-0.5832505
727800893	ACC	16.436298	-0.068793654	-1.3633107
727800903	ACC	17.010576	-0.61914283	-2.1242282
727800912	ACC	17.814564	-0.8919246	-2.8899314
727800922	ACC	18.82912	-1.3704891	-3.5838501
727800931	ACC	19.75275	-2.1361923	-4.215555
727800941	ACC	20.389242	-2.8923244	-4.852046
727800950	ACC	20.805593	-3.8111682	-5.3832526
727800960	ACC	20.551954	-4.49073	-5.5076795
727800969	ACC	19.814964	-4.859225	-5.5507503
727800979	ACC	18.704695	-5.213362	-5.689534
727800988	ACC	17.206787	-5.620142	-5.971887
727800998	ACC	15.359529	-5.921638	-6.0197434
727801007	ACC	13.359129	-6.1513486	-5.7134624
727801017	ACC	11.334801	-6.2757754	-5.17747
727801026	ACC	9.444471	-6.3140607	-4.5505505
727801036	ACC	7.9226356	-6.3236322	-3.952345
727801045	ACC	6.769295	-6.366703	-3.6460636
727801055	ACC	5.994021	-6.318846	-3.5790644
727801064	ACC	5.4580283	-5.9934225	-3.6604204
727801074	ACC	5.032106	-5.601	-3.8327036
727801083	ACC	4.816752	-5.3330035	-3.7417765
727801093	ACC	4.634897	-5.2899327	-3.3445678
727801102	ACC	4.371687	-5.4000025	-2.9282167
727801112	ACC	3.8213377	-5.500501	-2.4975085
727801121	ACC	3.1369905	-5.601	-2.0524435
727801131	ACC	2.1272194	-5.8019967	-1.6600207
727801140	ACC	1.3710874	-5.9407806	-1.3441681
727801150	ACC	0.782453	-6.0077796	-1.090529
727801159	ACC	0.3804588	-5.9934225	-0.89431745
727801169	ACC	0.30867413	-5.8211393	-0.38703907
727801178	ACC	1.39023	-6.16092	-0.5401797
727801188	ACC	2.199004	-5.964709	-0.86560357
727801197	ACC	2.9647074	-5.7110696	-0.6837491
727801207	ACC	3.5964124	-5.529215	-0.90388876
727801216	ACC	3.993621	-5.213362	-1.3154542
727801226	ACC	4.4051867	-4.9262238	-1.5499508
727801235	ACC	4.510471	-4.5242295	-1.8131614
727801245	ACC	4.4243293	-4.2275195	-1.8753748
727801254	ACC	4.328616	-4.1461635	-1.9806589
727801264	ACC	4.634897	-4.289733	-2.248655
727801273	ACC	5.2953167	-4.395017	-2.4209383
727801283	ACC	6.2955165	-4.404588	-2.196013
727801292	ACC	7.7647095	-4.371089	-1.7748762
727801302	ACC	9.296116	-4.19402	-1.8753748
727801311	ACC	10.846665	-3.758526	-1.8323039
727801321	ACC	13.091133	-3.519244	-2.4065814
727801330	ACC	14.780465	-2.6434708	-3.626921
727801340	ACC	16.125233	-1.8777676	-4.4931226
727801349	ACC	16.594225	-1.5810575	-4.99083
727801359	ACC	16.70908	-1.7341982	-4.354339
727801368	ACC	16.273586	-1.6193427	-2.6362925
727801378	ACC	16.220945	-1.7294126	-1.372882
727801387	ACC	16.871792	-1.7964116	-0.83688974
727801397	ACC	17.374285	-1.7341982	-0.93260264
727801406	ACC	17.575283	-1.3896317	-1.5786648
727801416	ACC	17.714066	-0.80578303	-2.5692933
727801425	ACC	18.178274	0.017347964	-3.947559
727801435	ACC	18.264416	0.9984053	-5.3306108
727801444	ACC	18.221344	1.8263218	-6.5030937
727801454	ACC	18.876978	2.376671	-7.1156564
727801463	ACC	19.666609	2.7738798	-6.6418777
727801473	ACC	19.609182	3.14716	-5.148756
727801482	ACC	18.939192	3.7884364	-3.7178483
727801492	ACC	18.010777	4.3818564	-2.842075
727801501	ACC	17.06322	5.1619167	-2.5070798
727801511	ACC	16.398014	5.9994044	-2.7176483
727801520	ACC	15.699309	7.042675	-3.5742788
727801530	ACC	15.316458	7.798807	-4.5409794
727801539	ACC	15.560526	8.210373	-4.651049
727801549	ACC	16.063019	8.100303	-2.7320054
727801558	ACC	16.034304	7.9615192	0.66101724
727801568	ACC	14.861821	7.8945203	3.498905
727801577	ACC	13.177275	7.5643106	4.9058847
727801587	ACC	11.880364	7.2915287	5.044668
727801596	ACC	10.932807	7.0953174	4.1928234
727801605	ACC	10.162318	7.0809603	2.8432715
727801615	ACC	9.827323	7.047461	1.4793626
727801624	ACC	9.994821	6.841678	0.40737805
727801634	ACC	10.722239	6.535397	-0.09990034
727801643	ACC	11.846865	6.0807605	-0.071186475
727801653	ACC	13.004992	5.4729834	0.36909288
727801662	ACC	13.85205	4.8364925	0.89072824
727801672	ACC	14.483755	4.281358	1.1252248
727801681	ACC	15.282958	3.8410785	1.0534402
727801691	ACC	16.4028	3.458227	0.85244304
727801700	ACC	17.694923	2.9748766	0.38823548
727801710	ACC	19.130617	2.4580271	-0.3056831
727801719	ACC	20.729023	1.7593229	-0.8895318
727801729	ACC	22.217358	0.9170493	-1.3968102
727801738	ACC	24.002403	0.10348958	-1.6073786
727801748	ACC	25.61038	-0.69092757	-2.018944
727801757	ACC	26.615366	-1.5906289	-2.6889346
727801767	ACC	26.60101	-2.3659034	-3.4689946
727801776	ACC	25.792234	-3.19382	-3.9332023
727801786	ACC	24.461826	-4.0504503	-3.9619162
727801795	ACC	23.12663	-4.868796	-3.4881372
727801805	ACC	21.576082	-5.510072	-2.9234312
727801814	ACC	19.704895	-5.988637	-2.5788646
727801824	ACC	17.761923	-6.3044896	-2.6602206
727801833	ACC	15.732809	-6.261419	-2.9521449
727801843	ACC	13.794622	-6.108278	-3.3732817
727801852	ACC	12.229716	-6.113064	-3.7657046
727801862	ACC	10.861022	-6.515058	-3.478566
727801871	ACC	8.913264	-6.716055	-3.4594233
727801881	ACC	7.32443	-7.295118	-3.4019957
727801890	ACC	5.649454	-7.42433	-2.521437
727801900	ACC	3.7878382	-7.6540413	-1.5260227
727801909	ACC	2.1128623	-7.7353973	-0.79860455
727801919	ACC	0.77766734	-7.859824	-0.45403808
727801928	ACC	-0.16510476	-8.060822	-0.19561325
727801938	ACC	-0.5383851	-8.300103	-0.008973085
727801947	ACC	-0.83988076	-8.405388	-0.0041874396
727801957	ACC	-1.2418749	-8.443673	-0.18604197
727801966	ACC	-1.538585	-8.400602	-0.401396
727801976	ACC	-1.5481563	-8.146963	-0.62153566
727801985	ACC	-1.0169497	-8.065607	-0.6693921
727801995	ACC	-0.6771688	-7.5056863	-1.2149557
727802004	ACC	-0.7393822	-7.151549	-1.5451652
727802014	ACC	0.50488555	-7.3429747	-2.0811574
727802023	ACC	1.4045869	-6.945766	-2.3204398
727802033	ACC	2.3569303	-6.7782683	-1.5834504
727802042	ACC	3.4624143	-6.9122663	-1.2484552
727802052	ACC	4.007978	-6.9074807	-1.0187442
727802061	ACC	4.462614	-6.7639112	-0.74596244
727802071	ACC	4.8263235	-6.5342007	-0.9517452
727802080	ACC	5.1326046	-6.2662044	-1.4207385
727802090	ACC	5.568098	-6.0077796	-1.8275183
727802099	ACC	6.209375	-5.8307104	-2.2534406
727802109	ACC	7.1856465	-5.691927	-2.559722
727802118	ACC	8.348558	-5.5579286	-2.7559335
727802128	ACC	9.712467	-5.3856454	-3.0622149
727802137	ACC	11.176874	-5.1607203	-3.2775688
727802147	ACC	12.502499	-4.7970114	-3.449852
727802156	ACC	13.96212	-4.505087	-3.2967114
727802166	ACC	15.622739	-4.026522	-2.4065814
727802175	ACC	17.068005	-3.0646076	-1.5547365
727802185	ACC	18.331415	-2.179263	-1.3968102
727802194	ACC	19.250257	-1.4374882	-2.0141585
727802204	ACC	19.63311	-0.49950173	-3.1292138
727802213	ACC	19.88675	0.4959125	-4.3112683
727802223	ACC	20.207388	1.2568301	-5.3306108
727802232	ACC	20.121246	1.9268204	-6.259026
727802242	ACC	19.996819	2.3862424	-6.617949
727802251	ACC	19.791037	2.7930222	-6.3547387
727802261	ACC	19.575682	3.2285159	-5.732605
727802270	ACC	19.767107	3.6448672	-5.0195436
727802280	ACC	20.063818	4.128217	-4.1437707
727802289	ACC	19.527826	4.8412786	-3.1722846
727802299	ACC	18.51327	5.5112686	-2.669792
727802308	ACC	17.441284	6.2865434	-2.3922246
727802318	ACC	16.378872	7.19103	-2.4544377
727802327	ACC	15.584454	7.9184484	-2.7032914
727802337	ACC	15.402599	8.478369	-2.4687948
727802346	ACC	15.402599	8.971291	-1.8323039
727802356	ACC	15.302101	9.440284	-1.2580265
727802365	ACC	14.871393	9.70828	-0.61675006
727802375	ACC	14.158332	9.789636	-0.071186475
727802384	ACC	13.703695	9.669994	0.38823548
727802394	ACC	13.387843	9.535996	0.5557331
727802403	ACC	12.990634	9.368499	0.3164508
727802413	ACC	12.593426	9.124431	0.014955142
727802422	ACC	12.229716	8.813364	0.06759724
727802432	ACC	12.081362	8.277371	0.3595216
727802441	ACC	12.129218	7.70788	0.7471589
727802451	ACC	12.320643	7.205387	0.9625129
727802460	ACC	12.569497	6.6885376	0.99601245
727802470	ACC	12.784851	6.257829	0.79501534
727802479	ACC	13.091133	5.8558354	0.34037903
727802489	ACC	13.540983	5.468198	0.014955142
727802498	ACC	14.340186	5.027919	-0.38703907
727802508	ACC	15.388243	4.4632125	-0.6789634
727802517	ACC	16.168303	3.673581	-0.9613165
727802527	ACC	16.4028	2.7595227	-1.3250256
727802536	ACC	16.575083	1.9890338	-1.4350954
727802546	ACC	17.125431	1.3429717	-1.5738791
727802555	ACC	17.70928	0.69212395	-1.8801605
727802565	ACC	18.101704	-0.09750752	-2.4544377
727802574	ACC	18.321842	-0.78664047	-3.0909286
727802584	ACC	18.345772	-1.5140585	-3.7178483
727802593	ACC	17.991634	-2.2462623	-4.234698
727802603	ACC	17.546568	-2.868396	-4.4548373
727802612	ACC	17.029718	-3.519244	-4.3782673
727802622	ACC	16.369299	-4.107878	-4.2681975
727802631	ACC	15.51267	-4.538586	-4.17727
727802641	ACC	14.512469	-4.8975096	-4.043272
727802650	ACC	13.311273	-5.27079	-3.8853457
727802660	ACC	12.014362	-5.6584272	-3.598207
727802669	ACC	10.688739	-6.2231336	-3.2249267
727802679	ACC	9.176475	-6.7447686	-2.8372893
727802688	ACC	7.4919276	-7.0845494	-2.4783661
727802698	ACC	5.8265233	-7.34776	-2.0811574
727802707	ACC	4.5966125	-7.5344005	-1.4733806
727802717	ACC	3.8213377	-7.630113	-0.86081797
727802726	ACC	3.562913	-7.7210402	-0.60717875
727802736	ACC	3.735196	-7.7162547	-0.62153566
727802745	ACC	3.940979	-7.7066836	-0.79860455
727802755	ACC	3.9888353	-7.8550386	-1.1144571
727802764	ACC	3.739982	-7.75454	-1.3633107
727802774	ACC	3.2853456	-7.8071823	-1.4494523
727802783	ACC	2.3856442	-7.4865437	-1.4159528
727802793	ACC	1.4763715	-7.0462646	-1.1718849
727802802	ACC	1.4668003	-7.9651084	-1.8418752
727802812	ACC	0.69152576	-7.5104723	-1.9423738
727802821	ACC	0.10289137	-6.8931236	-1.0378869
727802831	ACC	0.58624154	-7.0223365	-0.89431745
727802840	ACC	1.3806586	-7.0223365	-1.1479566
727802850	ACC	2.5531418	-6.8165536	-1.3441681
727802859	ACC	3.6586258	-6.4528446	-1.669592
727802869	ACC	4.658826	-6.041279	-2.2677977
727802878	ACC	5.663811	-5.5914283	-2.3778675
727802888	ACC	6.1806607	-4.883153	-2.1768703
727802897	ACC	6.649654	-4.045665	-2.0572293
727802907	ACC	7.2526455	-3.19382	-2.1768703
727802916	ACC	8.02792	-2.5525436	-2.440081
727802926	ACC	9.24826	-2.11705	-2.6075785
727802935	ACC	10.597812	-1.7294126	-2.6219354
727802945	ACC	11.808579	-1.4231312	-2.7559335
727802954	ACC	13.07199	-1.4087744	-2.6554348
727802964	ACC	14.388042	-1.4327025	-1.6073786
727802973	ACC	15.41217	-0.80578303	-0.2961118
727802983	ACC	16.77608	0.012562319	0.42652065
727802992	ACC	18.025133	0.7926225	0.10109676
727803002	ACC	18.833906	1.6061822	-1.0139586
727803011	ACC	19.087545	2.5728827	-2.8229325
727803021	ACC	18.77648	3.5874393	-4.636692
727803030	ACC	18.393627	4.228716	-6.110671
727803040	ACC	18.10649	4.6929235	-7.1682982
727803049	ACC	17.886349	5.0662036	-6.646663
727803059	ACC	17.986847	5.2624154	-4.718048
727803068	ACC	18.096918	5.683552	-3.0239296
727803078	ACC	17.838493	5.994619	-1.966302
727803087	ACC	17.307285	6.382256	-1.5116657
727803097	ACC	16.756937	6.856035	-1.8897316
727803106	ACC	16.29273	7.286743	-2.7176483
727803116	ACC	16.125233	7.583453	-3.7704902
727803125	ACC	16.187445	8.148159	-4.5888357
727803135	ACC	15.876378	8.516654	-4.8711886
727803144	ACC	15.541383	8.8085785	-4.47398
727803154	ACC	15.302101	8.913862	-3.5886357
727803163	ACC	15.235102	8.846864	-2.4975085
727803173	ACC	15.172889	8.741579	-1.2675978
727803182	ACC	14.81875	8.665009	-0.24825534
727803192	ACC	14.230116	8.621938	0.38823548
727803201	ACC	13.598412	8.368299	0.7280163
727803211	ACC	13.033705	7.9854474	0.9098708
727803220	ACC	12.296716	7.5116687	0.9385847
727803230	ACC	11.578869	6.9613194	0.9290134
727803239	ACC	10.875379	6.454041	0.96729857
727803249	ACC	10.439885	6.085546	1.0438689
727803258	ACC	10.526027	5.7074804	1.082154
727803268	ACC	10.999805	5.319843	0.9816555
727803277	ACC	11.598011	4.9417768	1.0534402
727803287	ACC	12.153146	4.673781	1.1395818
727803296	ACC	12.856636	4.3387856	1.0630114
727803306	ACC	13.670196	4.013362	0.8859426
727803315	ACC	14.411971	3.6687953	0.4552345
727803325	ACC	14.861821	3.309872	-0.18125631
727803334	ACC	15.364314	2.8073792	-0.87996054
727803344	ACC	15.842878	2.3479571	-1.6121643
727803353	ACC	15.938592	1.9172492	-2.1720848
727803363	ACC	15.996019	1.4099708	-2.440081
727803372	ACC	16.584654	0.88354975	-2.4209383
727803382	ACC	16.991434	0.3906283	-2.114657
727803391	ACC	17.355143	-0.22671995	-1.8131614
727803401	ACC	17.52264	-0.95413804	-1.6073786
727803410	ACC	17.613567	-1.7102699	-1.4542379
727803420	ACC	17.469997	-2.504687	-1.4542379
727803429	ACC	17.135002	-3.3661032	-1.6743777
727803439	ACC	16.383657	-4.0073795	-1.9902302
727803448	ACC	15.41217	-4.433302	-2.2965117
727803458	ACC	14.297115	-4.840082	-2.708077
727803467	ACC	13.148561	-5.3425746	-3.3684962
727803477	ACC	11.899507	-5.8881383	-4.086343
727803486	ACC	10.325029	-6.2805614	-4.5218368
727803495	ACC	8.673982	-6.835696	-4.7228336
727803505	ACC	7.075577	-7.175477	-4.703691
727803514	ACC	5.4149575	-7.443473	-4.4931226
727803524	ACC	3.979264	-7.6827555	-4.110271
727803533	ACC	2.8498518	-7.945966	-3.39721
727803543	ACC	2.0554347	-8.156534	-2.4831517
727803552	ACC	1.3710874	-8.290532	-1.4590236
727803562	ACC	0.89730847	-8.218747	-0.5401797
727803571	ACC	0.6580262	-8.084749	0.12023934
727803581	ACC	0.6628119	-7.9076805	0.5413761
727803590	ACC	0.6867401	-7.6827555	0.60837513
727803600	ACC	0.9595219	-7.4913297	0.43130627
727803609	ACC	1.4141582	-7.3956165	0.17288144
727803619	ACC	1.8735801	-7.218548	-0.23389842
727803628	ACC	2.3856442	-7.003194	-0.57846487
727803638	ACC	3.7160535	-6.988837	-1.0522437
727803647	ACC	4.505685	-6.2374907	-1.1479566
727803657	ACC	5.194818	-5.768497	-0.97567344
727803666	ACC	6.161518	-5.5340004	-1.2723835
727803676	ACC	6.7932234	-5.0602217	-1.5116657
727803685	ACC	7.1186476	-4.581657	-1.2580265
727803695	ACC	7.4775705	-4.342375	-1.1814562
727803704	ACC	7.7503524	-4.1030927	-1.238884
727803714	ACC	8.128419	-3.8973098	-1.4303098
727803723	ACC	8.640483	-3.5527434	-1.8610178
727803733	ACC	9.138189	-3.0789645	-2.4592235
727803742	ACC	9.84168	-2.6865416	-3.4354951
727803752	ACC	10.004392	-1.9782661	-3.9667017
727803761	ACC	11.66501	-2.4185455	-4.3447676
727803771	ACC	13.124632	-2.1122642	-4.9716873
727803780	ACC	14.07219	-1.7198412	-4.732405
727803790	ACC	14.713467	-1.561915	-4.1054854
727803799	ACC	15.55574	-1.466202	-3.8231323
727803809	ACC	16.106089	-1.0546366	-3.0765717
727803818	ACC	16.78565	-0.68135625	-2.411367
727803828	ACC	17.575283	0.089132644	-1.9280169
727803837	ACC	18.355343	1.1515459	-1.9280169
727803847	ACC	19.570896	1.9124635	-2.5501506
727803856	ACC	20.810379	2.4388845	-3.5072799
727803866	ACC	21.418156	3.0897322	-4.7228336
727803875	ACC	21.504297	3.8123646	-6.0676003
727803885	ACC	21.068804	4.4727836	-7.106085
727803894	ACC	20.173887	5.0709896	-7.555936
727803904	ACC	19.427326	5.6261244	-6.9338017
727803913	ACC	18.771694	6.2434726	-5.536393
727803923	ACC	18.570696	6.6406813	-4.033701
727803932	ACC	18.518055	7.1527452	-2.9569306
727803942	ACC	18.3697	7.760522	-2.3539393
727803951	ACC	18.312271	8.286943	-2.2342982
727803961	ACC	18.015562	8.655437	-2.4687948
727803970	ACC	17.345572	9.124431	-2.6075785
727803980	ACC	16.278372	9.354142	-2.3587248
727803989	ACC	15.340386	9.134003	-1.4111671
727803999	ACC	14.737394	8.842078	0.20638095
727804008	ACC	14.153546	8.660223	1.3549358
727804018	ACC	13.603197	8.353942	1.689931
727804027	ACC	13.253844	7.7796645	1.4458631
727804037	ACC	12.942778	7.425527	1.0103694
727804046	ACC	12.559926	7.0761747	0.3499503
727804056	ACC	12.095718	6.683752	-0.3152544
727804065	ACC	11.813365	6.109474	-0.7507481
727804075	ACC	11.598011	5.539983	-0.94695956
727804084	ACC	11.655439	4.8125644	-0.927817
727804094	ACC	11.794223	4.2000017	-0.68853474
727804103	ACC	11.966506	3.7692938	-0.62153566
727804113	ACC	12.134004	3.4342988	-0.85124665
727804122	ACC	12.162718	3.1519456	-1.3920245
727804132	ACC	12.464213	2.74038	-1.9375881
727804141	ACC	13.263416	2.1996021	-2.1337996
727804151	ACC	14.330615	1.5248263	-2.076372
727804160	ACC	15.158531	0.7160522	-1.8370895
727804170	ACC	15.613168	-0.13100705	-1.6648064
727804179	ACC	15.981663	-0.8344969	-1.4207385
727804189	ACC	16.431513	-1.4997016	-1.3441681
727804198	ACC	16.886148	-2.3467607	-1.5834504
727804208	ACC	17.25943	-3.0119655	-1.8705891
727804217	ACC	17.474783	-3.7776687	-2.2582264
727804227	ACC	17.426928	-4.4811587	-2.7128627
727804236	ACC	17.3025	-5.1990056	-2.9760733
727804246	ACC	16.938791	-5.8211393	-3.0957143
727804255	ACC	16.436298	-6.4528446	-2.9138598
727804265	ACC	15.694524	-6.9074807	-2.6889346
727804274	ACC	14.890535	-7.5583286	-2.5836504
727804284	ACC	13.708481	-8.022536	-2.6554348
727804293	ACC	11.96172	-8.209176	-3.0526435
727804303	ACC	10.176675	-8.448459	-3.4402807
727804312	ACC	8.319844	-8.314461	-3.7704902
727804322	ACC	6.558727	-8.032107	-3.923631
727804331	ACC	4.9986067	-7.821539	-3.9284165
727804341	ACC	3.8691943	-7.7066836	-3.650849
727804350	ACC	3.1657043	-7.7593255	-3.0622149
727804360	ACC	2.6009982	-7.835896	-2.1768703
727804369	ACC	2.065006	-8.003393	-1.2532408
727804379	ACC	1.6247265	-8.300103	-0.26739794
727804388	ACC	1.1270195	-8.496315	0.718445
727804398	ACC	0.45702913	-8.376674	1.527219
727804407	ACC	0.0741775	-8.280961	1.933999
727804417	ACC	-0.5383851	-7.697112	1.933999
727804426	ACC	-0.21774685	-7.7497544	1.1922239
727804436	ACC	0.083748795	-7.2616186	-0.008973085
727804445	ACC	0.30867413	-6.7351975	-0.69332033
727804455	ACC	1.174876	-6.5054865	-1.1431711
727804464	ACC	2.1942184	-6.108278	-1.5595222
727804474	ACC	3.3954153	-5.6392846	-1.8131614
727804483	ACC	4.7162533	-5.3473606	-2.0045872
727804493	ACC	6.06102	-5.1176496	-1.8658035
727804502	ACC	7.1808605	-4.701298	-1.4255241
727804512	ACC	7.9369926	-4.265805	-0.994816
727804521	ACC	8.267202	-3.964309	-0.85124665
727804531	ACC	8.429914	-3.6723845	-0.8129615
727804540	ACC	8.750552	-3.289533	-0.90388876
727804550	ACC	9.348758	-3.00718	-1.21017
727804559	ACC	9.942178	-2.7966115	-2.0715861
727804569	ACC	10.765309	-2.5812573	-3.1004999
727804578	ACC	11.894721	-2.3802602	-4.148556
727804588	ACC	13.373486	-2.2845473	-5.124828
727804597	ACC	15.077175	-2.370689	-5.9527445
727804607	ACC	16.527225	-2.5286152	-6.129813
727804616	ACC	17.403	-2.5764718	-5.3306108
727804626	ACC	17.355143	-2.370689	-3.9810586
727804635	ACC	17.024933	-2.0931215	-3.1196425
727804645	ACC	17.029718	-1.6049858	-2.6793633
727804654	ACC	17.934206	-1.0642079	-2.6506493
727804664	ACC	19.508682	-0.32243285	-2.9138598
727804673	ACC	20.93959	0.59641105	-3.9188452
727804683	ACC	22.226929	1.5822539	-5.1966124
727804692	ACC	23.624338	2.391028	-6.450452
727804702	ACC	24.67718	3.185445	-7.259226
727804711	ACC	24.701109	3.7980077	-7.25444
727804721	ACC	23.791836	4.238287	-6.268597
727804730	ACC	22.164717	4.726423	-4.6749773
727804740	ACC	20.3366	5.1475596	-3.4067812
727804749	ACC	18.996618	5.425127	-3.004787
727804759	ACC	18.068203	5.712266	-3.1292138
727804768	ACC	17.029718	6.047261	-3.315854
727804778	ACC	15.780665	6.281758	-3.3397822
727804787	ACC	14.47897	6.2961144	-2.9521449
727804797	ACC	13.234702	6.3248286	-1.9088743
727804806	ACC	12.363714	5.9563336	-0.1477568
727804816	ACC	11.626725	5.736194	1.6277176
727804825	ACC	10.990234	5.602196	2.9772696
727804835	ACC	10.459028	5.539983	3.6951163
727804844	ACC	9.95175	5.4777694	3.6376886
727804854	ACC	9.631111	5.5160546	2.8959136
727804863	ACC	9.84168	5.492126	2.0105693
727804873	ACC	10.267602	5.4873405	1.1922239
727804882	ACC	10.497313	5.4346986	0.4552345
727804892	ACC	10.77488	5.2959146	0.07716853
727804901	ACC	11.196017	5.1332026	-0.037686955
727804911	ACC	12.090933	4.8029933	-0.23868406
727804920	ACC	12.976277	4.3674994	-0.38703907
727804930	ACC	13.828122	3.9750767	-0.5210371
727804939	ACC	14.699109	3.3433714	-0.25782663
727804949	ACC	15.292529	2.74038	-0.0041874396
727804958	ACC	16.015162	1.9411774	0.17766708
727804968	ACC	16.694723	0.8739785	0.19680966
727804977	ACC	17.254644	-0.26021945	0.18723837
727804987	ACC	17.58964	-1.4279169	0.04366901
727804996	ACC	17.910278	-2.5669005	-0.3056831
727805006	ACC	18.278772	-3.6293137	-0.86560357
727805015	ACC	18.2357	-4.5338006	-1.4590236
727805025	ACC	17.843279	-5.3904314	-1.9519451
727805034	ACC	17.532211	-6.3044896	-2.2438695
727805044	ACC	17.211573	-7.12762	-2.3108685
727805053	ACC	16.603796	-7.5774713	-2.2534406
727805063	ACC	15.823736	-7.8406816	-2.0524435
727805072	ACC	15.005391	-8.099107	-1.9088743
727805082	ACC	13.890335	-8.185248	-1.9519451
727805091	ACC	12.579068	-8.022536	-2.1625135
727805101	ACC	11.224731	-7.888538	-2.5501506
727805110	ACC	9.932607	-7.8311105	-2.937788
727805120	ACC	8.7266245	-7.8550386	-3.2727833
727805129	ACC	7.4919276	-7.75454	-3.598207
727805139	ACC	6.343373	-7.75454	-3.976273
727805148	ACC	5.582455	-7.811968	-4.057629
727805158	ACC	5.070391	-7.8981094	-3.626921
727805167	ACC	4.6971107	-8.075178	-2.8612177
727805177	ACC	4.682754	-8.525029	-2.196013
727805186	ACC	3.1896327	-7.3956165	-1.4829519
727805196	ACC	3.7830527	-8.548957	-1.3920245
727805205	ACC	3.0604203	-8.056036	-1.1288141
727805215	ACC	1.1270195	-7.6396847	-0.6789634
727805224	ACC	0.7728817	-8.060822	-0.7076773
727805234	ACC	0.4235296	-7.8741813	-0.6406783
727805243	ACC	0.567099	-7.740183	-0.6263213
727805253	ACC	1.0313065	-7.414759	-0.91346
727805262	ACC	2.1798615	-7.0319076	-1.1718849
727805272	ACC	3.5581272	-6.5772715	-1.4781662
727805281	ACC	4.6636114	-6.0460644	-1.8370895
727805291	ACC	5.24746	-5.366503	-2.1385853
727805300	ACC	5.548956	-4.868796	-1.8562322
727805310	ACC	5.65424	-4.6438704	-1.2771691
727805319	ACC	5.6590257	-4.562515	-0.6550352
727805329	ACC	5.9174504	-4.371089	-0.27218357
727805338	ACC	6.745367	-4.1222353	-0.2961118
727805348	ACC	7.884351	-3.7824545	-0.7076773
727805357	ACC	8.946764	-3.2847474	-1.439881
727805367	ACC	9.712467	-2.7631118	-2.3587248
727805376	ACC	10.47817	-2.2989044	-3.1244283
727805386	ACC	11.502298	-1.9734805	-3.3637104
727805395	ACC	12.473784	-1.7485552	-3.2536407
727805405	ACC	13.383057	-1.5906289	-3.1435707
727805414	ACC	14.3258295	-1.5906289	-3.033501
727805424	ACC	15.168102	-1.5667006	-2.9186454
727805433	ACC	15.670595	-1.3704891	-2.8660033
727805442	ACC	16.00559	-0.84406817	-2.937788
727805452	ACC	16.800007	-0.18843478	-3.2392836
727805461	ACC	18.269201	0.5389833	-3.7417765
727805471	ACC	19.901106	1.5056837	-4.3112683
727805480	ACC	21.705294	2.391028	-4.866403
727805490	ACC	23.164915	3.2285159	-5.024329
727805499	ACC	23.676981	4.0995035	-4.962116
727805509	ACC	23.437698	5.0662036	-4.8616176
727805518	ACC	22.911276	5.8510494	-4.9142594
727805528	ACC	22.571495	6.372685	-4.545765
727805537	ACC	22.284357	6.693323	-4.033701
727805547	ACC	21.595224	6.899106	-3.6556349
727805556	ACC	20.398813	7.0953174	-3.2440693
727805566	ACC	19.14976	7.147959	-2.6650062
727805575	ACC	18.072989	7.0618176	-1.9375881
727805585	ACC	16.766508	6.951748	-1.2005987
727805594	ACC	15.292529	6.899106	-0.631107
727805604	ACC	13.899907	6.7842503	-0.16211374
727805613	ACC	12.679567	6.70768	0.4456632
727805623	ACC	11.73201	6.7411795	0.84765744
727805632	ACC	10.856236	6.611967	0.87158567
727805642	ACC	10.301102	6.3631134	0.5844469
727805651	ACC	9.812965	6.0951176	0.30209386
727805661	ACC	9.47797	5.831907	0.17766708
727805670	ACC	9.300901	5.5160546	0.014955142
727805680	ACC	9.377472	5.152345	-0.109471634
727805689	ACC	9.525827	4.779065	-0.09032906
727805699	ACC	9.77468	4.334	-0.08075777
727805708	ACC	10.057034	3.8554354	-0.12861422
727805718	ACC	10.348958	3.5012977	-0.21475583
727805727	ACC	10.660025	3.1758738	-0.2434697
727805737	ACC	11.0811615	2.8695927	-0.23389842
727805746	ACC	11.755938	2.5680969	-0.08075777
727805756	ACC	12.244074	2.3670998	-0.01375873
727805765	ACC	12.636497	2.0847468	-0.123828575
727805775	ACC	12.966706	1.6540387	-0.43968117
727805784	ACC	13.282558	1.0127622	-0.60717875
727805794	ACC	13.272987	0.21355942	-0.8177471
727805803	ACC	13.25863	-0.6861419	-1.1048858
727805813	ACC	13.574483	-1.5332011	-1.5451652
727805822	ACC	14.048262	-2.437688	-1.966302
727805832	ACC	14.541183	-3.437888	-2.315654
727805841	ACC	14.794823	-4.284947	-2.5310082
727805851	ACC	14.861821	-5.1702914	-2.708077
727805860	ACC	14.679967	-5.878567	-2.7990043
727805870	ACC	14.306686	-6.170491	-2.8085756
727805879	ACC	13.938192	-6.4145594	-2.870789
727805889	ACC	13.540983	-6.687341	-2.9330025
727805898	ACC	12.981063	-6.730412	-3.0670004
727805908	ACC	12.339787	-6.7591257	-3.2392836
727805917	ACC	11.765509	-6.988837	-3.559922
727805927	ACC	10.96152	-7.0462646	-4.043272
727805936	ACC	9.966106	-6.9505515	-4.421338
727805946	ACC	8.913264	-7.16112	-4.4548373
727805955	ACC	7.7742805	-7.3381886	-4.1629133
727805965	ACC	6.3481584	-7.05105	-3.5407794
727805974	ACC	5.089534	-6.850053	-2.8133612
727805984	ACC	4.2185464	-6.8452673	-2.1385853
727805993	ACC	3.76391	-6.9409804	-1.5738791
727806003	ACC	3.6681972	-7.0606213	-1.0187442
727806012	ACC	3.5581272	-7.2137623	-0.43010986
727806022	ACC	3.2805598	-7.299904	0.03888337
727806031	ACC	2.9790642	-7.108478	0.6131608
727806041	ACC	2.8642087	-7.108478	0.91465646
727806050	ACC	3.0460632	-6.9936223	0.5174479
727806060	ACC	2.4861426	-6.227919	0.36909288
727806069	ACC	2.778067	-6.3236322	0.1058824
727806079	ACC	2.9359934	-6.122635	-0.67417777
727806088	ACC	3.0987053	-5.7062836	-1.1192428
727806098	ACC	3.6873398	-5.4000025	-1.3058829
727806107	ACC	4.395615	-5.189434	-1.6360924
727806117	ACC	5.180461	-4.878367	-1.9758734
727806126	ACC	5.76431	-4.438088	-2.3252254
727806136	ACC	6.4055862	-3.9547377	-2.8277183
727806145	ACC	6.9415784	-3.557529	-3.1914272
727806155	ACC	7.1473613	-3.2991042	-3.2919257
727806164	ACC	7.085148	-3.1842487	-3.263212
727806174	ACC	7.4823565	-3.3230324	-2.3300111
727806183	ACC	8.372486	-3.1746774	-1.4111671
727806193	ACC	9.669396	-2.9880373	-1.0857433
727806202	ACC	11.219945	-2.6721847	-1.1431711
727806212	ACC	13.033705	-2.4472594	-1.5451652
727806221	ACC	15.153746	-2.3754747	-2.1816561
727806231	ACC	16.756937	-2.1457636	-3.2201412
727806240	ACC	17.608782	-1.7150556	-4.1724844
727806250	ACC	17.790636	-1.1647065	-4.9716873
727806259	ACC	18.111275	-0.43728834	-5.354539
727806269	ACC	18.97269	0.43848476	-4.976473
727806278	ACC	20.494526	1.3573287	-4.2538404
727806288	ACC	22.179073	2.0512471	-3.531208
727806297	ACC	23.552553	2.7355945	-2.8277183
727806307	ACC	24.102903	3.5156546	-2.3347967
727806316	ACC	23.820549	4.4775696	-2.1768703
727806326	ACC	23.035704	5.3533425	-2.5692933
727806335	ACC	22.19343	6.032904	-3.3206396
727806345	ACC	21.595224	6.5688963	-3.9619162
727806354	ACC	20.925234	6.966105	-4.3208394
727806364	ACC	20.307886	6.975676	-4.1629133
727806373	ACC	19.652252	6.827321	-3.330211
727806383	ACC	18.92962	6.6502523	-2.1385853
727806392	ACC	18.082561	6.372685	-0.9661021
727806402	ACC	17.096718	6.238687	-0.19082761
727806411	ACC	16.106089	6.238687	0.14416756
727806421	ACC	15.081961	6.262615	-0.109471634
727806430	ACC	14.163117	6.209973	-0.41575295
727806440	ACC	13.2203455	6.0568323	-0.43010986
727806449	ACC	12.268002	5.884549	-0.09032906
727806459	ACC	11.440085	5.63091	0.60837513
727806468	ACC	10.932807	5.3150573	1.4362918
727806478	ACC	10.688739	5.051847	2.149353
727806487	ACC	10.741381	4.779065	2.5465615
727806497	ACC	11.062019	4.415356	2.632703
727806506	ACC	11.133803	4.008576	2.2737796
727806516	ACC	10.942378	3.7022948	1.5128621
727806525	ACC	10.636097	3.482155	0.8380861
727806535	ACC	10.387243	3.2189445	0.19680966
727806544	ACC	10.080962	2.8600214	-0.32004002
727806554	ACC	9.927821	2.539383	-0.59282184
727806563	ACC	10.037891	2.2235305	-0.62153566
727806573	ACC	10.7126665	1.7258233	-0.7603194
727806582	ACC	11.717652	1.2137593	-0.9613165
727806592	ACC	12.636497	0.69212395	-1.3202399
727806601	ACC	13.177275	0.26141587	-1.8370895
727806611	ACC	13.4022	-0.24586253	-2.114657
727806620	ACC	13.134204	-0.6765706	-2.0811574
727806630	ACC	13.004992	-1.0737791	-1.9854445
727806639	ACC	13.421342	-1.5332011	-2.1625135
727806649	ACC	14.196617	-2.1457636	-2.3874388
727806658	ACC	15.048462	-3.0550363	-2.5118656
727806668	ACC	15.680167	-3.9260237	-2.5645077
727806677	ACC	15.862021	-4.7922254	-2.6075785
727806687	ACC	15.823736	-5.5483575	-2.6171498
727806696	ACC	15.077175	-5.873781	-2.7942185
727806706	ACC	13.92862	-6.136992	-3.3876386
727806715	ACC	12.646068	-6.376274	-4.110271
727806725	ACC	11.411371	-6.5677	-4.6989055
727806734	ACC	10.195817	-6.515058	-5.0195436
727806744	ACC	9.06162	-6.256633	-5.2492547
727806753	ACC	8.152347	-6.108278	-5.4263234
727806763	ACC	7.4153576	-6.1417775	-5.4502516
727806772	ACC	6.9320073	-6.285347	-5.311468
727806782	ACC	6.778867	-6.4002023	-4.909474
727806791	ACC	6.558727	-6.716055	-4.3495536
727806801	ACC	6.1328044	-6.8931236	-3.5694933
727806810	ACC	5.3383875	-7.118049	-2.5118656
727806820	ACC	4.4434714	-7.3046894	-1.1623136
727806829	ACC	3.7064822	-7.3956165	-0.028115666
727806839	ACC	3.1226335	-7.548757	1.0582259
727806848	ACC	2.4765713	-7.45783	1.6133606
727806858	ACC	2.1702902	-7.309475	0.90029955
727806867	ACC	1.2418749	-6.5437717	0.22073789
727806877	ACC	1.7587247	-6.649056	-0.028115666
727806886	ACC	2.0793629	-6.318846	-0.4779663
727806896	ACC	2.4861426	-6.055636	-1.0426725
727806905	ACC	3.4097722	-5.67757	-1.3968102
727806915	ACC	4.5152564	-5.3473606	-1.5308083
727806924	ACC	5.611169	-5.1176496	-1.3824533
727806934	ACC	6.6448684	-4.7539406	-1.0091729
727806943	ACC	7.219146	-4.19402	-0.68853474
727806952	ACC	7.6307116	-3.7010984	-0.5593223
727806962	ACC	8.267202	-3.289533	-0.5736792
727806971	ACC	8.903693	-2.7391837	-0.91346
727806981	ACC	9.300901	-2.207977	-1.6169499
727806990	ACC	9.58804	-1.6193427	-2.4305096
727807000	ACC	9.77468	-0.9589237	-3.3589249
727807009	ACC	10.353744	-0.37986058	-4.1868415
727807019	ACC	11.219945	0.055633128	-5.0195436
727807028	ACC	12.311072	0.1274178	-5.8426747
727807038	ACC	13.828122	-0.2219343	-5.904888
727807047	ACC	15.053247	-0.47078785	-5.0482574
727807057	ACC	15.5748825	-0.6861419	-4.124628
727807066	ACC	15.541383	-0.9206385	-3.1292138
727807076	ACC	15.220745	-1.0546366	-2.3682961
727807085	ACC	15.407385	-1.0259227	-2.0141585
727807095	ACC	16.302301	-0.6334998	-2.1433709
727807104	ACC	17.685352	-0.12143575	-2.8899314
727807114	ACC	19.460827	0.47676992	-3.9714873
727807123	ACC	21.064018	1.4003994	-5.1822557
727807133	ACC	22.169502	2.2618155	-6.393024
727807142	ACC	22.911276	2.917449	-6.7902327
727807152	ACC	23.121845	3.4677982	-6.393024
727807161	ACC	22.571495	4.0755754	-5.2013984
727807171	ACC	21.370298	4.5445685	-4.0384865
727807180	ACC	20.102102	4.970491	-3.3254254
727807190	ACC	19.465612	5.482555	-2.9330025
727807199	ACC	19.518255	5.961119	-2.9952157
727807209	ACC	19.322042	6.358328	-3.354139
727807218	ACC	18.738194	6.702894	-3.6317065
727807228	ACC	17.800207	6.860821	-3.8901315
727807237	ACC	16.80958	6.8799634	-3.8374894
727807247	ACC	15.51267	6.9278197	-3.4594233
727807256	ACC	14.301901	6.81775	-2.8803604
727807266	ACC	13.550554	6.5832534	-1.7892331
727807275	ACC	13.014563	6.4827547	-0.37746778
727807285	ACC	12.440285	6.3535423	0.60358953
727807294	ACC	11.856436	6.128617	1.1204392
727807304	ACC	11.387443	5.8654065	1.3453646
727807313	ACC	11.124232	5.5926247	1.2113664
727807323	ACC	10.956735	5.291129	0.8141579
727807332	ACC	10.861022	4.9226346	0.24945176
727807342	ACC	10.817951	4.5876393	-0.20039889
727807351	ACC	10.817951	4.195216	-0.42053857
727807361	ACC	10.913664	3.7310088	-0.60717875
727807370	ACC	11.349157	3.281158	-0.7363912
727807380	ACC	12.105289	2.6638098	-0.9421739
727807389	ACC	12.756138	1.9363917	-1.2915261
727807399	ACC	12.966706	1.2711871	-1.4685949
727807408	ACC	13.024134	0.5629115	-1.4303098
727807418	ACC	12.985848	-0.1692922	-1.2963116
727807427	ACC	12.952349	-0.87278205	-1.076172
727807437	ACC	13.10549	-1.5954145	-0.8560323
727807446	ACC	13.129417	-2.356332	-0.8560323
727807456	ACC	13.177275	-3.2368908	-1.0953146
727807465	ACC	13.5074835	-4.222734	-1.7557336
727807475	ACC	14.009976	-5.3186464	-2.5836504
727807484	ACC	14.632111	-6.2374907	-3.1579278
727807494	ACC	15.120246	-7.175477	-3.5120654
727807503	ACC	15.326029	-7.7880397	-3.7226338
727807513	ACC	15.03889	-8.089535	-3.7226338
727807522	ACC	14.340186	-8.213962	-3.679563
727807532	ACC	13.339986	-8.233105	-3.7657046
727807541	ACC	12.196217	-8.16132	-3.8183467
727807551	ACC	11.143375	-8.132606	-3.679563
727807560	ACC	10.095319	-7.94118	-3.4211383
727807570	ACC	9.1669035	-7.5774713	-3.0622149
727807579	ACC	8.516056	-7.2807612	-2.7176483
727807589	ACC	8.023134	-6.984051	-2.5310082
727807598	ACC	7.6067834	-6.7495546	-2.4209383
727807608	ACC	7.243074	-6.6155562	-2.4352953
727807617	ACC	6.91765	-6.6921268	-2.574079
727807627	ACC	6.3385873	-6.649056	-2.6458635
727807636	ACC	5.5920267	-6.6299133	-2.760719
727807646	ACC	4.7162533	-6.510272	-2.6219354
727807655	ACC	3.8835511	-6.4289165	-2.2917259
727807665	ACC	2.8402805	-5.9120665	-1.669592
727807674	ACC	2.629712	-6.1561346	-0.9804591
727807684	ACC	2.845066	-6.4241304	-0.74117684
727807693	ACC	1.9597218	-5.6823554	-0.7938189
727807703	ACC	1.5050855	-5.773283	-0.6646065
727807712	ACC	1.4955142	-5.988637	-0.7603194
727807722	ACC	1.2897314	-5.701498	-0.99003035
727807731	ACC	1.3328022	-5.2947183	-1.061815
727807741	ACC	1.902294	-5.0219364	-1.1814562
727807750	ACC	2.9982069	-4.7252264	-1.5164514
727807760	ACC	4.4721856	-4.371089	-1.7174485
727807769	ACC	5.749953	-3.8398821	-1.7653049
727807779	ACC	6.4438715	-3.2416766	-1.7700906
727807788	ACC	6.8410797	-2.7678976	-1.9088743
727807798	ACC	7.0612197	-2.452045	-2.1529422
727807807	ACC	7.21436	-2.1936202	-2.5692933
727807817	ACC	7.2287173	-1.9926231	-2.8133612
727807826	ACC	7.3770723	-1.9495523	-3.0670004
727807836	ACC	7.7886376	-2.0548365	-3.4019957
727807845	ACC	8.597412	-2.2606192	-3.478566
727807855	ACC	9.994821	-2.533401	-3.3397822
727807864	ACC	11.837294	-2.868396	-3.0813572
727807874	ACC	13.617554	-3.141178	-2.5070798
727807883	ACC	14.924035	-3.0789645	-2.2151556
727807893	ACC	15.900307	-2.9401808	-2.4161527
727807902	ACC	16.651653	-2.7918258	-2.9138598
727807912	ACC	17.264215	-2.5669005	-3.464209
727807921	ACC	17.857635	-2.3754747	-4.1629133
727807931	ACC	18.48934	-2.0500507	-4.8568316
727807940	ACC	19.101904	-1.5714862	-5.4933224
727807950	ACC	19.805393	-1.0833504	-5.9671016
727807959	ACC	20.700308	-0.63828546	-6.2350974
727807969	ACC	21.355942	-0.21714866	-6.0436716
727807978	ACC	21.619152	0.3044867	-5.258826
727807988	ACC	21.466011	1.0127622	-3.9714873
727807997	ACC	21.3368	1.6875381	-2.7032914
727808007	ACC	21.221945	2.2809582	-1.7413766
727808016	ACC	20.853449	2.9078777	-1.6121643
727808026	ACC	20.19303	3.5635111	-2.2582264
727808035	ACC	19.389042	4.14736	-3.4019957
727808045	ACC	18.561125	4.7024946	-4.6845484
727808054	ACC	17.66621	5.195416	-5.2013984
727808064	ACC	16.80958	5.482555	-5.1439705
727808073	ACC	16.043877	5.5686965	-4.316054
727808083	ACC	15.244673	5.5447683	-3.0239296
727808092	ACC	14.52204	5.506483	-1.6743777
727808102	ACC	13.77548	5.59741	-0.5593223
727808111	ACC	13.033705	5.7601223	-0.028115666
727808121	ACC	12.421143	5.8271213	0.21595225
727808130	ACC	11.736795	5.81755	0.053240303
727808140	ACC	11.176874	5.645267	-0.3152544
727808149	ACC	10.722239	5.415556	-0.49232325
727808159	ACC	10.387243	5.1092744	-0.49232325
727808168	ACC	10.219746	4.6785665	-0.27218357
727808178	ACC	10.109675	4.2095733	0.06759724
727808187	ACC	10.133604	3.8123646	0.33080772
727808197	ACC	10.325029	3.309872	0.50787663
727808206	ACC	10.6408825	2.7451658	0.51266223
727808216	ACC	11.334801	2.1948166	0.4552345
727808225	ACC	12.000006	1.7018951	0.4121637
727808235	ACC	12.669996	1.0606186	0.096311115
727808244	ACC	13.052848	0.47198427	-0.42532423
727808254	ACC	13.320844	-0.064008005	-0.98524475
727808263	ACC	13.612768	-0.84406817	-1.6169499
727808273	ACC	13.751552	-1.6815561	-2.1577277
727808282	ACC	13.899907	-2.4424736	-2.492723
727808292	ACC	14.1009035	-3.2033913	-2.7463622
727808301	ACC	14.58904	-4.141378	-2.9952157
727808311	ACC	15.086747	-4.988437	-3.2105699
727808320	ACC	15.728024	-5.797211	-3.4833515
727808330	ACC	16.130018	-6.7447686	-3.6987057
727808339	ACC	16.039091	-7.448259	-3.7369907
727808349	ACC	15.263816	-7.7497544	-3.650849
727808358	ACC	14.306686	-8.113463	-3.4546378
727808368	ACC	13.268202	-8.285747	-3.2297122
727808377	ACC	12.239287	-8.414959	-3.1196425
727808387	ACC	11.248659	-8.510672	-3.2249267
727808396	ACC	10.243673	-8.592028	-3.301497
727808406	ACC	9.272188	-8.5681	-3.2823544
727808415	ACC	8.410771	-8.438888	-3.2488549
727808425	ACC	7.6594253	-8.386245	-3.1962128
727808434	ACC	7.0229344	-8.371888	-3.0287154
727808444	ACC	6.3720865	-8.199605	-2.8133612
727808453	ACC	5.802595	-7.859824	-2.7415764
727808463	ACC	5.2235317	-7.4291162	-2.7798617
727808472	ACC	4.7449675	-7.0079794	-2.8516464
727808482	ACC	4.342973	-6.6538415	-2.9330025
727808491	ACC	3.9696927	-6.328418	-3.0239296
727808501	ACC	3.644269	-5.9934225	-2.9617162
727808510	ACC	3.4097722	-5.782854	-2.6219354
727808520	ACC	3.2231321	-5.6392846	-2.018944
727808529	ACC	3.0604203	-5.519644	-1.3010973
727808538	ACC	2.9216363	-5.323432	-0.5832505
727808548	ACC	2.9072795	-5.041079	0.029312078
727808557	ACC	2.9359934	-4.720441	0.32123643
727808567	ACC	3.1513474	-4.433302	0.27816564
727808576	ACC	3.6107693	-4.222734	0.029312078
727808586	ACC	4.1850467	-3.9212382	-0.37268212
727808595	ACC	4.883751	-3.571886	-0.7507481
727808605	ACC	5.611169	-3.3038898	-0.91346
727808614	ACC	6.1806607	-2.9210382	-0.98524475
727808624	ACC	6.611369	-2.4855444	-1.3298112
727808633	ACC	6.91765	-2.11705	-1.7748762
727808643	ACC	6.9655066	-1.628914	-2.2582264
727808652	ACC	6.9224358	-1.0833504	-2.7559335
727808662	ACC	7.0372915	-0.62871414	-3.1100712
727808671	ACC	7.391429	-0.27936205	-3.2392836
727808681	ACC	8.295917	0.0029910284	-3.1244283
727808690	ACC	9.736395	0.33320054	-2.7128627
727808700	ACC	11.454442	0.44805604	-2.0859432
727808709	ACC	13.392629	0.6538388	-1.4925231
727808719	ACC	15.081961	0.974477	-1.2532408
727808728	ACC	16.264015	1.3860425	-1.5690935
727808738	ACC	17.51307	1.5631114	-2.129014
727808747	ACC	18.541983	1.7688942	-2.6315067
727808757	ACC	19.073189	2.352743	-2.8325038
727808766	ACC	19.642681	3.2620156	-3.1387851
727808776	ACC	20.681166	4.377071	-3.7800615
727808785	ACC	21.805792	5.468198	-4.5074797
727808795	ACC	23.370699	6.4492555	-4.627121
727808804	ACC	24.074188	6.736394	-4.3782673
727808814	ACC	24.471397	6.678966	-3.354139
727808823	ACC	23.83012	6.41097	-1.7270198
727808833	ACC	22.145573	6.047261	-0.3152544
727808842	ACC	20.106888	5.5686965	0.6945168
727808852	ACC	18.321842	5.051847	1.4793626
727808861	ACC	17.044075	4.70728	1.8000008
727808871	ACC	16.345371	4.3244286	1.6851454
727808880	ACC	15.981663	4.11386	1.3405789
727808890	ACC	16.058233	3.9990048	0.66101724
727808899	ACC	16.235302	3.9655054	0.1058824
727808909	ACC	16.460226	3.8841493	-0.26739794
727808918	ACC	16.981863	3.5252259	-0.45403808
727808928	ACC	17.096718	3.1088748	-0.65024954
727808937	ACC	16.73301	2.716452	-0.5736792
727808947	ACC	15.914663	2.4580271	-0.55453664
727808956	ACC	15.019748	1.9411774	-0.5353941
727808966	ACC	14.091332	1.4291133	-0.38703907
727808975	ACC	13.244273	0.9553344	-0.19082761
727808985	ACC	12.540784	0.46241298	0.25902304
727808994	ACC	11.947364	0.20398813	0.8572287
727809004	ACC	11.406586	0.050847482	1.0725827
727809013	ACC	10.971092	-0.2745764	1.0534402
727809023	ACC	10.602597	-0.5377869	1.1587243
727809032	ACC	10.147961	-0.69092757	1.3453646
727809042	ACC	9.803394	-0.72442704	1.2400804
727809051	ACC	9.693324	-0.738784	1.0342976
727809061	ACC	9.439685	-0.82013994	0.60837513
727809070	ACC	9.152547	-0.9445667	0.35473597
727809080	ACC	8.7984085	-1.1216356	0.38344982
727809089	ACC	8.238488	-1.41356	0.8333005
727809099	ACC	7.4679995	-1.5667006	1.4123635
727809108	ACC	6.788438	-1.7054844	1.838286
727809118	ACC	5.994021	-1.643271	2.364707
727809127	ACC	5.367101	-1.3513466	2.6997023
727809137	ACC	5.0799623	-1.0163515	2.7954152
727809146	ACC	4.9938207	-0.8153543	2.6374888
727809156	ACC	5.1852465	-0.7531409	2.996412
727809165	ACC	5.4819565	-0.8105687	3.3122647
727809175	ACC	5.568098	-0.80578303	3.527619
727809184	ACC	5.601598	-0.657428	3.766901
727809194	ACC	5.156533	-0.24586253	3.336193
727809203	ACC	5.237889	-0.657428	4.159324
727809213	ACC	4.941179	-0.26979074	4.039683
727809222	ACC	4.587041	-0.13100705	3.106482
727809232	ACC	4.165904	0.19441684	2.5896323
727809241	ACC	3.629912	0.5820541	3.0299118
727809251	ACC	3.4911282	0.66341007	3.4462628
727809260	ACC	4.180261	0.5054838	3.8721852
727809270	ACC	4.223332	0.098703936	4.221537
727809279	ACC	4.7210393	1.1754742	4.159324
727809289	ACC	5.7930236	1.1371889	5.61416
727809298	ACC	5.788238	0.60598236	6.571289
727809308	ACC	5.8743796	0.7256235	7.3752775
727809317	ACC	5.209175	0.9457632	8.026125
727809327	ACC	5.2570314	1.1084751	8.380263
727809336	ACC	4.802395	1.4434702	7.9447694
727809346	ACC	4.199404	1.7162521	6.9972115
727809355	ACC	3.5533416	1.7497516	6.446862
727809365	ACC	3.0460632	1.6205392	6.867999
727809374	ACC	2.8307092	1.4338989	7.6959157
727809384	ACC	2.7589245	1.2281163	8.509476
727809393	ACC	2.6871397	1.1419746	9.102896
727809403	ACC	2.6679974	1.1611172	9.308679
727809412	ACC	2.955136	1.1084751	9.370892
727809422	ACC	3.3714871	1.2089736	9.193823
727809431	ACC	3.5964124	1.3956138	8.796615
727809441	ACC	3.5964124	1.5918252	8.341978
727809450	ACC	3.4289148	1.783251	7.9112697
727809460	ACC	3.1752756	1.878964	7.6480594
727809469	ACC	3.022135	1.878964	7.829914
727809479	ACC	2.9312077	1.8933209	8.198408
727809488	ACC	3.0556345	1.8885353	8.581261
727809498	ACC	3.1130621	1.8167506	8.901898
727809507	ACC	3.0269206	1.7114664	9.241679
727809517	ACC	2.8594232	1.5726827	9.576674
727809526	ACC	2.7732813	1.5296118	9.787243
727809536	ACC	2.7684958	1.5487545	9.696316
727809545	ACC	2.8929226	1.5966109	9.39482
727809555	ACC	3.0795627	1.7162521	8.968898
727809564	ACC	3.2470603	1.8885353	8.480762
727809574	ACC	3.5389848	2.012962	8.20798
727809583	ACC	3.586841	2.0751755	8.193623
727809593	ACC	3.6011982	1.96032	8.47119
727809602	ACC	3.586841	1.9411774	10.050453
727809612	ACC	3.9361932	0.89312106	9.753743
727809621	ACC	3.2327034	1.6205392	8.720044
727809631	ACC	3.1561332	2.4963121	8.8492565
727809640	ACC	4.0510488	2.1326032	8.413763
727809650	ACC	4.5487556	2.1134605	8.9210415
727809659	ACC	3.9744785	2.1421745	9.949955
