727844268	ACC	1.2562319	2.228316	9.193823
727844287	ACC	1.1796615	2.2474587	9.083753
727844306	ACC	1.2562319	2.1326032	9.480962
727844325	ACC	1.2370893	1.9794625	9.964312
727844344	ACC	1.1509477	1.878964	10.165309
727844363	ACC	0.9738788	1.8837496	10.06481
727844382	ACC	0.9834501	1.9794625	9.763314
727844401	ACC	1.1078769	2.1708884	9.351749
727844420	ACC	1.1988041	2.3048863	8.98804
727844439	ACC	1.2993027	2.4005992	8.729615
727844458	ACC	1.3184453	2.4580271	8.614759
727844477	ACC	1.2514462	2.4340987	8.911469
727844496	ACC	1.0743774	2.3431716	9.409177
727844515	ACC	0.849452	2.3048863	9.681958
727844534	ACC	0.86859465	2.3814569	9.744172
727844553	ACC	1.079163	2.4245276	9.720243
727844572	ACC	1.1988041	2.44367	9.643674
727844591	ACC	1.2849457	2.4245276	9.715458
727844610	ACC	1.3232309	2.3862424	9.930812
727844629	ACC	1.3615161	2.3814569	9.949955
727844648	ACC	1.4715859	2.4340987	9.69153
727844667	ACC	1.524228	2.525026	9.308679
727844686	ACC	1.5960127	2.6015964	9.083753
727844705	ACC	1.6534405	2.620739	9.031111
727844724	ACC	1.4189439	2.5728827	9.112467
727844743	ACC	1.1078769	2.4963121	9.169894
727844762	ACC	1.0073783	2.44367	9.150752
727844781	ACC	1.1174482	2.4197419	9.279964
727844800	ACC	1.2753744	2.4293132	9.327821
727844819	ACC	1.2849457	2.4628127	9.256036
727844969	ACC	1.2035898	2.5585256	9.375677
727844978	ACC	1.1940185	2.6685956	9.28475
727844988	ACC	1.1796615	2.7068806	9.208179
727844997	ACC	1.2227324	2.7212377	9.165109
727845007	ACC	1.1844472	2.6973093	9.026325
727845016	ACC	1.0600204	2.6303103	8.844471
727845026	ACC	0.96909314	2.5441687	8.729615
727845035	ACC	0.95473623	2.4675984	8.667402
727845045	ACC	0.9499506	2.3958137	8.600403
727845054	ACC	1.0456635	2.3383858	8.542975
727845064	ACC	1.2705889	2.2091734	8.452047
727845073	ACC	1.3232309	2.2139592	8.447262
727845083	ACC	1.7108682	2.2235305	8.547761
727845092	ACC	1.98365	2.2091734	8.519047
727845102	ACC	2.0745773	2.2809582	8.432905
727845111	ACC	2.1559331	2.391028	8.107481
727845121	ACC	2.2181466	2.5202405	7.69113
727845130	ACC	2.2899313	2.5872395	7.3226357
727845140	ACC	2.347359	2.6063821	7.049854
727845149	ACC	2.333002	2.6350958	6.8727846
727845159	ACC	2.3665016	2.5968108	6.8345
727845168	ACC	2.457429	2.3718855	6.7579293
727845178	ACC	2.510071	2.0703897	6.628717
727845187	ACC	2.5866413	1.7641085	6.451648
727845197	ACC	2.778067	1.3669	6.2027946
727845206	ACC	3.0652058	0.93619186	5.843871
727845216	ACC	3.5246277	0.4863412	5.5280185
727845225	ACC	4.194618	-0.19322042	5.264808
727845235	ACC	4.017549	-0.36550367	5.1212387
727845244	ACC	3.7304106	-0.5282156	5.1643095
727845254	ACC	3.5533416	-0.9828519	4.8436713
727845263	ACC	3.3284163	-1.7198412	4.3890347
727845273	ACC	3.3044882	-2.3515465	3.848257
727845282	ACC	2.3856442	-2.7583263	3.254837
727845292	ACC	2.333002	-2.8061829	2.4652054
727845301	ACC	2.3712873	-3.112464	1.4315062
727845311	ACC	2.376073	-3.3086755	0.6897311
727845320	ACC	2.5674987	-3.4522448	0.053240303
727845330	ACC	3.199204	-3.4522448	-0.253041
727845339	ACC	4.453043	-3.4809587	-0.19082761
727845349	ACC	5.8887367	-3.461816	0.23988047
727845358	ACC	7.243074	-3.3038898	0.5605187
727845368	ACC	8.554341	-3.1986058	0.4743771
727845377	ACC	9.765109	-3.1794631	5.9820566E-4
727845387	ACC	10.530812	-2.9880373	-0.65982085
727845396	ACC	11.330015	-2.6004	-1.4446666
727845406	ACC	11.626725	-2.1457636	-2.3060827
727845415	ACC	11.607583	-1.791626	-3.1435707
727845425	ACC	11.66501	-1.317847	-3.746562
727845434	ACC	12.358929	-0.9445667	-3.9667017
727845444	ACC	13.191631	-0.6430711	-3.6412778
727845453	ACC	13.727624	0.055633128	-2.6650062
727845463	ACC	14.057833	0.974477	-1.5451652
727845472	ACC	14.703896	1.9651057	-1.0091729
727845482	ACC	16.273586	2.6398816	-1.655235
727845491	ACC	17.737995	3.4534414	-2.722434
727845501	ACC	18.58984	4.764708	-3.775276
727845510	ACC	18.924835	6.1860447	-4.818547
727845520	ACC	19.068403	7.396813	-5.4167523
727845529	ACC	19.030119	8.674581	-4.9429736
727845539	ACC	19.202402	10.033704	-3.2727833
727845548	ACC	20.140388	10.957334	-1.4781662
727845558	ACC	20.652452	13.3740835	0.4648058
727845567	ACC	21.288942	14.517853	1.6468602
727845577	ACC	21.576082	15.168701	1.3740784
727845586	ACC	21.15973	15.60898	0.3930211
727845596	ACC	20.42274	15.920047	-0.7938189
727845605	ACC	19.767107	15.699907	-2.2582264
727845614	ACC	19.130617	15.044274	-3.612564
727845624	ACC	18.3362	14.010574	-4.6319065
727845633	ACC	17.508284	12.766307	-5.163113
727845643	ACC	16.828722	11.478969	-5.3497534
727845652	ACC	16.086946	10.076775	-5.36411
727845662	ACC	15.416956	8.578867	-5.3306108
727845671	ACC	14.593825	7.195816	-5.2683973
727845681	ACC	13.866407	5.7266226	-5.2492547
727845690	ACC	13.397414	4.362714	-5.258826
727845700	ACC	13.167703	3.1232316	-5.1343994
727845709	ACC	12.96192	1.9746768	-5.014758
727845719	ACC	12.502499	0.9409775	-4.8376894
727845728	ACC	11.96172	-0.04007978	-4.4835515
727845738	ACC	11.4496565	-0.8344969	-3.9714873
727845747	ACC	11.210374	-1.466202	-3.5072799
727845757	ACC	11.114661	-2.0548365	-3.1770704
727845766	ACC	11.090733	-2.6099713	-2.9186454
727845776	ACC	10.928021	-3.016751	-2.5262225
727845785	ACC	10.530812	-3.2943187	-2.114657
727845795	ACC	9.870394	-3.5479577	-1.7748762
727845804	ACC	9.119047	-3.8973098	-1.5595222
727845814	ACC	8.267202	-4.476373	-1.387239
727845823	ACC	7.176075	-5.0602217	-1.224527
727845833	ACC	5.9318075	-5.624928	-1.0331012
727845842	ACC	4.5535417	-5.878567	-0.7890333
727845852	ACC	3.5198421	-6.175277	-0.6263213
727845861	ACC	2.8594232	-6.361917	-0.631107
727845871	ACC	2.4239295	-6.0029936	-0.8560323
727845880	ACC	2.4095724	-6.213562	-1.3154542
727845890	ACC	2.7206392	-6.75434	-2.0045872
727845899	ACC	2.6344976	-6.376274	-2.5166512
727845909	ACC	2.3569303	-6.261419	-2.6027927
727845918	ACC	2.1655045	-6.361917	-2.39701
727845928	ACC	1.8592232	-6.294918	-2.033301
727845937	ACC	1.5290136	-6.0604215	-1.7653049
727845947	ACC	1.2993027	-5.6871414	-1.6791633
727845956	ACC	1.0217353	-5.285147	-1.6743777
727845966	ACC	1.2035898	-4.950152	-2.0524435
727845975	ACC	1.5146568	-4.6486564	-2.6027927
727845985	ACC	2.012364	-4.38066	-3.1627133
727845994	ACC	2.658426	-4.246662	-3.4019957
727846004	ACC	3.5198421	-4.098307	-3.2775688
727846013	ACC	4.5487556	-3.882953	-3.0670004
727846023	ACC	5.491528	-3.734598	-2.9856443
727846032	ACC	6.2524457	-3.6484563	-2.9186454
727846042	ACC	6.9224358	-3.4713874	-2.966502
727846051	ACC	7.042077	-3.2081769	-3.114857
727846061	ACC	7.3052874	-3.2847474	-2.8133612
727846070	ACC	7.6737823	-3.0263224	-2.8325038
727846080	ACC	8.037491	-2.858825	-3.6699917
727846089	ACC	9.066405	-2.8253253	-4.1964126
727846099	ACC	10.755738	-2.7822545	-4.148556
727846108	ACC	13.5074835	-2.5381866	-4.0528436
727846118	ACC	17.254644	-2.318047	-4.086343
727846127	ACC	20.484955	-2.00698	-4.47398
727846137	ACC	22.691137	-1.6193427	-4.8616176
727846146	ACC	24.059832	-0.67178494	-4.8329034
727846156	ACC	23.988047	0.93619186	-4.718048
727846165	ACC	23.030918	2.673381	-4.9429736
727846175	ACC	22.346571	4.214359	-5.3449674
727846184	ACC	22.07379	5.549554	-5.6799626
727846194	ACC	22.26043	6.693323	-5.833103
727846203	ACC	23.188845	7.516454	-5.8043895
727846213	ACC	24.45704	8.042875	-5.378467
727846222	ACC	25.734808	8.320442	-3.679563
727846232	ACC	26.103302	8.822935	-1.2149557
727846241	ACC	24.97389	9.397213	1.1730813
727846251	ACC	23.246271	10.04806	2.742773
727846260	ACC	21.341585	10.397412	2.6997023
727846270	ACC	19.479969	9.67478	1.5128621
727846279	ACC	17.345572	9.124431	0.029312078
727846289	ACC	15.263816	8.626724	-1.1623136
727846298	ACC	13.560126	7.9854474	-1.966302
727846308	ACC	12.335001	7.329814	-2.3922246
727846317	ACC	11.636296	6.669395	-2.3300111
727846327	ACC	11.13859	6.008976	-1.9902302
727846336	ACC	10.765309	5.276772	-1.8418752
727846346	ACC	10.597812	4.334	-1.9998015
727846355	ACC	10.439885	3.4917264	-2.3060827
727846365	ACC	10.329815	2.7595227	-2.4305096
727846374	ACC	10.506885	1.9220347	-2.4496522
727846384	ACC	10.861022	1.2329018	-2.2917259
727846393	ACC	11.186446	0.38584265	-2.0811574
727846403	ACC	11.330015	-0.41814575	-1.7988044
727846412	ACC	11.243874	-1.1072787	-1.7030915
727846422	ACC	11.10509	-1.8681962	-1.7748762
727846431	ACC	10.99502	-2.7008986	-2.114657
727846441	ACC	10.966306	-3.4953158	-2.4879375
727846450	ACC	11.114661	-3.9882371	-2.8660033
727846460	ACC	11.310873	-4.543372	-3.3349965
727846469	ACC	11.32523	-4.988437	-3.760919
727846479	ACC	11.066805	-5.352146	-4.2011986
727846488	ACC	10.540383	-5.667999	-4.5074797
727846498	ACC	9.722038	-5.768497	-4.6654058
727846507	ACC	8.956335	-5.825925	-5.0099726
727846517	ACC	8.372486	-5.9790654	-5.354539
727846526	ACC	7.865208	-6.1561346	-5.608178
727846536	ACC	6.745367	-6.227919	-5.708677
727846545	ACC	5.6350975	-6.5772715	-5.5794644
727846555	ACC	4.587041	-6.658627	-4.9716873
727846564	ACC	3.3379877	-6.515058	-4.464409
727846574	ACC	2.3521447	-6.476773	-4.4452662
727846583	ACC	1.8400806	-6.515058	-4.6175494
727846593	ACC	2.0315065	-6.634699	-4.450052
727846602	ACC	2.347359	-6.5054865	-4.2107697
727846612	ACC	2.524428	-6.294918	-3.99063
727846621	ACC	2.5962126	-6.2518473	-3.7417765
727846631	ACC	2.6009982	-6.2518473	-3.4450665
727846640	ACC	2.5052853	-6.0364933	-2.966502
727846650	ACC	2.309074	-5.620142	-2.3874388
727846659	ACC	1.9932213	-5.112864	-1.8131614
727846669	ACC	1.8496519	-4.557729	-1.4638093
727846678	ACC	2.1128623	-4.2610188	-1.2675978
727846688	ACC	2.8929226	-4.0791645	-1.3154542
727846697	ACC	3.495914	-3.638885	-1.5643078
727846707	ACC	3.7160535	-3.0119655	-2.1433709
727846716	ACC	3.897908	-2.562115	-2.9186454
727846726	ACC	4.1228333	-2.126621	-3.4546378
727846735	ACC	4.9459643	-1.8011973	-3.9427736
727846745	ACC	5.1613183	-1.0689936	-4.555336
727846754	ACC	5.491528	-0.8536395	-4.6749773
727846764	ACC	5.6685967	-0.69092757	-4.3926244
727846773	ACC	5.6446686	-0.6334998	-4.124628
727846783	ACC	5.682954	-0.7435696	-4.009773
727846792	ACC	6.4295144	-0.96849495	-3.3924243
727846802	ACC	7.5637126	-0.9493524	-1.9998015
727846811	ACC	9.085547	-0.47078785	-0.33918262
727846821	ACC	11.124232	0.04127619	0.8141579
727846830	ACC	13.440485	0.4336991	1.2879368
727846840	ACC	16.058233	0.7543373	1.4985052
727846849	ACC	18.97269	1.218545	1.4793626
727846859	ACC	21.79622	2.2139592	1.0773684
727846868	ACC	24.614967	3.2859437	-0.5593223
727846878	ACC	27.022146	4.5302114	-2.7463622
727846887	ACC	28.505695	5.185845	-5.0530434
727846897	ACC	29.769106	5.2624154	-6.25424
727846906	ACC	30.405598	5.1667023	-6.134599
727846916	ACC	30.075388	5.348557	-4.5601215
727846925	ACC	29.419754	5.267201	-2.9138598
727846935	ACC	28.869406	4.874778	-1.8801605
727846944	ACC	27.90749	4.4727836	-1.6169499
727846954	ACC	26.428726	4.080361	-2.1050856
727846963	ACC	24.696323	3.5539398	-2.9760733
727846973	ACC	22.90649	2.9030921	-3.612564
727846982	ACC	21.040089	2.3288147	-3.6077783
727846992	ACC	19.087545	1.9411774	-3.0957143
727847001	ACC	17.398214	1.5678971	-2.3682961
727847011	ACC	16.3358	1.3190435	-1.6313069
727847020	ACC	15.680167	1.0127622	-1.0043873
727847030	ACC	15.153746	0.7495517	-0.74117684
727847039	ACC	14.6225395	0.40498522	-0.75553375
727847049	ACC	13.823337	0.02213361	-0.84167534
727847058	ACC	12.727424	-0.25064817	-0.91346
727847068	ACC	11.583654	-0.5282156	-1.0809577
727847077	ACC	10.482956	-0.97806627	-1.4207385
727847087	ACC	9.449257	-1.3992031	-1.7222341
727847096	ACC	8.444271	-1.7485552	-1.8945173
727847106	ACC	7.568498	-2.0931215	-1.9471594
727847115	ACC	6.735796	-2.289333	-1.9232312
727847124	ACC	6.2380886	-2.4855444	-1.9519451
727847134	ACC	6.070591	-2.7822545	-2.0620148
727847143	ACC	5.9653068	-3.074179	-2.1242282
727847153	ACC	5.8360944	-3.3517463	-2.1337996
727847162	ACC	5.697311	-3.6484563	-2.0428724
727847172	ACC	5.611169	-3.9738803	-1.9328024
727847181	ACC	5.5633125	-4.433302	-1.7748762
727847191	ACC	5.4963136	-4.988437	-1.683949
727847200	ACC	5.3144593	-5.5052867	-1.5978073
727847210	ACC	5.0656056	-6.031708	-1.5690935
727847219	ACC	4.735396	-6.6394844	-1.6121643
727847229	ACC	4.2759743	-7.2137623	-1.7700906
727847238	ACC	3.6729827	-7.515258	-2.0524435
727847248	ACC	2.8929226	-8.036893	-2.2821546
727847257	ACC	2.1798615	-7.8981094	-2.7798617
727847267	ACC	1.5002998	-7.448259	-3.7369907
727847276	ACC	0.93559366	-6.9074807	-4.7515473
727847286	ACC	0.47138608	-6.1513486	-6.005387
727847295	ACC	0.4426722	-5.543572	-7.350153
727847305	ACC	0.7920243	-5.0697927	-8.498708
727847314	ACC	1.2227324	-4.8879385	-9.307482
727847324	ACC	2.0410776	-5.1176496	-9.652048
727847333	ACC	2.8498518	-5.486144	-9.431909
727847343	ACC	3.0173492	-5.7876396	-8.431708
727847352	ACC	3.0317063	-6.1274204	-6.919445
727847362	ACC	3.0412776	-6.3571315	-5.4646087
727847371	ACC	3.2135608	-6.467201	-4.110271
727847381	ACC	4.0701914	-6.419345	-2.5070798
727847390	ACC	5.4053864	-6.3044896	-1.2293127
727847400	ACC	6.754938	-5.849853	-0.631107
727847409	ACC	7.812566	-5.371289	-0.48275197
727847419	ACC	9.104691	-5.433502	-0.87996054
727847428	ACC	10.296316	-5.299504	-2.0715861
727847438	ACC	10.258031	-4.5673003	-3.6460636
727847447	ACC	10.210175	-4.2275195	-4.761119
727847457	ACC	9.927821	-3.7489548	-5.325825
727847466	ACC	10.033105	-3.5001013	-5.6943197
727847476	ACC	10.51167	-3.5048869	-5.718248
727847485	ACC	10.880164	-3.2560334	-5.1822557
727847495	ACC	11.483156	-2.8061829	-4.249055
727847504	ACC	12.607782	-2.2701905	-3.3876386
727847514	ACC	14.1009035	-1.5954145	-2.9234312
727847523	ACC	15.469599	-0.9445667	-2.8229325
727847533	ACC	16.551155	-0.18843478	-2.9856443
727847542	ACC	16.953148	0.8021938	-3.4307094
727847552	ACC	17.001005	1.8550358	-4.110271
727847561	ACC	17.211573	2.539383	-4.842475
727847571	ACC	17.790636	2.8408787	-4.4691944
727847580	ACC	18.52284	3.4630125	-2.4448664
727847590	ACC	18.81955	4.5876393	0.005383851
727847599	ACC	19.063618	5.4203415	1.6037893
727847609	ACC	19.259829	5.6356955	1.9674984
727847618	ACC	18.967905	5.5830536	1.5846468
727847628	ACC	18.221344	5.5112686	0.78065836
727847637	ACC	17.374285	5.2719865	0.07716853
727847647	ACC	16.632511	4.860421	-0.6023931
727847656	ACC	16.273586	4.3244286	-1.1958131
727847666	ACC	16.541582	3.6927235	-1.2867404
727847675	ACC	17.25943	3.295515	-0.75553375
727847685	ACC	18.206987	3.1758738	-0.028115666
727847694	ACC	19.130617	3.0753753	0.2111666
727847704	ACC	20.140388	2.8073792	-0.16689938
727847713	ACC	21.265015	2.228316	-0.93738824
727847723	ACC	21.920649	1.6540387	-2.0237298
727847732	ACC	21.99722	1.1228321	-3.2201412
727847742	ACC	21.652653	0.5772685	-4.1054854
727847751	ACC	20.987448	0.046061836	-4.622335
727847761	ACC	20.250458	-0.47078785	-4.670192
727847770	ACC	19.551754	-0.9732806	-4.4165525
727847780	ACC	18.920048	-1.5236298	-4.033701
727847789	ACC	18.44627	-2.0739791	-3.449852
727847799	ACC	17.89592	-2.5477579	-2.818147
727847808	ACC	17.22593	-2.8636105	-2.3922246
727847818	ACC	16.59901	-3.1890345	-2.114657
727847827	ACC	15.900307	-3.5240295	-1.9423738
727847837	ACC	15.211174	-3.8590248	-1.9471594
727847846	ACC	14.641682	-4.342375	-2.0428724
727847856	ACC	14.115261	-5.08415	-2.1385853
727847865	ACC	13.435699	-5.8689957	-2.2534406
727847875	ACC	12.105289	-6.634699	-2.4544377
727847884	ACC	9.932607	-7.1898336	-2.545365
727847894	ACC	7.4392858	-7.764111	-2.7272196
727847903	ACC	4.773681	-8.266604	-2.7032914
727847913	ACC	2.2277179	-8.362317	-2.39701
727847922	ACC	-0.16031912	-8.400602	-1.9567307
727847932	ACC	-1.8448663	-7.998608	-1.5643078
727847941	ACC	-3.1274192	-7.8071823	-1.4446666
727847951	ACC	-4.1036906	-7.5583286	-1.5451652
727847960	ACC	-4.4243293	-7.45783	-1.8275183
727847970	ACC	-3.8117664	-7.5678997	-2.1242282
727847979	ACC	-2.5196424	-7.7258263	-2.4209383
727847989	ACC	-1.1078769	-7.75454	-2.708077
727847998	ACC	-0.06460621	-7.6492558	-3.0382864
727848008	ACC	0.72502524	-7.64447	-3.5551362
727848017	ACC	1.3040884	-7.620542	-4.191627
727848027	ACC	1.5816557	-7.5439715	-4.7371907
727848036	ACC	1.6534405	-7.45783	-5.1870413
727848046	ACC	1.5864414	-7.4195447	-5.526822
727848055	ACC	1.6007984	-7.405188	-5.924031
727848065	ACC	2.0267208	-7.515258	-6.134599
727848074	ACC	2.672783	-7.620542	-6.297311
727848084	ACC	3.548556	-7.6779695	-6.3978095
727848093	ACC	4.6061835	-7.912466	-6.1824555
727848103	ACC	6.0753765	-8.367103	-5.421538
727848112	ACC	7.793423	-8.711669	-4.2107697
727848122	ACC	9.540184	-8.83131	-3.0909286
727848131	ACC	11.282159	-8.931808	-2.277369
727848141	ACC	12.990634	-8.898309	-1.8370895
727848150	ACC	14.378471	-8.740383	-1.7222341
727848160	ACC	15.07239	-8.548957	-2.1768703
727848169	ACC	15.25903	-8.132606	-2.9138598
727848179	ACC	15.196816	-7.7497544	-3.9427736
727848188	ACC	15.460027	-7.34776	-4.9860444
727848198	ACC	15.589239	-6.7878394	-5.9001026
727848207	ACC	15.991234	-6.2231336	-6.8572316
727848217	ACC	16.283157	-5.6297135	-7.689934
727848226	ACC	16.235302	-5.065007	-8.082356
727848236	ACC	16.187445	-4.6725845	-7.6085777
727848245	ACC	16.153946	-4.2275195	-6.1393847
727848255	ACC	16.163517	-3.6915271	-4.234698
727848264	ACC	16.18266	-2.978466	-2.3778675
727848274	ACC	16.086946	-1.9830518	-0.7220342
727848283	ACC	15.847665	-0.71007013	0.29252258
727848293	ACC	15.627524	0.44805604	0.3499503
727848302	ACC	15.598811	1.5391831	-0.14297116
727848312	ACC	15.74238	2.4915266	-0.994816
727848321	ACC	15.895521	3.3481572	-2.018944
727848331	ACC	15.857236	4.137789	-2.8660033
727848340	ACC	15.761522	4.640281	-3.2823544
727848350	ACC	15.857236	4.731209	-2.5166512
727848359	ACC	15.402599	4.898706	-0.78424764
727848369	ACC	14.306686	5.075775	0.76630145
727848378	ACC	12.928421	4.9513483	1.9100707
727848388	ACC	11.631511	4.5684967	2.4747767
727848397	ACC	10.612168	4.0564327	2.8002007
727848407	ACC	10.133604	3.5539398	3.1160533
727848416	ACC	10.18146	2.9892337	3.1543384
727848426	ACC	10.291531	2.3958137	3.0586255
727848435	ACC	10.549955	1.8502501	3.3122647
727848445	ACC	11.085947	1.4195421	3.9870408
727848454	ACC	11.88515	1.1132607	4.5038905
727848464	ACC	12.799209	0.81655073	4.226323
727848473	ACC	14.005191	0.49112684	3.321836
727848483	ACC	15.048462	0.1896312	1.9818554
727848492	ACC	16.029518	-0.04007978	0.4456632
727848502	ACC	17.532211	-0.3894319	-1.0331012
727848511	ACC	19.465612	-0.7052845	-2.3300111
727848521	ACC	21.509083	-1.0259227	-3.5359936
727848530	ACC	23.552553	-1.41356	-4.258626
727848540	ACC	25.213173	-1.7485552	-4.3686957
727848549	ACC	26.002804	-1.8825532	-4.2681975
727848559	ACC	26.170301	-2.00698	-4.086343
727848568	ACC	26.026731	-2.3611178	-3.827918
727848578	ACC	25.60081	-3.074179	-3.6317065
727848587	ACC	24.911676	-3.9164524	-3.0813572
727848597	ACC	23.743979	-4.562515	-2.248655
727848606	ACC	22.222143	-5.0602217	-1.3345969
727848616	ACC	20.86302	-5.553143	-0.5736792
727848625	ACC	19.561325	-6.0508504	-0.023330022
727848634	ACC	18.206987	-6.318846	0.06759724
727848644	ACC	16.847864	-6.5342007	-0.32482567
727848653	ACC	15.594026	-6.75434	-1.0043873
727848663	ACC	14.344972	-6.9744797	-1.7700906
727848672	ACC	13.158132	-7.2329044	-2.3252254
727848682	ACC	11.899507	-7.524829	-2.5549364
727848691	ACC	10.506885	-7.553543	-2.4544377
727848701	ACC	9.066405	-7.553543	-2.4352953
727848710	ACC	7.9704924	-7.8693953	-2.4161527
727848720	ACC	6.9942207	-8.16132	-2.3682961
727848729	ACC	6.0227346	-8.501101	-2.3204398
727848739	ACC	5.1613183	-8.850452	-2.1816561
727848748	ACC	4.5631127	-9.223733	-1.9758734
727848758	ACC	4.06062	-9.343374	-1.6408781
727848767	ACC	3.3236306	-9.391231	-1.4829519
727848777	ACC	2.6536403	-9.338589	-1.5164514
727848786	ACC	1.8305093	-9.156734	-1.5834504
727848796	ACC	1.0313065	-8.702098	-1.7892331
727848805	ACC	0.62452674	-8.577671	-2.2582264
727848815	ACC	0.35174492	-8.548957	-2.6219354
727848824	ACC	0.09810573	-8.328817	-2.7032914
727848834	ACC	-0.08853444	-8.089535	-2.7272196
727848843	ACC	-0.22731815	-7.8023963	-2.641078
727848853	ACC	-0.36131623	-7.7593255	-2.7655048
727848862	ACC	-0.10767702	-7.9363947	-3.019144
727848872	ACC	0.031106694	-7.5583286	-2.3682961
727848881	ACC	-0.34217364	-7.218548	-1.7892331
727848891	ACC	-0.74416786	-7.079764	-1.8323039
727848900	ACC	-0.9499506	-6.7878394	-2.2390838
727848910	ACC	-1.0360922	-6.1322064	-2.5070798
727848919	ACC	-0.9403793	-5.7349977	-3.004787
727848929	ACC	-0.20817557	-5.395217	-3.6891344
727848938	ACC	1.0743774	-5.2516475	-4.354339
727848948	ACC	2.9168508	-5.0697927	-4.7946186
727848957	ACC	5.276174	-4.9692945	-5.024329
727848967	ACC	8.185846	-4.935795	-5.0099726
727848976	ACC	11.2343025	-4.9453664	-4.7898326
727848986	ACC	13.77548	-4.8735814	-4.9525447
727848995	ACC	15.077175	-4.686941	-5.191827
727849005	ACC	14.617754	-4.3471603	-5.488537
727849014	ACC	12.74178	-3.8446677	-5.785247
727849024	ACC	10.660025	-3.6293137	-6.081957
727849033	ACC	9.262616	-3.8877387	-6.311668
727849043	ACC	9.387043	-4.4859443	-6.498308
727849052	ACC	11.722438	-5.1176496	-6.4217377
727849062	ACC	14.569897	-5.4143596	-6.3403816
727849071	ACC	16.895721	-5.471787	-6.163313
727849081	ACC	18.537197	-5.189434	-5.6321063
727849090	ACC	18.967905	-4.49073	-4.8855457
727849100	ACC	17.991634	-3.409174	-4.009773
727849109	ACC	16.369299	-2.4185455	-3.1292138
727849119	ACC	15.44567	-1.9734805	-2.7320054
727849128	ACC	14.828321	-1.5810575	-2.6650062
727849138	ACC	14.191831	-1.1359925	-2.789433
727849147	ACC	13.765908	-0.4660022	-3.114857
727849157	ACC	14.177474	0.42891344	-3.5694933
727849166	ACC	16.206587	0.81655073	-3.559922
727849176	ACC	18.436699	0.6969096	-2.937788
727849185	ACC	18.85305	1.5631114	-1.8801605
727849195	ACC	17.230717	2.7499514	-1.0953146
727849204	ACC	15.144175	3.2620156	-0.9661021
727849214	ACC	13.244273	3.2620156	-1.2580265
727849223	ACC	11.650654	3.4534414	-1.4015958
727849233	ACC	10.80838	3.5347972	-1.6408781
727849242	ACC	10.928021	3.1375887	-1.8370895
727849252	ACC	11.4496565	2.4101706	-1.8801605
727849261	ACC	11.870793	1.7688942	-1.736591
727849271	ACC	12.655639	1.1036894	-1.1288141
727849280	ACC	13.799408	0.39541394	-0.119042926
727849290	ACC	14.273187	0.17527425	0.60358953
727849299	ACC	14.603396	0.13220344	0.8859426
727849309	ACC	15.019748	0.02213361	0.46959144
727849318	ACC	15.211174	0.036490545	-0.7938189
727849328	ACC	15.594026	0.18005991	-2.3874388
727849337	ACC	16.436298	0.43848476	-4.0528436
727849347	ACC	17.809778	0.6586244	-5.636892
727849356	ACC	19.74318	0.82612205	-7.335796
727849366	ACC	21.844078	0.8644072	-8.857632
727849375	ACC	23.49034	0.73519474	-9.699904
727849385	ACC	24.179472	0.40977088	-10.140184
727849394	ACC	23.882763	0.36670008	-9.589835
727849404	ACC	22.71028	0.1896312	-8.115856
727849413	ACC	21.52344	-0.24586253	-6.230312
727849423	ACC	20.518454	-0.97806627	-4.5649076
727849432	ACC	19.503897	-1.6911274	-3.0095727
727849442	ACC	18.518055	-1.9830518	-1.1814562
727849451	ACC	17.489141	-2.1218355	0.05802595
727849461	ACC	16.656439	-2.3946173	0.5605187
727849470	ACC	15.804593	-2.5142584	0.72323066
727849480	ACC	14.957535	-2.71047	0.7615158
727849489	ACC	14.187045	-2.8492537	0.5605187
727849499	ACC	13.655839	-3.1316066	0.034097724
727849508	ACC	13.354343	-3.4474592	-0.6550352
727849518	ACC	13.110275	-3.7489548	-1.3106686
727849527	ACC	12.784851	-3.9930227	-1.884946
727849537	ACC	12.004791	-4.2131624	-2.464009
727849546	ACC	11.29173	-4.505087	-2.7511477
727849556	ACC	10.736595	-4.8448677	-2.9282167
727849565	ACC	10.4016	-5.2420764	-2.9760733
727849575	ACC	10.167104	-5.428716	-2.8803604
727849584	ACC	10.066605	-5.634499	-2.7272196
727849594	ACC	9.9756775	-5.998208	-2.6219354
727849603	ACC	9.693324	-6.4384875	-2.6075785
727849613	ACC	9.1669035	-6.850053	-2.5692933
727849622	ACC	8.315059	-7.1946197	-2.5549364
727849632	ACC	7.4010005	-7.515258	-2.5788646
727849641	ACC	6.6831536	-7.8167534	-2.736791
727849651	ACC	6.0658054	-8.094321	-3.0239296
727849660	ACC	5.4628143	-8.280961	-3.3924243
727849670	ACC	4.8119664	-8.2761755	-3.7417765
727849679	ACC	4.180261	-8.371888	-4.0528436
727849689	ACC	3.5724843	-8.467601	-4.5601215
727849698	ACC	3.2039895	-8.5681	-4.66062
727849708	ACC	2.2564318	-7.850253	-3.7130625
727849717	ACC	1.8735801	-7.859824	-3.4929228
727849727	ACC	1.3519448	-7.630113	-3.9810586
727849736	ACC	0.7298109	-7.252047	-4.58405
727849746	ACC	0.33260235	-6.7878394	-4.9716873
727849755	ACC	0.14596218	-6.2757754	-4.828118
727849765	ACC	0.25124636	-6.093921	-4.5361934
727849774	ACC	0.64845496	-6.122635	-4.3351965
727849784	ACC	1.2466606	-6.203991	-3.8709888
727849793	ACC	2.0075781	-6.285347	-3.033501
727849803	ACC	3.3523445	-6.404988	-2.2103698
727849812	ACC	4.625326	-6.3954167	-1.7605193
727849822	ACC	5.6063833	-6.3140607	-1.5690935
727849831	ACC	6.4869423	-6.242276	-1.655235
727849841	ACC	7.2382884	-6.1274204	-2.033301
727849850	ACC	7.8029947	-6.012565	-2.5070798
727849860	ACC	8.094919	-5.8307104	-2.8277183
727849869	ACC	8.472985	-5.5866427	-3.0622149
727849879	ACC	10.717453	-6.3044896	-5.273183
727849888	ACC	10.904093	-5.017151	-7.522436
727849898	ACC	10.73181	-4.423731	-8.029715
727849907	ACC	10.578669	-4.1988053	-7.522436
727849917	ACC	10.171889	-4.165306	-7.1252275
727849926	ACC	10.320244	-4.5003014	-6.579664
727849936	ACC	10.459028	-4.538586	-5.6464634
727849945	ACC	10.813166	-4.4811587	-4.354339
727849955	ACC	11.655439	-4.299304	-3.1100712
727849964	ACC	12.981063	-4.016951	-2.4209383
727849974	ACC	14.25883	-3.557529	-2.1720848
727849983	ACC	15.18246	-2.7152555	-2.2869403
727849993	ACC	15.393028	-1.5571294	-2.6841488
727850002	ACC	15.029319	-0.37986058	-3.4402807
727850012	ACC	14.880964	0.5246264	-4.138985
727850021	ACC	15.41217	1.1228321	-4.39741
727850031	ACC	16.383657	1.7018951	-3.827918
727850040	ACC	17.503498	2.2187448	-2.4592235
727850050	ACC	17.924635	2.8408787	-1.1575279
727850059	ACC	17.173288	3.4486556	-0.39661035
727850069	ACC	16.388443	3.4534414	-0.119042926
727850078	ACC	15.8715925	3.1902308	-0.32961133
727850088	ACC	15.129818	3.0993035	-0.3152544
727850097	ACC	14.254045	3.2285159	0.28295127
727850107	ACC	14.134403	3.0993035	1.0007981
727850116	ACC	14.971891	2.6973093	1.4841483
727850126	ACC	15.771094	2.501098	1.5894325
727850135	ACC	16.393229	2.4819553	1.0438689
727850145	ACC	16.924435	2.4915266	-0.1477568
727850154	ACC	17.59921	2.539383	-1.4685949
727850163	ACC	18.364914	2.5058835	-2.8372893
727850173	ACC	19.10669	2.4484558	-4.000201
727850182	ACC	19.843678	2.2761726	-4.8999023
727850192	ACC	20.642881	1.9698912	-5.727819
727850201	ACC	21.504297	1.6157535	-6.3164535
727850211	ACC	22.317858	1.3477573	-6.8045893
727850220	ACC	23.136202	0.9984053	-7.1682982
727850230	ACC	23.418554	0.6203393	-7.307082
727850239	ACC	23.11706	0.012562319	-7.4267235
727850249	ACC	22.212572	-0.57607204	-7.053443
727850258	ACC	20.891735	-0.95413804	-6.2255263
727850268	ACC	19.613968	-1.3848461	-4.9525447
727850277	ACC	18.74298	-2.0165513	-3.6029928
727850287	ACC	18.04906	-2.6865416	-2.3300111
727850296	ACC	17.388641	-3.2129626	-1.1623136
727850306	ACC	16.651653	-3.5288153	-0.32004002
727850315	ACC	15.938592	-3.8063827	0.24945176
727850325	ACC	15.2063875	-4.031308	0.5174479
727850334	ACC	14.388042	-4.174877	0.2973082
727850344	ACC	13.574483	-4.289733	-0.3056831
727850353	ACC	12.717853	-4.4189453	-1.0522437
727850363	ACC	11.956935	-4.5481577	-1.7126628
727850372	ACC	11.263016	-4.701298	-2.1625135
727850382	ACC	10.679168	-4.7922254	-2.3108685
727850391	ACC	10.095319	-5.0219364	-2.6267211
727850401	ACC	9.583255	-5.2947183	-3.0430722
727850410	ACC	9.075976	-5.667999	-3.2919257
727850420	ACC	8.300702	-6.026922	-3.3110683
727850429	ACC	7.1808605	-6.1178493	-3.1387851
727850439	ACC	6.2285175	-6.227919	-2.8660033
727850448	ACC	5.572884	-6.5724854	-2.588436
727850458	ACC	4.974678	-6.8452673	-1.9902302
727850467	ACC	4.486542	-7.036693	-1.4303098
727850477	ACC	4.1467614	-7.3429747	-1.238884
727850486	ACC	4.098905	-7.768897	-1.372882
727850496	ACC	4.3669014	-8.242676	-1.7222341
727850505	ACC	4.5248275	-8.654242	-2.129014
727850515	ACC	4.24726	-8.845667	-2.5166512
727850524	ACC	3.5246277	-8.855238	-3.0143583
727850534	ACC	2.5962126	-8.735598	-3.545565
727850543	ACC	1.524228	-8.362317	-3.9954157
727850553	ACC	0.485743	-7.960323	-4.249055
727850562	ACC	-0.4139583	-7.5726852	-4.2299123
727850572	ACC	-0.89730847	-7.1898336	-4.0624146
727850581	ACC	-0.8063812	-6.7591257	-3.894917
727850591	ACC	-0.34217364	-6.203991	-3.8901315
727850600	ACC	0.42831525	-5.797211	-3.7513478
727850610	ACC	1.4811572	-5.8211393	-3.9379878
727850619	ACC	2.7876384	-6.0987067	-4.5601215
727850629	ACC	3.7734814	-5.873781	-4.234698
727850638	ACC	4.5391846	-5.6440706	-3.2775688
727850648	ACC	5.2809596	-5.6057854	-2.5118656
727850657	ACC	5.9988065	-5.6727843	-2.1625135
727850667	ACC	6.9224358	-5.768497	-1.9806589
727850676	ACC	8.128419	-5.782854	-1.817947
727850686	ACC	9.51147	-5.7397833	-1.5738791
727850695	ACC	10.5690975	-5.5340004	-1.6265212
727850705	ACC	11.004591	-5.179863	-2.2342982
727850714	ACC	10.990234	-4.7635117	-3.4259238
727850724	ACC	10.999805	-4.289733	-4.909474
727850733	ACC	10.80838	-3.6149569	-6.220741
727850743	ACC	11.397015	-3.016751	-7.077371
727850752	ACC	12.875778	-2.6243281	-7.4650083
727850762	ACC	14.1726885	-2.184049	-7.498508
727850771	ACC	15.120246	-1.7485552	-7.14437
727850781	ACC	15.761522	-1.4470595	-6.47438
727850790	ACC	15.680167	-0.9493524	-5.47418
727850800	ACC	14.933606	-0.34636107	-4.6989055
727850809	ACC	13.646268	0.17048861	-3.9858444
727850819	ACC	12.51207	0.5102694	-3.3445678
727850828	ACC	12.057433	0.61076796	-2.7463622
727850838	ACC	12.497713	0.62512493	-1.9854445
727850847	ACC	13.234702	0.92183495	-1.2149557
727850857	ACC	14.091332	1.4051851	-0.9517452
727850866	ACC	14.656038	2.0703897	-1.3202399
727850876	ACC	14.493327	2.9653056	-2.1625135
727850885	ACC	13.823337	3.7740796	-2.8468606
727850895	ACC	13.296915	4.286144	-3.3780673
727850904	ACC	12.837494	4.578068	-3.7178483
727850914	ACC	12.301501	4.606782	-3.9571304
727850923	ACC	11.96172	4.334	-3.99063
727850933	ACC	11.803794	3.726223	-3.4929228
727850942	ACC	12.033505	2.8935208	-2.2055843
727850952	ACC	12.062219	2.44367	-0.7268199
727850961	ACC	11.976077	2.161317	0.2111666
727850971	ACC	12.263216	1.9268204	0.32123643
727850980	ACC	13.201202	1.6109679	-0.4636094
727850990	ACC	14.512469	1.3286148	-1.8131614
727850999	ACC	15.63231	1.1324034	-3.1962128
727851009	ACC	16.680367	0.97926265	-4.6414776
727851018	ACC	17.723637	0.6729814	-6.17767
727851028	ACC	18.297915	0.37627137	-7.5990067
727851037	ACC	18.690338	0.18484555	-8.417352
727851047	ACC	19.59961	-0.23150559	-8.800203
727851056	ACC	20.547169	-0.6334998	-8.886345
727851066	ACC	21.054447	-0.8105687	-8.84806
727851075	ACC	21.07359	-0.99720883	-8.637491
727851085	ACC	20.662024	-1.0594223	-8.240283
727851094	ACC	19.920248	-1.1072787	-7.359724
727851104	ACC	19.202402	-1.2221341	-6.134599
727851113	ACC	18.470198	-1.3704891	-4.746762
727851123	ACC	17.690138	-1.5188441	-3.3445678
727851132	ACC	16.972292	-1.6576279	-2.0237298
727851142	ACC	16.350157	-1.777269	-0.8895318
727851151	ACC	15.948163	-1.9064814	-0.11425728
727851161	ACC	15.522241	-1.9495523	0.27337998
727851170	ACC	14.991034	-2.1122642	0.3930211
727851180	ACC	14.201403	-2.2845473	0.2638087
727851189	ACC	13.234702	-2.423331	-0.15254244
727851199	ACC	12.335001	-2.6004	-0.6119644
727851208	ACC	11.420942	-2.7439694	-1.1048858
727851218	ACC	10.597812	-2.8636105	-1.5260227
727851227	ACC	9.899107	-3.1363924	-2.0045872
727851237	ACC	9.257831	-3.3852458	-2.315654
727851246	ACC	8.721839	-3.6436708	-2.3778675
727851256	ACC	8.382058	-3.9020956	-2.315654
727851265	ACC	8.133204	-4.1844487	-2.277369
727851275	ACC	7.793423	-4.38066	-2.277369
727851284	ACC	7.21436	-4.433302	-2.2390838
727851294	ACC	6.649654	-4.4572306	-2.1768703
727851303	ACC	6.195018	-4.557729	-2.196013
727851313	ACC	5.95095	-4.71087	-2.2821546
727851322	ACC	5.802595	-4.950152	-2.3060827
727851332	ACC	5.749953	-5.299504	-2.2438695
727851341	ACC	5.692525	-5.6057854	-2.1625135
727851351	ACC	5.6063833	-5.892924	-2.2677977
727851360	ACC	5.491528	-6.065207	-2.4687948
727851370	ACC	5.271388	-6.1944194	-2.6554348
727851379	ACC	4.6636114	-6.1944194	-2.909074
727851389	ACC	3.8356948	-6.069993	-3.205784
727851398	ACC	2.9742785	-5.9503517	-3.3445678
727851408	ACC	2.160719	-5.8019967	-3.4594233
727851417	ACC	1.4285151	-5.4670014	-3.6029928
727851427	ACC	0.76331043	-5.1990056	-3.5838501
727851436	ACC	0.2847459	-5.246862	-3.9858444
727851446	ACC	-0.2656033	-5.0697927	-3.9571304
727851455	ACC	-0.96430755	-4.543372	-3.4594233
727851465	ACC	-1.308874	-4.3040895	-2.8277183
727851474	ACC	-1.160519	-4.3040895	-2.4448664
727851484	ACC	-0.6053841	-4.2514477	-2.3060827
727851493	ACC	0.5288138	-4.342375	-2.425724
727851503	ACC	2.0027926	-4.706084	-2.5836504
727851512	ACC	3.6873398	-5.165506	-2.8037899
727851522	ACC	5.84088	-5.7780685	-2.99043
727851531	ACC	8.147561	-6.4384875	-3.1770704
727851541	ACC	10.167104	-6.83091	-3.3254254
727851550	ACC	11.440085	-6.9170523	-3.5647075
727851560	ACC	11.928221	-6.783054	-3.842275
727851569	ACC	11.741581	-6.443273	-4.2394834
727851579	ACC	11.066805	-6.065207	-4.8137608
727851588	ACC	10.095319	-5.648856	-5.560322
727851598	ACC	9.420543	-5.4909296	-6.2111692
727851607	ACC	9.487542	-5.5675	-6.335596
727851617	ACC	10.205389	-5.6727843	-5.7804613
727851626	ACC	11.176874	-5.725426	-4.966902
727851636	ACC	12.229716	-5.773283	-4.1964126
727851645	ACC	12.9236355	-5.715855	-3.3062828
727851655	ACC	13.373486	-5.5387864	-2.373082
727851664	ACC	13.689339	-5.1846485	-1.5786648
727851674	ACC	13.430914	-4.49073	-1.0378869
727851683	ACC	12.957134	-3.7154553	-0.7890333
727851693	ACC	12.58864	-3.0358937	-0.9804591
727851702	ACC	12.373286	-2.3659034	-1.521237
727851712	ACC	12.689138	-1.7054844	-2.2917259
727851721	ACC	13.593625	-1.1886346	-3.004787
727851731	ACC	14.660825	-0.62871414	-3.4211383
727851740	ACC	15.900307	-0.12143575	-3.4307094
727851750	ACC	17.001005	0.23748764	-2.870789
727851759	ACC	17.403	0.78783685	-2.047658
727851769	ACC	16.867006	1.5343975	-1.4973087
727851778	ACC	15.900307	2.012962	-1.6983058
727851788	ACC	14.924035	2.2666013	-2.1385853
727851797	ACC	13.947763	2.472384	-2.6554348
727851807	ACC	13.3352	2.5680969	-3.0143583
727851816	ACC	13.153346	2.4005992	-3.2297122
727851826	ACC	13.450056	1.9746768	-3.167499
727851835	ACC	14.057833	1.515255	-2.6745775
727851845	ACC	14.924035	0.9553344	-1.8945173
727851854	ACC	15.957734	0.45762733	-0.8895318
727851863	ACC	16.790436	0.2757728	-0.052043892
727851873	ACC	17.479568	0.26141587	0.19680966
727851882	ACC	18.273987	0.2757728	-0.4444668
727851892	ACC	19.111475	0.2853441	-1.8610178
727851901	ACC	19.805393	0.3044867	-3.354139
727851911	ACC	20.341385	0.35234314	-4.727619
727851920	ACC	20.796022	0.27098715	-5.890531
727851930	ACC	21.064018	0.06999006	-6.6801624
727851939	ACC	21.097517	-0.3702893	-6.8045893
727851949	ACC	20.537598	-0.8775677	-6.062814
727851958	ACC	19.389042	-1.2939188	-4.7228336
727851968	ACC	18.307486	-1.8921245	-3.1244283
727851977	ACC	17.493927	-2.5381866	-1.655235
727851987	ACC	16.795221	-2.9401808	-0.33918262
727851996	ACC	16.21616	-3.0550363	0.637089
727852006	ACC	15.689738	-3.0215368	1.0677971
727852015	ACC	15.4217415	-3.1746774	0.94337034
727852025	ACC	15.158531	-3.399603	0.503091
727852034	ACC	14.785251	-3.6005998	-0.1381855
727852044	ACC	14.244473	-3.720241	-0.74596244
727852053	ACC	13.641482	-3.868596	-1.3154542
727852063	ACC	12.909278	-3.9834516	-1.8418752
727852072	ACC	12.076576	-4.1126637	-2.196013
727852082	ACC	11.210374	-4.217948	-2.4017956
727852091	ACC	10.3441725	-4.3519464	-2.4783661
727852101	ACC	9.549755	-4.49073	-2.4831517
727852110	ACC	9.1669035	-4.9549375	-2.4831517
727852120	ACC	9.0233345	-5.529215	-2.4544377
727852129	ACC	8.774481	-5.6440706	-2.411367
727852139	ACC	8.673982	-5.7206407	-2.2342982
727852148	ACC	8.573483	-5.6871414	-2.1337996
727852158	ACC	8.425129	-5.581857	-2.277369
727852167	ACC	8.367701	-5.577071	-2.5692933
727852177	ACC	8.405986	-5.648856	-2.9808588
727852186	ACC	8.257631	-5.7206407	-3.2967114
727852196	ACC	7.999206	-5.8546386	-3.4259238
727852205	ACC	7.826923	-6.113064	-3.449852
727852215	ACC	7.6067834	-6.4480586	-3.5503507
727852224	ACC	7.271788	-6.783054	-3.6652062
727852234	ACC	7.003792	-7.2137623	-3.7657046
727852243	ACC	6.7405815	-7.620542	-3.7896328
727852253	ACC	6.3385873	-7.8981094	-3.827918
727852262	ACC	5.812166	-8.032107	-3.8614175
727852272	ACC	5.2426744	-8.022536	-3.8614175
727852281	ACC	4.6636114	-7.960323	-3.856632
727852291	ACC	3.9840498	-7.6683984	-3.7226338
727852300	ACC	3.266203	-7.333403	-3.502494
727852310	ACC	2.5962126	-6.8931236	-3.3493536
727852319	ACC	1.8065811	-6.2662044	-3.2584262
727852329	ACC	1.3519448	-5.7876396	-3.2775688
727852338	ACC	1.146162	-5.419145	-3.3924243
727852348	ACC	0.99302137	-5.1032925	-3.4019957
727852357	ACC	1.3136597	-4.9214377	-3.2009985
727852367	ACC	1.9501505	-4.907081	-2.9617162
727852376	ACC	2.548356	-5.00758	-2.7128627
727852386	ACC	3.2949169	-5.1607203	-2.3826532
727852395	ACC	4.113262	-5.3090754	-1.9710877
727852405	ACC	4.8789654	-5.27079	-1.4350954
727852414	ACC	6.2380886	-5.529215	-1.1479566
727852424	ACC	7.568498	-5.3473606	-1.4063815
727852433	ACC	8.482556	-4.983651	-2.1242282
727852443	ACC	9.18126	-4.801797	-2.9521449
727852452	ACC	9.339187	-4.5242295	-3.7848473
727852462	ACC	9.157332	-4.2131624	-4.6654058
727852471	ACC	8.91805	-3.949952	-5.407181
727852481	ACC	8.874979	-3.8398821	-5.823532
727852490	ACC	9.3200445	-3.7728832	-5.813961
727852500	ACC	9.923036	-3.5001013	-5.560322
727852509	ACC	10.334601	-3.1220353	-5.1870413
727852519	ACC	10.559526	-2.7391837	-4.8376894
727852528	ACC	10.573883	-2.437688	-4.58405
727852538	ACC	10.597812	-2.169692	-4.2011986
727852547	ACC	10.798809	-1.9686948	-3.650849
727852557	ACC	11.239088	-1.911267	-3.033501
727852566	ACC	11.942577	-1.9447666	-2.4161527
727852576	ACC	12.526426	-1.9304097	-1.6791633
727852585	ACC	12.440285	-1.4997016	-0.95653087
727852595	ACC	12.038291	-0.90149593	-0.6263213
727852604	ACC	11.861222	-0.51864433	-0.8321041
727852614	ACC	12.387643	-0.45164528	-1.3968102
727852623	ACC	13.25863	-0.27936205	-1.9519451
727852633	ACC	14.301901	0.15613168	-2.5166512
727852642	ACC	15.507884	0.63948184	-3.478566
727852652	ACC	16.981863	0.82612205	-4.569693
727852661	ACC	18.15913	1.0079765	-5.569893
727852671	ACC	18.671196	1.2711871	-6.5222363
727852680	ACC	18.82912	1.7066808	-7.120442
727852690	ACC	18.508484	1.8837496	-7.44108
727852699	ACC	18.604197	1.8263218	-7.47458
727852709	ACC	18.915262	1.6875381	-7.3022966
727852718	ACC	19.14976	1.5296118	-7.120442
727852728	ACC	19.360329	1.2568301	-6.962516
727852737	ACC	19.532612	0.95054877	-6.8189464
727852747	ACC	19.451256	0.7639086	-6.7184477
727852756	ACC	19.14976	0.60598236	-6.747162
727852766	ACC	18.666409	0.47198427	-6.766304
727852775	ACC	18.068203	0.16570297	-6.5318074
727852785	ACC	17.312073	-0.16450655	-5.77089
727852794	ACC	16.331015	-0.24586253	-4.651049
727852804	ACC	15.172889	-0.25064817	-3.545565
727852813	ACC	14.120047	-0.3080759	-2.5310082
727852823	ACC	13.191631	-0.37507495	-1.5595222
727852832	ACC	12.311072	-0.34157544	-0.65024954
727852842	ACC	11.526227	-0.16450655	0.06281159
727852851	ACC	11.07159	0.06520442	0.62751776
727852861	ACC	10.990234	0.25184458	0.9816555
727852870	ACC	11.10509	0.20877378	0.933799
727852880	ACC	11.310873	0.0077766734	0.50787663
727852889	ACC	11.4496565	-0.25543383	-0.023330022
727852899	ACC	11.487942	-0.51864433	-0.5832505
727852908	ACC	11.468799	-0.8632108	-1.1431711
727852918	ACC	11.574083	-1.2317054	-1.4542379
727852927	ACC	11.8899355	-1.6097715	-1.5595222
727852937	ACC	12.378072	-2.1074786	-1.6121643
727852946	ACC	12.77528	-2.7056842	-1.6408781
727852956	ACC	12.88535	-3.3517463	-1.7892331
727852965	ACC	12.373286	-3.9451663	-2.0428724
727852975	ACC	11.574083	-4.366303	-2.1098714
727852984	ACC	10.951949	-4.8496532	-2.1720848
727852994	ACC	10.425529	-5.471787	-2.3635106
727853003	ACC	9.942178	-6.0508504	-2.5692933
727853013	ACC	9.5353985	-6.538986	-2.7272196
727853022	ACC	9.262616	-6.960123	-2.9330025
727853032	ACC	9.032906	-7.2472615	-3.2536407
727853041	ACC	8.6548395	-7.3621173	-3.502494
727853051	ACC	8.13799	-7.3716884	-3.7274194
727853060	ACC	7.463214	-7.3142605	-3.8757744
727853070	ACC	6.778867	-7.1802626	-3.9188452
727853079	ACC	6.1471615	-7.027122	-3.8231323
727853089	ACC	5.5872407	-6.878767	-3.7417765
727853098	ACC	5.089534	-6.658627	-3.559922
727853108	ACC	4.601398	-6.366703	-3.3397822
727853117	ACC	4.213761	-6.0747786	-3.2249267
727853127	ACC	3.912265	-5.768497	-3.181856
727853136	ACC	3.6203406	-5.433502	-3.1004999
727853146	ACC	3.5389848	-5.108078	-2.7990043
727853155	ACC	3.7686956	-4.835296	-2.3682961
727853165	ACC	4.1898327	-4.6486564	-1.9040886
727853174	ACC	4.6971107	-4.5338006	-1.4877375
727853184	ACC	5.127819	-4.4285164	-1.1623136
727853193	ACC	5.4053864	-4.2945185	-0.92303133
727853203	ACC	5.4676	-4.136592	-0.85124665
727853212	ACC	5.477171	-3.9595232	-0.8991031
727853222	ACC	5.5537415	-3.7633119	-1.0474582
727853231	ACC	5.5920267	-3.6532419	-1.2819548
727853241	ACC	5.601598	-3.4953158	-1.4494523
727853250	ACC	5.54417	-3.275176	-1.5738791
727853259	ACC	5.5298133	-3.126821	-1.7126628
727853269	ACC	5.692525	-3.1698918	-1.7605193
727853278	ACC	6.0323057	-3.222534	-1.5738791
727853288	ACC	6.257231	-3.0933216	-1.1958131
727853297	ACC	6.530013	-2.8827531	-0.9613165
727853307	ACC	6.9128647	-2.7678976	-0.92303133
727853316	ACC	7.200003	-2.6865416	-1.090529
727853326	ACC	7.5110703	-2.5908287	-1.4542379
727853335	ACC	7.999206	-2.533401	-1.8131614
727853345	ACC	8.367701	-2.3898315	-1.9567307
727853354	ACC	8.496913	-2.126621	-2.0045872
727853364	ACC	8.449057	-1.7676977	-2.0045872
727853373	ACC	8.592627	-1.6336997	-2.1768703
727853383	ACC	8.874979	-1.5667006	-2.6554348
727853392	ACC	9.334401	-1.3944174	-2.708077
727853402	ACC	10.24846	-1.250848	-2.6075785
727853411	ACC	11.5932255	-1.3226327	-2.818147
727853421	ACC	12.957134	-1.5427724	-3.2105699
727853430	ACC	14.120047	-1.9304097	-3.5264223
727853440	ACC	14.871393	-2.3659034	-3.6987057
727853449	ACC	14.952748	-2.7343981	-3.827918
727853459	ACC	14.407186	-3.0119655	-3.9044883
727853468	ACC	13.770695	-3.141178	-3.9571304
727853478	ACC	13.55534	-3.098107	-4.086343
727853487	ACC	13.785051	-2.8827531	-4.1964126
727853497	ACC	14.579469	-2.519044	-4.3878384
727853506	ACC	15.857236	-2.088336	-4.598407
727853516	ACC	17.359928	-1.6767704	-4.818547
727853525	ACC	18.781265	-1.3082758	-4.99083
727853535	ACC	19.771894	-0.9349955	-5.014758
727853544	ACC	20.274385	-0.6334998	-5.000401
727853554	ACC	20.260029	-0.35114673	-4.9286165
727853563	ACC	19.762321	0.060418773	-4.875974
727853573	ACC	18.987047	0.5772685	-4.8376894
727853582	ACC	18.2357	1.0223335	-4.9142594
727853592	ACC	17.728422	1.2999009	-5.0051866
727853601	ACC	17.560925	1.3621143	-5.024329
727853611	ACC	17.52264	1.3142579	-4.875974
727853620	ACC	17.22593	1.3334004	-4.5505505
727853630	ACC	16.493727	1.4578272	-4.158128
727853639	ACC	15.44567	1.5104693	-3.8183467
727853649	ACC	14.3689	1.5487545	-3.4881372
727853658	ACC	13.320844	1.6013966	-3.2679975
727853668	ACC	12.335001	1.7306089	-3.2392836
727853677	ACC	11.617154	1.797608	-3.3493536
727853687	ACC	11.114661	1.7449659	-3.502494
727853696	ACC	10.693524	1.66361	-3.5359936
727853706	ACC	10.382458	1.5631114	-3.3780673
727853715	ACC	10.195817	1.4482559	-3.057429
727853725	ACC	10.037891	1.3764713	-2.6506493
727853734	ACC	9.875179	1.3334004	-2.2965117
727853744	ACC	9.760324	1.204188	-2.0955145
727853753	ACC	9.80818	0.97926265	-1.9519451
727853763	ACC	10.162318	0.75912297	-1.8131614
727853772	ACC	10.856236	0.46241298	-1.6600207
727853782	ACC	11.789437	0.15134603	-1.588236
727853791	ACC	12.904492	-0.1788635	-1.6313069
727853801	ACC	14.096118	-0.5712864	-1.7988044
727853810	ACC	15.120246	-1.0546366	-2.0715861
727853820	ACC	15.723238	-1.5667006	-2.3874388
727853829	ACC	15.828522	-2.207977	-2.7128627
727853839	ACC	15.316458	-2.8109684	-3.0670004
727853848	ACC	14.493327	-3.4139597	-3.3684962
727853858	ACC	13.540983	-4.2131624	-3.6029928
727853867	ACC	12.526426	-5.055436	-3.6460636
727853877	ACC	11.569298	-5.8833528	-3.545565
727853886	ACC	10.765309	-6.625128	-3.3780673
727853896	ACC	9.846465	-7.118049	-3.1627133
727853905	ACC	8.88455	-7.3046894	-3.0239296
727853915	ACC	7.989635	-7.3956165	-2.9760733
727853924	ACC	7.2765737	-7.539186	-2.9330025
727853934	ACC	6.7262244	-7.7066836	-2.818147
727853943	ACC	6.204589	-7.744969	-2.5788646
727853953	ACC	5.7547383	-7.697112	-2.3252254
727853962	ACC	5.419743	-7.663613	-2.0907288
727853972	ACC	5.156533	-7.663613	-1.8753748
727853981	ACC	4.9172506	-7.615756	-1.669592
727853991	ACC	4.634897	-7.4769726	-1.4925231
727854000	ACC	4.4195433	-7.2903323	-1.358525
727854010	ACC	4.2329035	-7.0893354	-1.2723835
727854019	ACC	3.979264	-6.8596244	-1.2149557
727854029	ACC	3.739982	-6.582057	-1.2005987
727854038	ACC	3.5246277	-6.3427744	-1.2771691
727854048	ACC	3.5437703	-6.2231336	-1.3776677
727854057	ACC	3.644269	-6.175277	-1.4255241
727854067	ACC	3.802195	-6.175277	-1.3345969
727854076	ACC	4.1084766	-6.175277	-1.1910275
727854086	ACC	4.453043	-6.1561346	-1.1096715
727854095	ACC	4.6396832	-6.065207	-0.93260264
727854105	ACC	4.7210393	-5.9120665	-0.7890333
727854114	ACC	4.941179	-5.773283	-0.631107
727854124	ACC	5.3096733	-5.5914283	-0.56410795
727854133	ACC	5.8504515	-5.3904314	-0.59760743
727854143	ACC	7.018149	-5.529215	-0.89431745
727854152	ACC	7.554141	-5.065007	-1.1670992
727854162	ACC	8.02792	-4.7778687	-1.5499508
727854171	ACC	8.410771	-4.610371	-1.9375881
727854181	ACC	8.5112705	-4.371089	-2.2917259
727854190	ACC	8.606983	-4.289733	-2.6075785
727854200	ACC	8.736196	-4.433302	-2.9042885
727854209	ACC	8.865408	-4.610371	-2.9138598
727854219	ACC	8.941978	-4.6055856	-2.4687948
727854228	ACC	8.8701935	-4.371089	-1.7605193
727854238	ACC	8.784052	-4.1557345	-1.0570294
727854247	ACC	8.702696	-3.9403806	-0.5449654
727854257	ACC	8.530413	-3.758526	-0.40618163
727854266	ACC	8.5112705	-3.610171	-0.5401797
727854276	ACC	8.650054	-3.4809587	-0.8033902
727854285	ACC	8.970692	-3.3373895	-1.076172
727854295	ACC	9.396614	-3.1220353	-1.4733806
727854304	ACC	9.923036	-2.9545379	-1.9232312
727854314	ACC	10.760524	-3.00718	-2.3826532
727854323	ACC	11.779866	-3.2560334	-2.8755746
727854333	ACC	12.875778	-3.7106698	-3.3589249
727854342	ACC	13.8041935	-4.1174498	-3.6317065
727854352	ACC	14.574683	-4.3998027	-3.6556349
727854361	ACC	15.493526	-4.730012	-3.502494
727854371	ACC	16.503298	-5.0506506	-3.315854
727854380	ACC	17.436499	-5.0458646	-3.0717862
727854390	ACC	18.355343	-4.8209395	-3.0430722
727854399	ACC	19.11626	-4.4859443	-3.2967114
727854409	ACC	19.728823	-4.1126637	-3.7896328
727854418	ACC	20.078175	-3.6628132	-4.330411
727854428	ACC	20.140388	-3.2416766	-4.7132626
727854437	ACC	19.862822	-2.8731818	-4.8855457
727854447	ACC	19.250257	-2.6099713	-4.8711886
727854456	ACC	18.637695	-2.4568307	-4.5266223
727854466	ACC	18.388842	-2.3994029	-4.0384865
727854475	ACC	18.37927	-2.332404	-3.382853
727854485	ACC	18.125631	-2.155335	-2.6362925
727854494	ACC	17.403	-1.805983	-1.8801605
727854504	ACC	16.484156	-1.4470595	-1.21017
727854513	ACC	15.66581	-1.1742777	-0.76989067
727854522	ACC	15.120246	-0.9876375	-0.45403808
727854532	ACC	14.684752	-0.79142606	-0.30089745
727854541	ACC	14.249259	-0.60000026	-0.3487539
727854551	ACC	13.837693	-0.36550367	-0.46839502
727854560	ACC	13.612768	-0.15014961	-0.46839502
727854570	ACC	13.416556	-0.044865426	-0.5688936
727854579	ACC	13.191631	-0.016151553	-0.8225328
727854589	ACC	12.765709	-0.10707881	-1.1335998
727854598	ACC	12.167503	-0.25543383	-1.387239
727854608	ACC	11.569298	-0.44207397	-1.4781662
727854617	ACC	10.956735	-0.63828546	-1.3920245
727854627	ACC	10.554741	-0.8249256	-1.0953146
727854636	ACC	10.377672	-1.0259227	-0.80817586
727854646	ACC	10.588241	-1.1647065	-0.5449654
727854655	ACC	11.167303	-1.4087744	-0.36789647
727854665	ACC	11.923435	-1.7341982	-0.44925246
727854674	ACC	12.421143	-1.939981	-0.7603194
727854684	ACC	12.540784	-2.140978	-1.3106686
727854693	ACC	12.521641	-2.4903302	-1.8227327
727854703	ACC	12.320643	-2.7918258	-2.1529422
727854712	ACC	12.1866455	-3.1220353	-2.1720848
727854722	ACC	12.023933	-3.3661032	-2.018944
727854731	ACC	11.755938	-3.586243	-1.8227327
727854741	ACC	11.722438	-3.9547377	-1.7605193
727854750	ACC	11.947364	-4.505087	-1.9280169
727854760	ACC	12.880565	-5.2277193	-1.9184456
727854769	ACC	14.483755	-6.0364933	-1.7844474
727854779	ACC	16.010376	-6.83091	-1.884946
727854788	ACC	17.3025	-7.5678997	-2.224727
727854798	ACC	18.111275	-8.295318	-2.760719
727854807	ACC	18.216558	-8.745169	-3.301497
727854817	ACC	17.714066	-8.879167	-3.8470607
727854826	ACC	16.66601	-8.773883	-4.354339
727854836	ACC	15.527026	-8.596813	-4.7563334
727854845	ACC	14.598611	-8.438888	-4.9429736
727854855	ACC	13.85205	-8.376674	-5.043472
727854864	ACC	13.067204	-8.295318	-5.0482574
727854874	ACC	12.1866455	-8.185248	-4.923831
727854883	ACC	11.186446	-8.108678	-4.66062
727854893	ACC	10.114461	-8.079964	-4.17727
727854902	ACC	8.922835	-7.960323	-3.5503507
727854912	ACC	7.6737823	-7.7162547	-2.842075
727854921	ACC	6.458228	-7.3956165	-2.1625135
727854931	ACC	5.2905307	-6.9409804	-1.4781662
727854940	ACC	4.1754756	-6.309275	-0.846461
727854950	ACC	3.2997024	-5.8594246	-0.44925246
727854959	ACC	2.2229323	-4.720441	-0.05682954
727854969	ACC	2.4382863	-5.065007	-0.0951147
727854978	ACC	1.538585	-4.366303	-0.047258247
727854988	ACC	0.5383851	-3.5766716	5.9820566E-4
727854997	ACC	0.634098	-3.8925242	0.08673982
727855007	ACC	0.57188463	-3.8638103	0.11066805
727855016	ACC	0.5096712	-3.8015969	0.096311115
727855026	ACC	0.552742	-3.7010984	0.11545369
727855035	ACC	0.9451649	-3.7106698	0.12502499
727855045	ACC	1.6247265	-3.5383866	0.29252258
727855054	ACC	2.2707887	-3.2321053	0.48394838
727855064	ACC	2.644069	-3.0646076	0.34037903
727855073	ACC	2.9168508	-2.949752	-0.1477568
727855083	ACC	3.1274192	-2.8492537	-0.76989067
727855092	ACC	3.318845	-2.720041	-1.2532408
727855102	ACC	3.629912	-2.7535408	-1.6265212
727855111	ACC	3.9361932	-2.8540392	-1.9232312
727855121	ACC	4.031906	-2.9353952	-2.1050856
727855130	ACC	4.0941195	-2.8875387	-2.1816561
727855140	ACC	4.213761	-2.8923244	-2.2055843
727855149	ACC	4.438686	-3.0119655	-2.018944
727855159	ACC	4.7210393	-3.1794631	-1.683949
727855168	ACC	4.9698925	-3.3756745	-1.3441681
727855178	ACC	5.285745	-3.5527434	-1.0474582
727855187	ACC	5.7020965	-3.8207395	-0.8703892
727855197	ACC	6.1567326	-4.0887356	-0.8321041
727855206	ACC	6.6305118	-4.342375	-0.93260264
727855216	ACC	6.960721	-4.67737	-1.0570294
727855225	ACC	7.2526455	-4.983651	-1.224527
727855235	ACC	7.649854	-5.2947183	-1.4685949
727855244	ACC	8.295917	-5.663213	-1.8083757
727855254	ACC	9.24826	-6.0508504	-2.2534406
727855263	ACC	10.267602	-6.3858457	-2.559722
727855273	ACC	11.363515	-6.8021965	-2.9138598
727855282	ACC	12.650853	-7.266404	-3.3493536
727855292	ACC	13.861622	-7.878967	-3.7226338
727855301	ACC	14.943177	-8.429316	-4.148556
727855311	ACC	15.795022	-8.793025	-4.3351965
727855320	ACC	16.484156	-9.180662	-4.2969112
727855330	ACC	17.077576	-9.616156	-4.148556
727855339	ACC	17.78585	-9.946365	-3.9332023
727855349	ACC	18.527626	-10.042078	-3.5886357
727855358	ACC	19.484755	-9.932009	-3.1435707
727855368	ACC	20.642881	-9.496515	-2.9617162
727855377	ACC	21.700508	-8.740383	-2.937788
727855387	ACC	22.356142	-7.596614	-3.2919257
727855396	ACC	22.394426	-6.2087765	-4.000201
727855406	ACC	21.86322	-4.758726	-5.0530434
727855415	ACC	21.178873	-3.423531	-6.2350974
727855425	ACC	20.169102	-2.4568307	-7.455437
727855434	ACC	18.757338	-1.5954145	-7.986644
727855444	ACC	17.292929	-0.9445667	-7.7904325
727855453	ACC	15.976877	-0.5665008	-7.0055866
727855463	ACC	14.823536	-0.50428736	-5.88096
727855472	ACC	13.88555	-0.7196414	-4.4548373
727855482	ACC	13.076776	-1.0259227	-2.736791
727855491	ACC	12.636497	-1.2269198	-0.99003035
727855501	ACC	12.665211	-1.2556337	0.63230336
727855510	ACC	13.076776	-1.183849	1.8957137
727855520	ACC	13.239488	-0.9589237	2.8002007
727855529	ACC	12.722638	-0.50428736	3.3696926
727855539	ACC	11.775081	-0.116650105	3.470191
727855548	ACC	10.597812	0.04127619	3.1304102
727855558	ACC	9.650253	0.036490545	2.5369902
727855567	ACC	8.965906	-0.030508488	2.039283
727855576	ACC	8.4682	-0.025722843	1.6803597
727855586	ACC	8.29113	0.050847482	1.3645071
727855595	ACC	8.5016985	0.07477571	1.1491531
727855605	ACC	8.932407	-0.04965107	0.948156
727855614	ACC	9.473185	-0.16450655	0.67058855
727855624	ACC	9.923036	-0.2650051	0.28773692
727855633	ACC	10.243673	-0.25543383	-0.01375873
727855643	ACC	10.4159565	-0.24107689	-0.09032906
727855652	ACC	10.564312	-0.2745764	-0.15732808
727855662	ACC	10.817951	-0.4325027	-0.24825534
727855671	ACC	11.25823	-0.82971126	-0.27218357
727855681	ACC	11.760723	-1.5379868	-0.19082761
727855690	ACC	12.143575	-2.5381866	0.17766708
727855700	ACC	12.545569	-3.5623147	0.9720842
727855709	ACC	13.172488	-4.471587	1.6947167
727855719	ACC	14.067405	-5.2277193	2.0105693
727855728	ACC	15.273387	-5.9838514	1.8191434
727855738	ACC	16.91965	-7.108478	0.96729857
727855747	ACC	18.297915	-8.142178	-0.37268212
727855757	ACC	19.508682	-9.108877	-1.4925231
727855766	ACC	20.178673	-9.87458	-2.5357938
727855776	ACC	20.3701	-10.582856	-3.3637104
727855785	ACC	20.360527	-11.166705	-4.0145583
727855795	ACC	19.858036	-11.5017	-4.5601215
727855804	ACC	18.953548	-11.496915	-4.9142594
727855814	ACC	17.924635	-11.305489	-5.1870413
727855823	ACC	16.957933	-11.037493	-5.2923255
727855833	ACC	16.010376	-10.664212	-5.273183
727855842	ACC	15.125031	-10.338788	-5.191827
727855852	ACC	14.22533	-9.960723	-4.99083
727855861	ACC	13.205988	-9.620942	-4.636692
727855871	ACC	12.062219	-9.338589	-4.1629133
727855880	ACC	10.899307	-9.123235	-3.559922
727855890	ACC	9.674182	-8.917452	-2.7176483
727855899	ACC	8.405986	-8.692527	-1.8131614
727855909	ACC	7.051648	-8.338388	-0.9517452
727855918	ACC	5.7116675	-7.9076805	-0.3822534
727855928	ACC	4.4147577	-7.5009007	-0.07597212
727855937	ACC	3.1944182	-7.1563344	5.9820566E-4
727855947	ACC	2.160719	-6.86441	-0.008973085
727855956	ACC	1.3040884	-6.6777697	-0.018544376
727855966	ACC	0.30388847	-6.2470617	0.005383851
727855975	ACC	-0.19860429	-6.136992	0.07716853
727855985	ACC	-0.36610186	-6.4145594	0.07238288
727855994	ACC	-1.7108682	-5.4957156	0.13459627
727856004	ACC	-2.3856442	-5.1702914	0.40259242
727856013	ACC	-2.7158537	-5.098507	0.5796613
727856023	ACC	-3.0747771	-4.811368	0.46002015
727856032	ACC	-3.237489	-4.6342993	0.096311115
727856042	ACC	-3.2087753	-4.438088	-0.2961118
727856051	ACC	-2.9168508	-4.232305	-0.5832505
727856061	ACC	-2.3904297	-4.0360937	-0.91346
727856070	ACC	-1.5864414	-3.949952	-1.2484552
727856080	ACC	-0.74895346	-3.935595	-1.50688
727856089	ACC	0.050249275	-4.0552363	-1.8275183
727856099	ACC	0.8877372	-4.222734	-2.1433709
727856108	ACC	1.9357935	-4.3854456	-2.2677977
727856118	ACC	3.0460632	-4.5242295	-2.2534406
727856127	ACC	3.845266	-4.586443	-2.3491535
727856137	ACC	4.3908296	-4.892724	-2.5070798
727856146	ACC	4.5918264	-5.1607203	-2.870789
727856156	ACC	4.213761	-4.9262238	-3.3732817
727856165	ACC	4.0797625	-5.055436	-3.5694933
727856175	ACC	4.362116	-5.452645	-3.3254254
727856184	ACC	5.127819	-5.878567	-2.8899314
727856194	ACC	6.3338017	-6.404988	-2.5932214
727856203	ACC	7.9704924	-7.0606213	-2.4544377
727856213	ACC	9.726824	-7.6540413	-2.2965117
727856222	ACC	11.679367	-8.304889	-2.3012972
727856232	ACC	13.397414	-8.869596	-2.6219354
727856241	ACC	14.679967	-9.290732	-3.0000014
727856251	ACC	15.436099	-9.740582	-3.330211
727856260	ACC	15.684953	-10.01815	-3.502494
727856270	ACC	15.74238	-10.228719	-3.4881372
727856279	ACC	15.838093	-10.496715	-3.4594233
727856289	ACC	16.158731	-10.86521	-3.3876386
727856298	ACC	16.761723	-11.248061	-3.4354951
727856308	ACC	17.551353	-11.463415	-3.6652062
727856317	ACC	18.427128	-11.410773	-4.0719857
727856327	ACC	19.154545	-11.042278	-4.627121
727856336	ACC	19.3029	-10.295717	-5.1678987
727856346	ACC	18.886549	-9.329018	-5.58425
727856355	ACC	18.364914	-8.414959	-5.962316
727856365	ACC	18.11606	-7.6013994	-6.2398834
727856374	ACC	18.063417	-6.835696	-6.172884
727856384	ACC	18.072989	-6.0077796	-5.813961
727856393	ACC	17.99642	-5.026722	-5.2779684
727856403	ACC	17.44607	-4.0121655	-4.6654058
727856412	ACC	16.618153	-3.0598218	-3.9044883
727856422	ACC	16.378872	-2.385046	-3.0622149
727856431	ACC	16.73301	-1.8011973	-2.263012
727856441	ACC	17.010576	-1.1407782	-1.4829519
727856450	ACC	16.780865	-0.3367898	-0.7268199
727856460	ACC	15.986448	0.29970104	-0.066400826
727856469	ACC	14.842679	0.5772685	0.5605187
727856479	ACC	13.564912	0.5916254	1.0630114
727856488	ACC	12.287145	0.4336991	1.3884354
727856498	ACC	11.205588	0.22791636	1.6516458
727856507	ACC	10.301102	-0.020937199	1.8574286
727856517	ACC	9.631111	-0.293719	2.0201404
727856526	ACC	9.18126	-0.5377869	2.0632114
727856536	ACC	9.02812	-0.78664047	1.9722841
727856545	ACC	9.104691	-1.0737791	1.7760726
727856555	ACC	9.300901	-1.3752748	1.5176477
727856564	ACC	9.521041	-1.6767704	1.2065809
727856574	ACC	9.650253	-1.8681962	0.7615158
727856583	ACC	9.779466	-2.1122642	0.2111666
727856593	ACC	9.95175	-2.3228326	-0.3487539
727856602	ACC	10.425529	-2.533401	-0.80817586
727856612	ACC	11.167303	-2.748755	-1.1670992
727856621	ACC	12.196217	-3.074179	-1.4446666
727856631	ACC	13.325629	-3.4666018	-1.9040886
727856640	ACC	14.3689	-3.8925242	-2.3635106
727856650	ACC	15.383457	-4.3758745	-2.9282167
727856659	ACC	16.254444	-4.825725	-3.3493536
727856669	ACC	16.85265	-5.3473606	-3.4977086
727856678	ACC	16.981863	-5.892924	-3.5120654
727856688	ACC	16.800007	-6.443273	-3.2153554
727856697	ACC	16.512869	-7.0462646	-2.8468606
727856707	ACC	16.2688	-7.6492558	-2.5262225
727856716	ACC	16.043877	-8.056036	-2.0524435
727856726	ACC	15.785451	-8.242676	-1.5116657
727856735	ACC	15.675381	-8.376674	-1.1431711
727856744	ACC	15.589239	-8.400602	-1.1096715
727856754	ACC	15.713666	-8.5728855	-0.84167534
727856763	ACC	15.838093	-8.759525	-0.65024954
727856773	ACC	15.737595	-8.869596	-0.6550352
727856782	ACC	15.292529	-8.816954	-0.8847462
727856792	ACC	14.6225395	-8.5681	-1.224527
727856801	ACC	14.134403	-8.362317	-1.6791633
727856811	ACC	13.493127	-8.070393	-2.1194427
727856820	ACC	12.641282	-7.591828	-2.7032914
727856830	ACC	12.134004	-7.027122	-3.4211383
727856839	ACC	11.942577	-6.5964136	-4.0672
727856849	ACC	11.703296	-6.4815583	-4.4979086
727856858	ACC	11.363515	-6.3427744	-4.325625
727856868	ACC	10.80838	-6.055636	-3.6604204
727856877	ACC	10.080962	-5.624928	-3.0430722
727856887	ACC	9.238688	-5.1702914	-2.7463622
727856896	ACC	8.664411	-4.8735814	-2.7750762
727856906	ACC	8.338987	-4.7826543	-2.8947172
727856915	ACC	7.8317084	-4.9118667	-2.7702904
727856925	ACC	7.2095747	-4.859225	-2.1433709
727856934	ACC	6.0370917	-3.9595232	-0.037686955
727856944	ACC	5.3383875	-3.2703903	0.30209386
727856953	ACC	5.491528	-3.246462	-0.052043892
727856963	ACC	5.4723854	-2.7535408	-0.5066802
727856972	ACC	5.410172	-2.1888344	-0.071186475
727856982	ACC	5.4867425	-2.0117657	0.5413761
727856991	ACC	5.410172	-1.7485552	0.8668
727857001	ACC	5.304888	-1.5427724	1.2831511
727857010	ACC	5.1852465	-1.5379868	1.919642
727857020	ACC	4.9938207	-1.4374882	2.8815567
727857029	ACC	4.9459643	-1.250848	3.9200418
727857039	ACC	4.7114677	-1.0546366	4.5804605
727857048	ACC	4.4674	-0.9206385	4.805386
727857058	ACC	4.3094735	-0.9445667	4.9728837
727857067	ACC	4.0941195	-0.8919246	5.1403813
727857077	ACC	4.5296135	-0.7004988	5.575875
727857086	ACC	4.4195433	-0.10229317	5.341378
727857096	ACC	4.0797625	0.036490545	5.8821564
727857105	ACC	3.940979	0.30927232	6.035297
727857115	ACC	3.9601214	0.4671986	6.0783677
727857124	ACC	3.830909	0.7160522	6.2123656
727857134	ACC	3.8835511	0.9314062	6.322436
727857143	ACC	3.859623	0.9170493	6.5425754
727857153	ACC	3.8548372	0.6155536	7.164709
727857162	ACC	3.7016966	0.5341976	8.002197
727857172	ACC	3.1657043	0.55334026	8.863613
727857181	ACC	2.9312077	0.58683974	9.256036
727857191	ACC	2.9072795	0.50069815	9.184252
727857200	ACC	3.0460632	0.6155536	8.911469
727857210	ACC	3.2231321	0.8356933	8.581261
727857219	ACC	3.347559	0.9696914	8.380263
727857229	ACC	3.266203	1.1276177	8.341978
727857238	ACC	3.4672	1.3238292	8.260622
727857248	ACC	3.481557	1.515255	8.145766
727857257	ACC	3.7974095	1.6588243	8.054839
727857267	ACC	4.2424746	1.8550358	7.839485
727857276	ACC	4.505685	2.0033908	7.6145597
727857286	ACC	4.7210393	2.0751755	7.5140615
727857295	ACC	4.668397	2.108675	7.6480594
727857305	ACC	4.290331	2.0321047	7.858628
727857314	ACC	3.6586258	1.9651057	8.217551
727857324	ACC	3.1848469	1.7784654	8.739186
727857333	ACC	2.969493	1.6444674	9.126823
727857343	ACC	2.8929226	1.6444674	9.241679
727857352	ACC	3.0029924	1.5583258	9.279964
727857362	ACC	3.117848	1.4291133	9.58146
727857371	ACC	3.0939198	1.4291133	9.7681
727857381	ACC	3.1561332	1.3046865	9.686745
727857390	ACC	3.2805598	1.2424731	9.610174
727857400	ACC	3.2087753	1.2759727	9.509675
727857409	ACC	3.1322048	1.2759727	9.39482
727857419	ACC	2.9982069	1.2759727	9.323035
727857428	ACC	2.9072795	1.2759727	9.28475
727857438	ACC	2.806781	1.2616158	9.54796
727857447	ACC	2.8594232	1.3573287	9.993026
727857457	ACC	3.2039895	0.8644072	9.303893
727857466	ACC	3.2614172	1.204188	9.078967
727857476	ACC	3.3906298	1.7162521	9.346964
727857485	ACC	3.644269	1.7258233	9.31825
