727857696	ACC	2.510071	2.1565313	8.772686
727857715	ACC	2.3569303	2.0033908	9.538389
727857734	ACC	2.347359	2.0177476	9.748958
727857753	ACC	2.4239295	2.094318	9.543175
727857772	ACC	2.3425734	2.2187448	9.198608
727857791	ACC	2.1415763	2.3144577	8.868399
727857810	ACC	2.0075781	2.391028	8.667402
727857829	ACC	2.0027926	2.3336003	8.892327
727857848	ACC	2.0697916	2.1948166	9.437891
727857867	ACC	2.0697916	2.1038892	9.820743
727857886	ACC	1.9405792	2.1900308	9.610174
727857905	ACC	1.9262222	2.309672	9.002397
727857924	ACC	1.9980069	2.3958137	8.605188
727857943	ACC	1.9310079	2.376671	8.590832
727857962	ACC	1.8592232	2.2522442	8.964112
727857981	ACC	1.9549361	2.1230319	9.485747
727858000	ACC	1.9357935	2.0751755	9.672387
727858019	ACC	1.9597218	2.204388	9.346964
727858038	ACC	2.0841484	2.4005992	8.964112
727858057	ACC	1.98365	2.5154548	8.791828
727858076	ACC	1.9597218	2.5441687	8.8492565
727858095	ACC	2.0745773	2.472384	9.107681
727858114	ACC	1.9932213	2.4532413	9.112467
727858133	ACC	1.8544376	2.4532413	9.093325
727858152	ACC	1.9262222	2.4197419	9.227323
727858171	ACC	2.0171494	2.3718855	9.208179
727858190	ACC	2.0937197	2.3001008	9.145967
727858209	ACC	2.2229323	2.25703	9.222537
727858228	ACC	2.3856442	2.4293132	9.351749
727858247	ACC	2.8546374	2.228316	9.007183
727858397	ACC	3.022135	1.9268204	7.3657064
727858406	ACC	3.1322048	1.9698912	6.867999
727858416	ACC	3.2135608	2.0991037	6.451648
727858425	ACC	3.2183464	2.137389	6.13101
727858435	ACC	3.1896327	2.1134605	5.8630137
727858444	ACC	3.1752756	2.027319	5.695516
727858454	ACC	3.2039895	1.8263218	5.580661
727858463	ACC	3.2853456	1.5439688	5.532804
727858473	ACC	3.2231321	1.3094722	5.4705906
727858482	ACC	3.333202	1.0031909	5.408377
727858492	ACC	3.5294135	0.61076796	5.5663037
727858501	ACC	3.9218364	0.20398813	5.8677993
727858511	ACC	4.2424746	-0.20279172	6.308079
727858520	ACC	4.2041893	-0.50428736	6.5665035
727858530	ACC	3.859623	-0.6622137	6.4085774
727858539	ACC	3.4767714	-0.9062816	5.953941
727858549	ACC	3.3427732	-1.2460624	5.3270216
727858558	ACC	3.347559	-1.5284154	4.690531
727858568	ACC	3.3379877	-1.7389839	4.02054
727858577	ACC	3.534199	-1.9160527	3.3696926
727858587	ACC	3.4863427	-2.0931215	2.5896323
727858596	ACC	3.6921253	-2.0404794	1.9292133
727858606	ACC	3.993621	-1.9447666	1.1012967
727858615	ACC	4.338187	-1.777269	0.34516466
727858625	ACC	4.65404	-1.5379868	-0.4636094
727858634	ACC	5.2809596	-1.4901303	-1.1240284
727858644	ACC	5.8743796	-1.4470595	-1.6504494
727858653	ACC	6.788438	-1.9016958	-1.9184456
727858663	ACC	6.975078	-1.4279169	-2.0093727
727858672	ACC	7.243074	-1.317847	-2.076372
727858682	ACC	7.91785	-1.7246269	-2.2055843
727858691	ACC	8.889337	-1.9304097	-2.4687948
727858701	ACC	10.305887	-2.0931215	-2.6602206
727858710	ACC	11.660225	-2.2031915	-2.4879375
727858720	ACC	12.856636	-2.0979073	-1.8753748
727858729	ACC	13.66541	-1.8586249	-1.2149557
727858739	ACC	14.364115	-1.7102699	-0.8895318
727858748	ACC	15.096318	-1.777269	-0.98524475
727858758	ACC	15.393028	-1.9016958	-1.2436695
727858767	ACC	15.105889	-1.9160527	-1.3968102
727858777	ACC	14.957535	-1.8969102	-1.2963116
727858786	ACC	14.866607	-1.9686948	-0.9182457
727858796	ACC	14.598611	-2.0548365	-0.401396
727858805	ACC	14.52204	-2.0548365	-0.008973085
727858815	ACC	14.450256	-2.1074786	0.24945176
727858824	ACC	14.440684	-2.0117657	0.5461618
727858834	ACC	14.804394	-1.8203398	0.9625129
727858843	ACC	15.129818	-1.4470595	1.2161521
727858853	ACC	15.694524	-1.0115658	0.948156
727858862	ACC	16.374084	-0.54257256	0.27816564
727858872	ACC	16.77608	0.06999006	-0.6023931
727858881	ACC	16.99622	0.59641105	-1.5595222
727858891	ACC	17.273787	1.0462617	-2.3778675
727858900	ACC	17.58964	2.012962	-2.4065814
727858910	ACC	17.699709	3.0849466	-1.9375881
727858919	ACC	17.560925	3.92722	-1.3968102
727858929	ACC	17.66621	4.592425	-0.91346
727858938	ACC	18.178274	5.3102717	-0.5449654
727858948	ACC	19.135403	5.884549	-0.5593223
727858957	ACC	20.255243	6.257829	-0.8991031
727858967	ACC	21.15016	6.5162544	-1.1958131
727858976	ACC	21.360727	6.6981087	-1.1670992
727858986	ACC	20.982662	6.7698936	-0.99960166
727858995	ACC	20.212173	6.712466	-1.0091729
727859005	ACC	19.283758	6.5018973	-1.4063815
727859014	ACC	18.120846	5.9180484	-1.8562322
727859024	ACC	17.130217	5.3102717	-2.373082
727859033	ACC	16.498512	4.726423	-2.7990043
727859043	ACC	16.015162	4.0707893	-2.9042885
727859052	ACC	15.70888	3.3529427	-2.9186454
727859062	ACC	15.70888	2.673381	-2.870789
727859071	ACC	15.713666	1.9986051	-2.8277183
727859081	ACC	15.4217415	1.2951152	-2.8803604
727859090	ACC	14.96232	0.70648086	-3.033501
727859100	ACC	14.727823	0.10827523	-3.3206396
727859109	ACC	14.723038	-0.42771706	-3.3684962
727859119	ACC	14.689538	-0.9302098	-3.234498
727859128	ACC	14.641682	-1.2269198	-3.1100712
727859138	ACC	14.507684	-1.4614165	-3.004787
727859147	ACC	14.254045	-1.6863418	-2.885146
727859157	ACC	14.000405	-1.7341982	-2.8229325
727859166	ACC	13.756337	-1.6336997	-2.7176483
727859176	ACC	13.7324095	-1.7437695	-2.5357938
727859185	ACC	13.718052	-1.925624	-2.277369
727859195	ACC	13.8041935	-2.0548365	-1.9758734
727859204	ACC	13.770695	-2.140978	-1.7413766
727859214	ACC	13.330415	-2.207977	-1.7270198
727859223	ACC	12.507284	-2.2845473	-1.9423738
727859233	ACC	11.478371	-2.4185455	-2.1816561
727859242	ACC	10.411171	-2.6386852	-2.3682961
727859252	ACC	9.425328	-3.016751	-2.4831517
727859261	ACC	8.559127	-3.4426737	-2.574079
727859271	ACC	7.7120676	-3.78724	-2.641078
727859280	ACC	6.95115	-4.0648074	-2.5166512
727859289	ACC	6.2380886	-4.136592	-2.2725832
727859299	ACC	5.5393844	-4.1318064	-2.0045872
727859308	ACC	4.9172506	-4.069593	-1.8323039
727859318	ACC	4.3764725	-3.9978085	-1.736591
727859327	ACC	3.9361932	-3.9212382	-1.6743777
727859337	ACC	3.495914	-3.8398821	-1.6791633
727859346	ACC	3.141776	-3.8111682	-1.6504494
727859356	ACC	2.821138	-3.9164524	-1.5738791
727859365	ACC	2.5292134	-3.9978085	-1.3776677
727859375	ACC	2.2755744	-4.0121655	-1.0953146
727859384	ACC	2.0697916	-3.9978085	-0.8847462
727859394	ACC	1.8113668	-3.9834516	-0.7890333
727859403	ACC	1.5050855	-3.9834516	-0.7746763
727859413	ACC	1.2418749	-3.9690945	-0.7890333
727859422	ACC	0.87338024	-3.9116669	-0.698106
727859432	ACC	0.715454	-3.9786658	-0.65982085
727859441	ACC	0.83988076	-4.179663	-0.71724856
727859451	ACC	0.9882358	-4.1892343	-0.8847462
727859460	ACC	1.026521	-4.0360937	-1.0187442
727859470	ACC	1.3280165	-4.1700916	-1.1048858
727859479	ACC	1.7060826	-4.323232	-1.3441681
727859489	ACC	2.1894326	-4.543372	-1.5643078
727859498	ACC	2.7732813	-4.701298	-1.6360924
727859508	ACC	3.2231321	-4.691727	-1.6217356
727859517	ACC	3.5676985	-4.6486564	-1.7174485
727859527	ACC	3.979264	-4.5912285	-1.9040886
727859536	ACC	4.3764725	-4.476373	-2.1529422
727859546	ACC	4.912465	-4.462016	-2.411367
727859555	ACC	5.6063833	-4.538586	-2.6793633
727859565	ACC	6.6592255	-4.8448677	-3.0813572
727859574	ACC	8.090134	-5.2755756	-3.411567
727859584	ACC	8.8701935	-5.098507	-3.0526435
727859593	ACC	11.526227	-6.45763	-3.2775688
727859603	ACC	14.110476	-7.2329044	-4.5649076
727859612	ACC	14.785251	-6.634699	-5.9001026
727859622	ACC	14.727823	-6.352346	-6.297311
727859631	ACC	14.531611	-6.443273	-5.3736815
727859641	ACC	14.790037	-6.701698	-4.4117665
727859650	ACC	16.024733	-6.921838	-4.182056
727859660	ACC	17.771494	-6.6681986	-4.4931226
727859669	ACC	19.757536	-6.0508504	-4.895117
727859679	ACC	21.446869	-5.2420764	-5.4933224
727859688	ACC	22.203001	-4.2705903	-6.081957
727859698	ACC	21.79622	-3.5096726	-6.311668
727859707	ACC	20.470598	-2.9353952	-5.9383874
727859717	ACC	19.144974	-2.5956144	-4.488337
727859726	ACC	17.934206	-2.2510478	-2.3060827
727859736	ACC	17.11586	-1.7006987	-0.37746778
727859745	ACC	16.680367	-1.0546366	0.8285148
727859755	ACC	16.45544	-0.23150559	1.326222
727859764	ACC	16.637297	0.7160522	1.2879368
727859774	ACC	17.32643	1.7449659	0.99601245
727859783	ACC	18.058632	2.8695927	0.5174479
727859793	ACC	18.876978	3.8985064	-0.18604197
727859802	ACC	19.800608	4.697709	-1.1431711
727859812	ACC	20.274385	5.348557	-2.129014
727859821	ACC	19.89632	5.831907	-3.0095727
727859831	ACC	18.647266	6.166902	-3.502494
727859840	ACC	16.914864	6.099903	-3.5264223
727859850	ACC	15.4313135	5.6261244	-3.2775688
727859859	ACC	14.392828	5.0183473	-2.7750762
727859869	ACC	13.847264	4.415356	-1.9950159
727859878	ACC	13.703695	3.9128633	-1.2915261
727859888	ACC	13.895121	3.5635111	-0.83688974
727859897	ACC	14.316257	3.3577285	-0.44925246
727859907	ACC	14.81875	3.2859437	-0.4779663
727859916	ACC	15.6466675	3.3050864	-0.8321041
727859926	ACC	16.771294	3.185445	-1.4494523
727859935	ACC	18.072989	2.9796624	-2.114657
727859945	ACC	19.41297	2.6350958	-2.8133612
727859954	ACC	20.48017	2.2187448	-3.6412778
727859964	ACC	21.365513	1.7066808	-4.5266223
727859973	ACC	21.566511	1.3429717	-5.057829
727859983	ACC	21.250658	0.6538388	-5.6991053
727859992	ACC	20.824736	-0.24586253	-6.1585274
727860002	ACC	20.236101	-1.0785648	-6.335596
727860011	ACC	19.37947	-1.8107685	-6.0771713
727860021	ACC	18.599411	-2.4759731	-5.526822
727860030	ACC	17.89592	-3.0502508	-4.8329034
727860040	ACC	17.168503	-3.6149569	-4.2681975
727860049	ACC	16.340586	-4.0552363	-3.866203
727860059	ACC	15.579668	-4.557729	-3.6029928
727860068	ACC	14.794823	-5.1176496	-3.2967114
727860078	ACC	13.890335	-5.5387864	-2.99043
727860087	ACC	12.866207	-5.9503517	-2.937788
727860097	ACC	11.808579	-6.055636	-2.856432
727860106	ACC	10.683953	-6.2757754	-3.057429
727860116	ACC	9.35833	-6.328418	-3.3924243
727860125	ACC	8.386844	-6.328418	-3.411567
727860135	ACC	7.578069	-6.2374907	-3.2297122
727860144	ACC	6.826723	-6.0460644	-3.0382864
727860154	ACC	6.2811594	-6.079564	-2.937788
727860163	ACC	5.9030933	-6.227919	-2.8277183
727860173	ACC	5.3096733	-6.4911294	-2.5022943
727860182	ACC	5.424529	-6.6203423	-2.6219354
727860192	ACC	5.4484572	-6.8596244	-2.6458635
727860201	ACC	4.682754	-7.3429747	-2.3108685
727860211	ACC	3.711268	-7.5774713	-1.8466609
727860220	ACC	2.7445676	-7.730612	-1.5690935
727860230	ACC	1.6151553	-7.701898	-1.4303098
727860239	ACC	0.27996024	-7.5056863	-1.4015958
727860249	ACC	-0.863809	-7.252047	-1.21017
727860258	ACC	-1.6773686	-6.921838	-0.994816
727860268	ACC	-2.2229323	-6.582057	-1.0522437
727860277	ACC	-2.481357	-6.2662044	-1.1431711
727860287	ACC	-2.3377876	-5.9838514	-1.3250256
727860296	ACC	-1.8017955	-5.5866427	-1.6743777
727860306	ACC	-0.7585248	-5.366503	-1.6313069
727860315	ACC	0.30867413	-5.313861	-1.7078772
727860325	ACC	1.2370893	-5.256433	-1.8562322
727860334	ACC	2.5962126	-5.476573	-2.4496522
727860344	ACC	3.792624	-5.7062836	-3.263212
727860353	ACC	4.84068	-6.242276	-2.5836504
727860363	ACC	5.749953	-6.146563	-1.9854445
727860372	ACC	6.161518	-5.9790654	-1.8658035
727860382	ACC	6.367301	-6.136992	-1.7078772
727860391	ACC	6.381658	-6.0460644	-1.5978073
727860401	ACC	6.707082	-5.878567	-1.4255241
727860410	ACC	7.233503	-5.610571	-1.0809577
727860420	ACC	8.913264	-6.3140607	-1.2867404
727860429	ACC	9.372686	-5.849853	-2.5070798
727860439	ACC	10.420743	-6.0029936	-3.464209
727860448	ACC	11.416157	-5.5340004	-4.17727
727860458	ACC	13.813766	-5.2420764	-5.962316
727860467	ACC	16.58944	-4.390231	-8.302496
727860477	ACC	17.790636	-3.1028929	-10.604392
727860486	ACC	18.297915	-2.7726831	-11.059028
727860496	ACC	17.809778	-2.4329023	-10.269397
727860505	ACC	16.795221	-2.030908	-8.39821
727860515	ACC	16.000805	-1.9878374	-6.4791656
727860524	ACC	15.63231	-2.1074786	-4.9860444
727860533	ACC	15.527026	-2.2271197	-3.5072799
727860543	ACC	16.177874	-2.236691	-3.2105699
727860552	ACC	18.211773	-2.2414765	-2.464009
727860562	ACC	20.19303	-1.4901303	-3.0287154
727860571	ACC	19.494326	-0.24586253	-3.559922
727860581	ACC	17.52264	0.91226363	-3.464209
727860590	ACC	16.393229	1.649253	-2.885146
727860600	ACC	16.14916	2.376671	-2.2965117
727860609	ACC	16.4028	3.4534414	-2.545365
727860619	ACC	16.321444	4.391428	-2.4592235
727860628	ACC	15.66581	5.0135617	-4.000201
727860638	ACC	15.991234	5.142774	-4.761119
727860647	ACC	15.311672	5.721837	-5.6033926
727860657	ACC	15.507884	6.387042	-5.297111
727860666	ACC	15.656239	6.578468	-2.9425735
727860676	ACC	15.51267	6.6741805	-1.3202399
727860685	ACC	14.689538	6.9278197	-1.5020944
727860695	ACC	13.5074835	7.3585277	-2.2869403
727860704	ACC	12.545569	7.7461653	-2.8468606
727860714	ACC	12.1866455	7.454241	-2.909074
727860723	ACC	12.732209	6.5928245	-2.4544377
727860733	ACC	13.651053	5.8271213	-2.6075785
727860742	ACC	14.732609	5.401199	-2.4687948
727860752	ACC	15.44567	5.0709896	-1.7126628
727860761	ACC	15.881164	4.6546383	-1.1718849
727860771	ACC	16.235302	4.386642	-0.90388876
727860780	ACC	17.111074	3.8315072	-0.7938189
727860790	ACC	17.211573	3.161517	-0.94695956
727860799	ACC	19.513468	2.2091734	-0.43010986
727860809	ACC	19.508682	1.500898	0.19680966
727860818	ACC	19.74318	0.6586244	0.23988047
727860828	ACC	19.70011	0.1896312	-0.29132617
727860837	ACC	19.427326	-0.5617151	-0.6454639
727860847	ACC	18.967905	-1.1886346	-0.60717875
727860856	ACC	18.580267	-1.643271	-0.6454639
727860866	ACC	17.924635	-2.370689	-0.71246296
727860875	ACC	16.934006	-2.8109684	-0.7746763
727860885	ACC	15.5748825	-3.1316066	-0.8129615
727860894	ACC	14.344972	-3.5336008	-1.0713863
727860904	ACC	12.9236355	-3.6245282	-1.4159528
727860913	ACC	11.779866	-3.7298124	-1.6983058
727860923	ACC	10.870593	-3.8590248	-1.9232312
727860932	ACC	10.243673	-4.0360937	-1.9136599
727860942	ACC	9.58804	-4.2131624	-1.6648064
727860951	ACC	8.7266245	-4.232305	-1.5020944
727860961	ACC	8.152347	-4.4955153	-1.358525
727860970	ACC	7.6307116	-4.7539406	-1.21017
727860980	ACC	7.1952176	-5.002794	-0.98524475
727860989	ACC	6.8410797	-5.232505	-0.8129615
727860999	ACC	6.343373	-5.1942196	-0.87996054
727861008	ACC	5.8839507	-5.0458646	-1.0666007
727861018	ACC	5.3718867	-4.859225	-1.4159528
727861027	ACC	4.9938207	-4.854439	-1.8131614
727861037	ACC	4.453043	-4.7778687	-2.0907288
727861046	ACC	4.022335	-4.8735814	-2.1577277
727861056	ACC	3.629912	-5.031508	-2.2007985
727861065	ACC	3.5533416	-5.2085767	-2.1481566
727861075	ACC	3.7208393	-5.4909296	-2.1481566
727861084	ACC	4.0031924	-5.849853	-2.3826532
727861094	ACC	4.156333	-6.0077796	-2.3874388
727861103	ACC	3.9218364	-5.9694943	-2.2725832
727861113	ACC	3.3954153	-5.840282	-2.3922246
727861122	ACC	2.7445676	-5.744569	-2.6554348
727861132	ACC	2.2085752	-5.663213	-2.8325038
727861141	ACC	1.8400806	-5.6871414	-2.909074
727861151	ACC	1.4093726	-5.782854	-2.7990043
727861160	ACC	1.0935199	-5.7637115	-2.5262225
727861170	ACC	1.3663018	-5.7780685	-1.9615164
727861179	ACC	2.1272194	-5.9694943	-1.1431711
727861189	ACC	3.6490545	-6.218348	-0.5880362
727861198	ACC	5.3814583	-6.041279	-0.34396824
727861208	ACC	7.300502	-5.959923	-0.36311084
727861217	ACC	9.329616	-5.916852	-0.7268199
727861227	ACC	10.468599	-5.782854	-1.2532408
727861236	ACC	11.933006	-5.280361	-1.6456637
727861246	ACC	13.172488	-5.1176496	-1.50688
727861255	ACC	13.435699	-5.222934	-2.129014
727861265	ACC	12.4833555	-3.6293137	-1.7078772
727861274	ACC	11.535798	-4.026522	-3.181856
727861284	ACC	11.176874	-3.8111682	-4.330411
727861293	ACC	10.4016	-2.8109684	-4.7659044
727861303	ACC	11.10509	-3.0693932	-3.3684962
727861312	ACC	12.330215	-2.8492537	-0.69332033
727861322	ACC	12.8518505	-2.4999015	0.52223355
727861331	ACC	13.85205	-2.4089742	0.77587277
727861341	ACC	15.024533	-2.0644078	0.6801598
727861350	ACC	15.158531	-1.6384853	-0.18604197
727861360	ACC	14.526826	-1.0689936	-1.1527423
727861369	ACC	13.856836	-0.5712864	-1.7078772
727861379	ACC	13.239488	-0.0065802624	-2.076372
727861388	ACC	12.636497	0.63948184	-2.3252254
727861398	ACC	12.47857	1.2424731	-2.3347967
727861407	ACC	12.4833555	1.8454645	-2.0715861
727861417	ACC	12.899707	2.3192434	-1.5786648
727861426	ACC	13.387843	2.6685956	-1.1240284
727861436	ACC	13.765908	3.1375887	-0.98524475
727861445	ACC	14.330615	3.5300117	-1.1240284
727861455	ACC	15.302101	3.6783667	-1.7557336
727861464	ACC	16.41237	3.6209388	-2.6650062
727861474	ACC	17.068005	3.7022948	-3.7800615
727861483	ACC	17.431713	3.778865	-4.4931226
727861493	ACC	17.924635	3.7597225	-4.3878384
727861502	ACC	18.355343	3.8602211	-4.0528436
727861512	ACC	19.733608	4.3722854	-3.1866415
727861521	ACC	20.48017	4.8412786	-2.669792
727861531	ACC	20.48974	5.1236315	-3.7369907
727861540	ACC	20.427526	5.539983	-4.866403
727861550	ACC	20.245672	5.5016975	-5.4789658
727861559	ACC	19.97289	5.267201	-5.785247
727861569	ACC	19.307686	5.023133	-5.3497534
727861578	ACC	18.637695	4.616353	-4.158128
727861588	ACC	18.135202	4.022933	-2.7320054
727861597	ACC	17.685352	3.458227	-1.3824533
727861607	ACC	17.211573	2.9940193	-0.33918262
727861616	ACC	16.661224	2.6350958	0.10109676
727861626	ACC	15.981663	2.3048863	-0.27696922
727861635	ACC	15.316458	1.8933209	-1.1910275
727861645	ACC	14.651253	1.4913267	-2.4448664
727861654	ACC	13.99562	1.1419746	-3.6699917
727861664	ACC	13.03849	0.81655073	-4.47398
727861673	ACC	11.937792	0.4528417	-4.9525447
727861683	ACC	10.908878	0.10827523	-5.110471
727861692	ACC	9.91825	-0.1788635	-4.775476
727861702	ACC	9.066405	-0.4660022	-4.4931226
727861711	ACC	8.343773	-0.77706915	-4.1150565
727861721	ACC	7.7072816	-1.102493	-3.5742788
727861730	ACC	7.176075	-1.3800604	-3.0670004
727861739	ACC	6.678368	-1.561915	-2.8133612
727861749	ACC	6.262017	-1.8011973	-2.6362925
727861758	ACC	5.864808	-2.0021944	-2.440081
727861768	ACC	5.611169	-2.2127628	-2.3204398
727861777	ACC	5.424529	-2.423331	-2.0668006
727861787	ACC	5.4053864	-2.5477579	-2.0668006
727861796	ACC	5.4436717	-2.7535408	-2.018944
727861806	ACC	5.5202417	-2.9114668	-1.9184456
727861815	ACC	5.692525	-2.9976087	-1.8562322
727861825	ACC	5.8217373	-3.1076784	-1.9088743
727861834	ACC	5.960521	-3.2847474	-1.9184456
727861844	ACC	6.0658054	-3.5623147	-1.8562322
727861853	ACC	6.3481584	-4.002594	-1.9519451
727861863	ACC	6.678368	-4.543372	-2.129014
727861872	ACC	6.9655066	-5.213362	-2.3347967
727861882	ACC	7.051648	-5.873781	-2.3539393
727861891	ACC	6.903293	-6.3427744	-2.411367
727861901	ACC	6.539584	-6.625128	-2.5788646
727861910	ACC	5.9030933	-6.716055	-2.69372
727861920	ACC	5.534599	-6.6921268	-3.033501
727861929	ACC	5.3383875	-6.6442704	-3.411567
727861939	ACC	5.3096733	-6.5772715	-3.6987057
727861948	ACC	5.4436717	-6.443273	-3.8470607
727861958	ACC	5.6303115	-6.1992054	-3.8135612
727861967	ACC	5.898308	-5.945566	-3.545565
727861977	ACC	6.204589	-5.7110696	-3.1914272
727861986	ACC	6.9128647	-5.610571	-3.086143
727861996	ACC	7.908279	-5.5675	-3.205784
727862005	ACC	8.69791	-5.514858	-3.4594233
727862015	ACC	9.104691	-5.4430733	-3.6460636
727862024	ACC	9.123833	-5.4382877	-3.6460636
727862034	ACC	8.941978	-5.4382877	-3.4546378
727862043	ACC	8.736196	-5.4574304	-3.1866415
727862053	ACC	8.937193	-5.553143	-2.8277183
727862062	ACC	9.554541	-5.514858	-2.411367
727862072	ACC	10.037891	-5.285147	-2.2103698
727862081	ACC	10.171889	-4.9405804	-2.114657
727862091	ACC	10.057034	-4.6055856	-2.0237298
727862100	ACC	9.750752	-4.3328037	-1.9854445
727862110	ACC	9.568898	-4.217948	-2.0859432
727862119	ACC	9.765109	-4.284947	-2.2295125
727862129	ACC	10.100104	-4.284947	-2.1481566
727862138	ACC	10.358529	-4.141378	-1.8466609
727862148	ACC	10.636097	-3.9834516	-1.6073786
727862157	ACC	10.7126665	-3.8494534	-1.4159528
727862167	ACC	10.851451	-3.6197424	-1.3441681
727862176	ACC	10.980663	-3.260819	-1.2915261
727862186	ACC	10.999805	-2.8205397	-1.5260227
727862195	ACC	10.985449	-2.41376	-1.9280169
727862205	ACC	10.803595	-2.0021944	-2.4735804
727862214	ACC	10.913664	-1.5906289	-2.9712875
727862224	ACC	11.253445	-1.1647065	-3.3110683
727862233	ACC	11.775081	-0.8009974	-3.4594233
727862243	ACC	12.751352	-0.58564335	-3.2727833
727862252	ACC	13.832908	-0.31286156	-2.7702904
727862262	ACC	14.924035	0.07477571	-2.2677977
727862271	ACC	15.900307	0.4959125	-1.9950159
727862281	ACC	16.474585	0.98883396	-2.018944
727862290	ACC	16.661224	1.4338989	-2.588436
727862300	ACC	16.45544	1.6731812	-3.5886357
727862309	ACC	16.158731	1.7497516	-4.4452662
727862319	ACC	16.134804	1.7353946	-4.9046884
727862328	ACC	16.469799	1.6444674	-5.110471
727862338	ACC	17.101503	1.7066808	-4.9812584
727862347	ACC	17.848064	1.8167506	-4.58405
727862357	ACC	18.70948	1.8598214	-4.205984
727862366	ACC	19.561325	1.8502501	-3.9427736
727862376	ACC	20.08296	1.9172492	-3.8614175
727862385	ACC	20.140388	1.9698912	-4.0815573
727862395	ACC	19.838892	1.9842482	-4.421338
727862404	ACC	19.4369	1.9411774	-4.464409
727862414	ACC	19.121046	1.7545372	-4.3112683
727862423	ACC	18.905691	1.4482559	-4.0480576
727862433	ACC	18.838694	1.0941181	-3.5886357
727862442	ACC	18.848265	0.70169526	-3.086143
727862452	ACC	18.723837	0.32362926	-2.641078
727862461	ACC	18.3697	0.02213361	-2.4017956
727862471	ACC	17.876778	-0.31764722	-2.4544377
727862480	ACC	17.41257	-0.7148558	-2.722434
727862490	ACC	16.99622	-1.0259227	-2.99043
727862499	ACC	16.41237	-1.2221341	-3.0765717
727862509	ACC	15.627524	-1.3848461	-3.114857
727862518	ACC	14.790037	-1.6480566	-3.181856
727862528	ACC	14.134403	-1.9208384	-3.153142
727862537	ACC	13.689339	-2.2031915	-2.909074
727862547	ACC	13.3639145	-2.452045	-2.588436
727862556	ACC	13.014563	-2.71047	-2.440081
727862566	ACC	12.516855	-2.9880373	-2.4687948
727862575	ACC	11.933006	-3.2703903	-2.5692933
727862585	ACC	11.306087	-3.5431721	-2.7511477
727862594	ACC	10.683953	-3.8733816	-2.9569306
727862604	ACC	10.090533	-4.150949	-3.153142
727862613	ACC	9.578469	-4.323232	-3.1579278
727862623	ACC	9.219545	-4.4668016	-3.1866415
727862632	ACC	8.822337	-4.653442	-3.3637104
727862642	ACC	8.477771	-4.816154	-3.6029928
727862651	ACC	8.008778	-4.892724	-3.5934215
727862661	ACC	7.530213	-4.9262238	-3.4307094
727862670	ACC	7.1042905	-4.959723	-3.330211
727862680	ACC	6.8075805	-5.002794	-3.263212
727862689	ACC	6.5491557	-5.08415	-3.1292138
727862699	ACC	6.32423	-5.2085767	-2.8468606
727862708	ACC	6.2380886	-5.4239306	-2.612364
727862718	ACC	6.2237315	-5.7110696	-2.3778675
727862727	ACC	6.1806607	-6.0604215	-2.2055843
727862737	ACC	6.1998034	-6.45763	-2.2725832
727862746	ACC	6.242874	-6.854839	-2.047658
727862756	ACC	5.4819565	-6.524629	-1.750948
727862765	ACC	5.2139606	-6.8261247	-1.8275183
727862775	ACC	4.816752	-7.12762	-2.1242282
727862784	ACC	4.0701914	-7.118049	-2.492723
727862794	ACC	3.2422748	-6.8404818	-2.818147
727862803	ACC	2.6153553	-6.443273	-2.9138598
727862813	ACC	2.1798615	-6.0843496	-3.0095727
727862822	ACC	1.7682959	-5.7780685	-2.9234312
727862831	ACC	1.7874385	-5.500501	-2.9042885
727862841	ACC	2.2468605	-5.313861	-2.9186454
727862850	ACC	2.792424	-5.1463633	-2.7655048
727862860	ACC	3.3284163	-4.9453664	-2.5836504
727862869	ACC	3.9218364	-4.8640103	-2.6315067
727862879	ACC	4.76411	-4.983651	-2.708077
727862888	ACC	5.879165	-5.112864	-2.789433
727862898	ACC	6.946364	-5.165506	-2.8803604
727862907	ACC	8.090134	-5.256433	-2.937788
727862917	ACC	9.128618	-5.419145	-3.019144
727862926	ACC	9.128618	-4.7491546	-2.0572293
727862936	ACC	9.779466	-5.151149	-2.6315067
727862945	ACC	10.176675	-5.371289	-3.181856
727862955	ACC	9.592826	-4.5338006	-3.354139
727862964	ACC	9.24826	-4.2945185	-3.2536407
727862974	ACC	9.186047	-4.328018	-3.1866415
727862983	ACC	9.334401	-4.519444	-2.9330025
727862993	ACC	10.07139	-4.9214377	-2.8277183
727863002	ACC	10.683953	-5.165506	-2.885146
727863012	ACC	11.483156	-5.189434	-3.1722846
727863021	ACC	12.449856	-4.835296	-3.531208
727863031	ACC	13.5170555	-4.328018	-3.856632
727863040	ACC	14.311472	-3.964309	-3.7178483
727863050	ACC	14.517255	-3.4570305	-3.2488549
727863059	ACC	14.1726885	-2.858825	-2.7415764
727863069	ACC	13.77548	-2.4089742	-2.6745775
727863078	ACC	13.2921295	-2.030908	-2.8037899
727863088	ACC	12.947563	-1.5762719	-2.856432
727863097	ACC	13.081561	-1.183849	-2.909074
727863107	ACC	13.526627	-0.72442704	-2.6650062
727863116	ACC	14.0291195	-0.12622139	-2.0237298
727863126	ACC	14.675181	0.5054838	-1.7796619
727863135	ACC	15.139389	1.1946167	-1.8083757
727863145	ACC	15.436099	1.8837496	-1.817947
727863154	ACC	15.3691	2.3670998	-2.0285153
727863164	ACC	14.823536	2.5680969	-2.4305096
727863173	ACC	14.081761	2.55374	-2.8947172
727863183	ACC	13.2921295	2.4771698	-3.263212
727863192	ACC	12.665211	2.3336003	-3.4402807
727863202	ACC	12.583855	1.9986051	-3.559922
727863211	ACC	12.813565	1.5822539	-3.6652062
727863221	ACC	13.301702	1.2999009	-3.6317065
727863230	ACC	14.187045	1.0654043	-3.449852
727863240	ACC	15.254245	0.86919284	-3.2775688
727863249	ACC	16.144375	0.7686943	-3.3684962
727863259	ACC	16.747366	0.63948184	-3.7848473
727863268	ACC	17.106289	0.50069815	-4.569693
727863278	ACC	17.359928	0.4432704	-5.459823
727863287	ACC	17.551353	0.4959125	-6.1154566
727863297	ACC	17.737995	0.5820541	-6.4552374
727863306	ACC	17.934206	0.6442675	-6.5030937
727863316	ACC	18.10649	0.55334026	-6.2733827
727863325	ACC	18.187845	0.21834506	-5.8618174
727863335	ACC	18.273987	-0.28893334	-5.2779684
727863344	ACC	18.288343	-0.80578303	-4.3447676
727863354	ACC	18.072989	-1.1551352	-3.3637104
727863363	ACC	17.65664	-1.4327025	-2.722434
727863373	ACC	17.235502	-1.7006987	-2.4305096
727863382	ACC	16.77608	-1.8681962	-2.3347967
727863392	ACC	16.32623	-1.9974087	-2.425724
727863401	ACC	16.091732	-2.030908	-2.6267211
727863411	ACC	16.063019	-2.0739791	-2.8803604
727863420	ACC	16.096518	-2.179263	-3.1435707
727863430	ACC	16.077375	-2.3659034	-3.4402807
727863439	ACC	15.737595	-2.562115	-3.6460636
727863449	ACC	15.144175	-2.801397	-3.7274194
727863458	ACC	14.364115	-3.1028929	-3.8135612
727863468	ACC	13.397414	-3.3373895	-3.9140596
727863477	ACC	12.47857	-3.6005998	-3.947559
727863487	ACC	11.650654	-3.78724	-3.8518462
727863496	ACC	10.932807	-3.9738803	-3.6699917
727863506	ACC	10.224531	-4.098307	-3.3780673
727863515	ACC	9.51147	-4.141378	-2.9186454
727863525	ACC	9.186047	-4.174877	-2.3587248
727863534	ACC	9.24826	-4.3040895	-1.8753748
727863544	ACC	9.329616	-4.476373	-1.5643078
727863553	ACC	9.238688	-4.6725845	-1.5595222
727863563	ACC	8.898908	-4.744369	-1.7940187
727863572	ACC	8.315059	-4.7826543	-2.2965117
727863582	ACC	7.812566	-4.801797	-3.0430722
727863591	ACC	7.4249287	-4.9214377	-3.69392
727863601	ACC	7.003792	-5.151149	-3.9667017
727863610	ACC	6.5491557	-5.38086	-4.009773
727863620	ACC	6.013163	-5.67757	-3.80399
727863629	ACC	5.4723854	-5.916852	-3.4259238
727863639	ACC	4.941179	-6.1274204	-2.909074
727863648	ACC	4.520042	-6.242276	-2.373082
727863658	ACC	4.362116	-6.500701	-2.2725832
727863667	ACC	4.2329035	-6.591628	-1.4446666
727863677	ACC	3.5389848	-6.0987067	-0.62153566
727863686	ACC	3.3236306	-6.5629144	-0.41575295
727863696	ACC	2.7684958	-6.5868425	-0.48753762
727863705	ACC	2.1655045	-6.361917	-0.7890333
727863715	ACC	1.8400806	-6.146563	-1.2628121
727863724	ACC	1.4859428	-5.744569	-1.6360924
727863734	ACC	1.1270195	-5.1942196	-1.8705891
727863743	ACC	1.1174482	-4.835296	-2.1098714
727863753	ACC	1.3232309	-4.5338006	-2.3635106
727863762	ACC	1.5816557	-4.1988053	-2.6458635
727863772	ACC	2.103291	-4.0504503	-3.0430722
727863781	ACC	2.8977082	-3.9834516	-3.531208
727863791	ACC	3.912265	-4.0504503	-3.9284165
727863800	ACC	5.046463	-4.3519464	-4.0480576
727863810	ACC	6.161518	-4.801797	-4.019344
727863819	ACC	7.166504	-5.27079	-3.7800615
727863829	ACC	8.094919	-5.7110696	-3.315854
727863838	ACC	8.702696	-5.9790654	-2.7463622
727863847	ACC	8.99462	-6.122635	-2.2103698
727863857	ACC	9.018549	-6.170491	-1.7700906
727863866	ACC	8.865408	-6.0460644	-1.4015958
727863876	ACC	8.927621	-5.907281	-1.1527423
727863885	ACC	9.119047	-5.873781	-1.8418752
727863895	ACC	9.521041	-5.86421	-2.9569306
727863904	ACC	10.028319	-6.031708	-3.6987057
727863914	ACC	10.683953	-6.2997036	-4.258626
727863923	ACC	11.526227	-6.582057	-4.9046884
727863933	ACC	12.818351	-6.6394844	-5.096114
727863942	ACC	14.718252	-6.5198436	-4.531408
727863952	ACC	16.302301	-6.4002023	-3.775276
727863961	ACC	16.58944	-6.0364933	-3.8231323
727863971	ACC	16.034304	-5.5387864	-3.263212
727863980	ACC	15.570097	-5.203791	-2.6602206
727863990	ACC	15.565311	-4.9214377	-2.6315067
727863999	ACC	15.21596	-4.5242295	-2.7846475
727864009	ACC	14.938392	-4.127021	-2.966502
727864018	ACC	16.010376	-4.2131624	-2.5980072
727864028	ACC	16.938791	-3.9595232	-1.6983058
727864037	ACC	16.953148	-3.141178	-0.6693921
727864047	ACC	16.670795	-2.1122642	0.38344982
727864056	ACC	16.613367	-1.7198412	0.7328019
727864066	ACC	16.699509	-1.346561	0.7040881
727864075	ACC	16.685152	-0.8249256	0.37387854
727864085	ACC	16.58944	-0.13100705	-0.066400826
727864094	ACC	16.689938	0.42412782	-0.6550352
727864104	ACC	16.938791	0.9457632	-1.1623136
727864113	ACC	17.11586	1.4578272	-1.5451652
727864123	ACC	17.082361	2.1804597	-1.7557336
727864132	ACC	17.077576	2.3288147	-2.2582264
727864142	ACC	17.015362	2.3048863	-2.8372893
727864151	ACC	16.790436	2.14696	-3.2488549
727864161	ACC	16.58944	1.7545372	-3.4594233
727864170	ACC	16.450655	1.189831	-3.4977086
727864180	ACC	16.240088	0.73519474	-3.3445678
727864189	ACC	15.996019	0.40977088	-3.2009985
727864199	ACC	15.728024	0.026919255	-3.1004999
727864208	ACC	15.527026	-0.3702893	-2.9952157
727864218	ACC	15.402599	-0.7818548	-2.99043
727864227	ACC	15.340386	-1.1120644	-3.1483564
727864237	ACC	15.3691	-1.3800604	-3.2201412
727864246	ACC	15.637096	-1.6719848	-3.205784
727864256	ACC	16.173088	-2.035694	-3.1627133
727864265	ACC	16.407585	-2.318047	-3.1100712
727864275	ACC	16.436298	-2.4185455	-2.8660033
727864284	ACC	16.508083	-2.5908287	-2.574079
727864294	ACC	16.680367	-2.8875387	-2.5310082
727864303	ACC	16.752151	-3.1842487	-2.7415764
727864313	ACC	16.886148	-3.4713874	-2.9234312
727864322	ACC	16.962719	-3.7489548	-3.0143583
727864332	ACC	16.694723	-3.9260237	-3.0430722
727864341	ACC	16.254444	-4.069593	-3.0430722
727864351	ACC	15.833307	-4.2275195	-2.9521449
727864360	ACC	15.436099	-4.328018	-2.909074
727864370	ACC	15.010177	-4.5338006	-2.9330025
727864379	ACC	14.565111	-4.7635117	-2.9521449
727864389	ACC	13.990834	-4.988437	-2.99043
727864398	ACC	13.421342	-5.203791	-3.1339993
727864408	ACC	12.813565	-5.366503	-3.3493536
727864417	ACC	12.248859	-5.500501	-3.5934215
727864427	ACC	11.688938	-5.5914283	-3.8374894
727864436	ACC	11.129018	-5.634499	-4.019344
727864446	ACC	10.554741	-5.6823554	-4.0624146
727864455	ACC	10.018748	-5.715855	-4.0480576
727864465	ACC	9.51147	-5.768497	-4.0624146
727864474	ACC	9.104691	-5.8067822	-4.124628
727864484	ACC	8.817552	-5.8354964	-4.0911283
727864493	ACC	8.563912	-5.7780685	-3.99063
727864503	ACC	8.2049885	-5.7062836	-3.9332023
727864512	ACC	7.7072816	-5.596214	-3.8901315
727864522	ACC	7.204789	-5.433502	-3.894917
727864531	ACC	6.8650084	-5.419145	-3.856632
727864541	ACC	6.6592255	-5.6297135	-3.80399
727864550	ACC	6.4534426	-5.8450675	-3.69392
727864560	ACC	6.142376	-5.945566	-3.5647075
727864569	ACC	5.8360944	-6.055636	-3.4354951
727864579	ACC	5.6207404	-6.242276	-3.3397822
727864588	ACC	5.395815	-6.3810596	-2.842075
727864598	ACC	4.9268217	-6.227919	-1.8945173
727864607	ACC	4.28076	-6.180063	-1.4542379
727864617	ACC	3.6873398	-6.1561346	-1.1862419
727864626	ACC	2.9599216	-5.8833528	-1.0331012
727864636	ACC	2.4095724	-5.5866427	-1.0474582
727864645	ACC	1.8975084	-5.328218	-1.2867404
727864655	ACC	1.3375878	-4.8640103	-1.4973087
727864664	ACC	1.012164	-4.4859443	-1.6504494
727864674	ACC	0.93559366	-4.3088756	-1.8514465
727864683	ACC	1.0983056	-4.1174498	-1.9950159
727864693	ACC	1.3998013	-4.0408792	-2.0045872
727864702	ACC	1.6773686	-3.9116669	-1.9950159
727864712	ACC	2.1415763	-3.7824545	-2.2582264
727864721	ACC	2.4382863	-3.6197424	-2.4831517
727864731	ACC	2.9312077	-3.423531	-2.5118656
727864740	ACC	3.5676985	-3.4331024	-2.425724
727864750	ACC	4.237689	-3.571886	-2.39701
727864759	ACC	4.8454657	-3.7393837	-2.4209383
727864769	ACC	5.548956	-4.031308	-2.5405796
727864778	ACC	6.3864436	-4.2945185	-2.6602206
727864788	ACC	7.2382884	-4.3615174	-2.6841488
727864797	ACC	8.487342	-4.935795	-3.5934215
727864807	ACC	9.075976	-4.7826543	-4.502694
727864816	ACC	8.989835	-3.9978085	-4.909474
727864826	ACC	9.229117	-3.6293137	-5.148756
727864835	ACC	9.865608	-3.638885	-4.842475
727864845	ACC	10.856236	-3.9212382	-4.330411
727864854	ACC	11.846865	-4.232305	-4.2203407
727864864	ACC	12.531212	-4.4572306	-4.4548373
727864873	ACC	12.842279	-4.6055856	-4.555336
727864883	ACC	13.129417	-4.586443	-4.4548373
727864892	ACC	13.349558	-4.5768714	-4.2634115
727864902	ACC	13.536198	-4.5912285	-4.0624146
727864911	ACC	13.952549	-4.519444	-3.9810586
727864921	ACC	14.593825	-4.404588	-4.0145583
727864930	ACC	14.971891	-4.19402	-4.0384865
727864940	ACC	14.823536	-3.9020956	-3.99063
727864949	ACC	14.627325	-3.6771703	-3.7178483
727864958	ACC	14.694324	-3.519244	-3.4450665
727864968	ACC	14.880964	-3.2703903	-3.5168512
727864977	ACC	15.11546	-2.89711	-3.650849
727864987	ACC	15.388243	-2.504687	-3.4546378
727864996	ACC	15.589239	-2.1218355	-3.1004999
727865006	ACC	15.661024	-1.6863418	-2.7176483
727865015	ACC	15.785451	-1.102493	-2.5070798
727865025	ACC	15.914663	-0.37507495	-2.574079
727865034	ACC	15.771094	0.30927232	-3.0478578
727865044	ACC	15.302101	0.93619186	-3.746562
727865053	ACC	14.746966	1.3190435	-4.3495536
727865063	ACC	14.268401	1.4099708	-4.746762
727865072	ACC	13.837693	1.3477573	-5.081757
727865082	ACC	13.531412	1.1802598	-5.2253265
727865091	ACC	13.339986	0.9457632	-4.947759
727865101	ACC	13.311273	0.7112665	-4.421338
727865110	ACC	13.464413	0.5389833	-3.947559
727865120	ACC	13.88555	0.42412782	-3.545565
727865129	ACC	14.335401	0.50069815	-3.3589249
727865139	ACC	14.603396	0.7112665	-3.5694933
727865148	ACC	14.794823	0.9601201	-4.000201
727865158	ACC	14.770894	1.1084751	-4.406981
727865167	ACC	14.569897	1.1371889	-4.6079783
727865177	ACC	14.383257	1.0223335	-4.4691944
727865186	ACC	14.335401	0.75912297	-4.148556
727865196	ACC	14.349757	0.46241298	-3.6891344
727865205	ACC	14.407186	0.16570297	-3.0717862
727865215	ACC	14.574683	-0.07836494	-2.6027927
727865224	ACC	14.890535	-0.39900318	-2.5070798
727865234	ACC	15.316458	-0.72442704	-2.6602206
727865243	ACC	15.598811	-1.0259227	-2.9712875
727865253	ACC	15.47917	-1.2987045	-3.3493536
727865262	ACC	15.172889	-1.5906289	-3.8327036
727865272	ACC	14.799608	-1.8729819	-4.1724844
727865281	ACC	14.660825	-2.1936202	-4.435695
727865291	ACC	14.579469	-2.4711876	-4.77069
727865300	ACC	14.47897	-2.7631118	-4.9429736
727865310	ACC	14.421542	-3.0693932	-5.0339007
727865319	ACC	14.086547	-3.313461	-5.105685
727865329	ACC	13.497912	-3.4283166	-5.0530434
727865338	ACC	12.746566	-3.4426737	-5.191827
727865348	ACC	12.033505	-3.3661032	-5.3736815
727865357	ACC	11.55494	-3.2943187	-5.5459647
727865367	ACC	11.373086	-3.3469608	-5.703891
727865376	ACC	11.210374	-3.4283166	-5.7804613
727865386	ACC	11.109876	-3.5814574	-5.742176
727865395	ACC	11.07159	-3.7680974	-5.689534
727865405	ACC	10.9375925	-3.949952	-5.708677
727865414	ACC	10.636097	-4.1700916	-5.6033926
727865424	ACC	10.186246	-4.371089	-5.3832526
727865433	ACC	9.415757	-4.471587	-5.340182
727865443	ACC	8.463413	-4.538586	-5.4837513
727865452	ACC	7.692925	-4.730012	-5.517251
727865462	ACC	6.9990063	-4.8735814	-5.488537
727865471	ACC	6.4199433	-4.8975096	-5.3976097
727865481	ACC	5.936593	-4.8209395	-5.258826
727865490	ACC	5.706882	-4.78744	-5.110471
727865500	ACC	5.639883	-4.71087	-4.866403
727865509	ACC	5.4484572	-4.663013	-4.4979086
727865519	ACC	5.3383875	-4.639085	-4.0767717
727865528	ACC	5.24746	-4.6438704	-3.7130625
727865538	ACC	5.2235317	-4.701298	-3.3110683
727865547	ACC	5.070391	-4.701298	-2.8277183
727865557	ACC	4.8358946	-4.7826543	-2.6506493
727865566	ACC	4.3334017	-4.4668016	-1.4925231
727865576	ACC	3.711268	-4.323232	-1.1718849
727865585	ACC	3.562913	-4.653442	-1.3010973
727865595	ACC	3.3667014	-4.686941	-1.817947
727865604	ACC	3.2087753	-4.562515	-2.3826532
727865614	ACC	3.0747771	-4.395017	-2.8372893
727865623	ACC	3.0077782	-4.217948	-3.1579278
727865633	ACC	3.0125637	-4.127021	-3.4977086
727865642	ACC	3.2757742	-4.1126637	-3.9140596
727865652	ACC	3.7974095	-4.0552363	-4.0145583
727865661	ACC	4.35733	-3.8925242	-3.80399
727865671	ACC	4.816752	-3.6867416	-3.382853
727865680	ACC	5.17089	-3.6197424	-3.1339993
727865690	ACC	5.410172	-3.7298124	-3.0287154
727865699	ACC	5.6063833	-3.949952	-2.9473593
727865709	ACC	5.73081	-4.107878	-2.6075785
727865718	ACC	5.797809	-4.284947	-2.1529422
727865728	ACC	5.8839507	-4.4189453	-1.8610178
727865737	ACC	6.3194447	-4.663013	-1.655235
727865747	ACC	7.066005	-4.878367	-1.4494523
727865756	ACC	7.893922	-4.907081	-1.4111671
727865766	ACC	8.803194	-4.916652	-1.8323039
727865775	ACC	9.678967	-4.9549375	-2.5645077
727865785	ACC	10.277173	-5.0123653	-3.3589249
727865794	ACC	10.760524	-5.0362935	-4.043272
727865804	ACC	11.196017	-5.0506506	-4.6462636
727865813	ACC	11.507084	-5.132006	-5.2013984
727865823	ACC	12.191431	-5.280361	-5.536393
727865832	ACC	12.736995	-5.3473606	-5.675177
727865842	ACC	13.024134	-5.337789	-5.675177
727865851	ACC	13.253844	-5.4095736	-5.488537
727865861	ACC	13.430914	-5.404788	-5.014758
727865870	ACC	13.58884	-5.3186464	-4.4835515
727865880	ACC	13.8041935	-5.189434	-4.110271
727865889	ACC	14.47897	-5.1032925	-3.9810586
727865899	ACC	15.273387	-4.835296	-3.80399
727865908	ACC	15.627524	-4.3184466	-3.7322052
727865918	ACC	15.455241	-3.705884	-3.947559
727865927	ACC	14.947963	-3.2560334	-4.0241294
727865937	ACC	14.636896	-2.8731818	-3.612564
727865946	ACC	14.201403	-2.265405	-3.057429
727865956	ACC	13.780266	-1.5044873	-2.6793633
727865965	ACC	13.689339	-0.7052845	-2.3539393
727865975	ACC	14.282759	-0.09272188	-2.1337996
727865984	ACC	15.129818	0.6203393	-2.033301
727865994	ACC	15.44567	1.6779668	-2.1242282
727866003	ACC	15.66581	2.6303103	-2.6027927
727866013	ACC	15.914663	3.2237303	-3.3876386
727866022	ACC	15.689738	3.6257246	-4.3878384
727866032	ACC	14.928821	3.8985064	-5.124828
727866041	ACC	14.129618	3.9894335	-5.5220366
727866051	ACC	13.550554	3.7357943	-5.58425
727866060	ACC	13.373486	3.3529427	-4.933402
727866070	ACC	13.526627	2.821736	-3.4067812
727866079	ACC	14.187045	2.0895324	-1.6313069
727866089	ACC	14.694324	1.5822539	0.096311115
727866098	ACC	14.565111	1.6540387	1.4075779
727866108	ACC	14.22533	2.14696	2.0488544
727866117	ACC	14.053047	2.7643085	2.0153549
727866127	ACC	14.120047	3.0227332	0.799801
727866136	ACC	14.603396	3.0562327	-1.0426725
727866145	ACC	15.268601	3.0801609	-2.6841488
727866155	ACC	16.144375	2.8935208	-4.158128
727866164	ACC	17.020147	2.4245276	-5.5076795
727866174	ACC	17.704494	1.7736797	-6.3308105
727866183	ACC	17.867207	1.189831	-6.47438
727866193	ACC	17.65664	0.5198407	-6.134599
727866202	ACC	17.297714	-0.24586253	-5.636892
727866212	ACC	16.967505	-1.1264212	-5.0482574
727866221	ACC	16.790436	-2.0021944	-4.435695
727866231	ACC	16.637297	-2.7631118	-3.99063
727866240	ACC	16.52244	-3.4283166	-3.7896328
727866250	ACC	16.618153	-3.9595232	-3.8853457
727866259	ACC	16.646868	-4.366303	-4.1629133
727866269	ACC	16.41237	-4.6821556	-4.555336
727866278	ACC	15.598811	-4.801797	-5.000401
727866288	ACC	14.713467	-5.0362935	-5.110471
727866297	ACC	13.88555	-5.2516475	-4.785047
727866307	ACC	12.933207	-5.151149	-4.406981
727866316	ACC	12.081362	-5.074579	-4.36391
727866326	ACC	11.4496565	-5.0697927	-4.5744786
727866335	ACC	10.990234	-5.0937214	-4.866403
727866345	ACC	10.564312	-5.0697927	-5.191827
727866354	ACC	10.334601	-4.935795	-5.5316076
727866364	ACC	10.07139	-4.7491546	-5.6703916
727866373	ACC	9.678967	-4.730012	-5.7230334
727866383	ACC	9.099904	-4.8879385	-5.684748
727866392	ACC	8.248059	-5.0889354	-5.502894
727866402	ACC	7.2382884	-5.3569317	-5.2348976
727866411	ACC	6.1471615	-5.6823554	-4.895117
727866421	ACC	5.032106	-5.97428	-4.4117665
727866430	ACC	4.0941195	-6.16092	-3.799204
727866440	ACC	3.3619158	-6.2327046	-3.2297122
727866449	ACC	2.9072795	-6.1944194	-2.722434
727866459	ACC	2.8019953	-6.093921	-2.4448664
727866468	ACC	3.0269206	-5.998208	-2.4017956
727866478	ACC	3.4289148	-6.079564	-2.6075785
727866487	ACC	3.859623	-6.2231336	-2.7655048
727866497	ACC	4.0414777	-6.366703	-2.8899314
727866506	ACC	4.074977	-6.9744797	-2.7032914
727866516	ACC	3.9553359	-7.811968	-2.7176483
727866525	ACC	3.2805598	-8.151749	-2.4305096
727866535	ACC	2.778067	-8.759525	-2.248655
727866544	ACC	2.2085752	-9.386445	-2.2342982
727866554	ACC	1.5672989	-9.568299	-2.6267211
727866563	ACC	1.0887343	-9.376874	-3.1722846
727866573	ACC	1.0169497	-9.171091	-3.7561333
727866582	ACC	1.1700903	-8.654242	-3.8853457
727866592	ACC	2.1176481	-8.257032	-4.1629133
727866601	ACC	3.7304106	-7.8646097	-4.5170507
727866611	ACC	5.534599	-7.390831	-4.7898326
727866620	ACC	7.1856465	-6.9170523	-4.746762
727866630	ACC	8.516056	-6.663413	-4.6654058
727866639	ACC	9.104691	-6.5342007	-4.818547
727866649	ACC	8.95155	-6.443273	-4.8472605
727866658	ACC	8.678768	-6.515058	-4.5601215
727866668	ACC	8.592627	-6.5868425	-4.124628
727866677	ACC	9.229117	-6.8261247	-3.5216367
727866687	ACC	10.310673	-7.1419773	-2.9138598
727866696	ACC	11.760723	-7.467401	-2.3300111
727866706	ACC	13.134204	-7.582257	-1.5690935
727866715	ACC	14.502898	-7.4195447	-0.97567344
727866725	ACC	15.785451	-7.1659055	-1.1288141
727866734	ACC	16.66601	-6.7686973	-1.8514465
727866744	ACC	16.924435	-6.256633	-2.9569306
727866753	ACC	16.823936	-5.514858	-4.2969112
727866763	ACC	16.584654	-4.8735814	-5.6560345
727866772	ACC	16.661224	-4.49073	-6.6801624
727866782	ACC	17.51307	-3.9738803	-6.622735
727866791	ACC	19.3029	-3.2703903	-5.9192452
727866801	ACC	21.212372	-2.265405	-5.4646087
727866810	ACC	22.805992	-0.7052845	-4.8137608
727866820	ACC	23.834906	1.2807583	-3.9571304
727866829	ACC	23.992832	3.4630125	-3.9954157
727866839	ACC	23.509483	5.4777694	-4.976473
727866848	ACC	22.748566	7.090532	-5.8426747
727866858	ACC	21.580868	8.363513	-6.282954
727866867	ACC	20.470598	8.837293	-5.857032
727866877	ACC	19.3699	8.569296	-4.406981
727866886	ACC	18.398413	7.8945203	-2.3012972
727866896	ACC	17.249859	7.2341013	-0.32961133
727866905	ACC	15.388243	6.722037	1.2496517
727866915	ACC	13.18206	6.2291155	2.3024936
727866924	ACC	11.349157	5.697909	2.8719854
727866934	ACC	10.281959	5.0709896	3.283551
727866943	ACC	10.033105	4.511069	3.3314073
727866953	ACC	10.607383	3.8027935	2.728416
727866962	ACC	11.602797	3.2333016	1.9004993
727866972	ACC	12.406785	2.8600214	1.0486546
727866981	ACC	13.129417	2.5633113	0.2111666
727866991	ACC	13.746766	2.295315	-0.6693921
727867000	ACC	14.163117	2.0895324	-1.736591
727867010	ACC	14.746966	1.8215362	-2.6793633
727867019	ACC	15.560526	1.7401803	-3.464209
727867029	ACC	16.675581	1.486541	-4.301697
727867038	ACC	18.144773	1.1036894	-4.7659044
727867048	ACC	19.52304	0.6442675	-5.0482574
727867057	ACC	20.3366	0.17048861	-5.321039
727867067	ACC	20.279171	-0.25543383	-5.689534
727867076	ACC	19.642681	-0.67178494	-5.77089
727867086	ACC	18.848265	-1.3274183	-5.727819
727867095	ACC	18.063417	-1.9304097	-5.66082
727867105	ACC	17.331215	-2.6195426	-5.5459647
727867114	ACC	16.603796	-3.3038898	-5.512465
727867124	ACC	15.823736	-3.8446677	-5.4502516
727867133	ACC	14.986248	-4.2945185	-5.392824
727867143	ACC	14.129618	-4.71087	-5.321039
727867152	ACC	13.167703	-4.9453664	-5.340182
727867162	ACC	12.51207	-5.112864	-5.230112
727867171	ACC	12.234502	-5.404788	-5.1439705
727867181	ACC	11.612369	-5.577071	-5.110471
727867190	ACC	10.750952	-5.9120665	-5.263612
727867200	ACC	9.899107	-6.486344	-5.5316076
727867209	ACC	8.779266	-6.8596244	-5.4502516
727867219	ACC	7.405786	-7.036693	-5.172684
727867228	ACC	6.161518	-7.2137623	-4.9381876
727867238	ACC	5.089534	-7.3142605	-4.6175494
727867247	ACC	4.141976	-7.2472615	-4.301697
727867256	ACC	3.400201	-7.1132636	-3.8901315
727867266	ACC	2.8881369	-6.902695	-3.4929228
727867275	ACC	2.644069	-6.7112694	-3.1962128
727867285	ACC	2.6392834	-6.7639112	-2.9952157
727867294	ACC	2.9120653	-6.8979096	-2.8229325
727867304	ACC	3.5006995	-7.146763	-2.842075
727867313	ACC	4.1515474	-7.467401	-2.8947172
727867323	ACC	3.8500516	-7.228119	-2.4735804
727867332	ACC	3.4911282	-7.591828	-2.7415764
727867342	ACC	2.333002	-7.5200434	-3.0670004
727867351	ACC	1.2179468	-7.582257	-3.0909286
727867361	ACC	0.54317075	-7.6827555	-2.545365
727867370	ACC	0.15553348	-7.744969	-1.9088743
727867380	ACC	0.15074782	-7.912466	-1.655235
727867389	ACC	0.7393822	-8.142178	-1.7078772
727867399	ACC	1.7922242	-8.233105	-1.7413766
727867408	ACC	2.9120653	-8.257032	-1.966302
727867418	ACC	4.1850467	-8.175676	-2.6267211
727867427	ACC	5.6303115	-7.998608	-3.531208
727867437	ACC	6.2141604	-7.1228347	-3.9427736
727867446	ACC	7.372287	-7.16112	-4.502694
727867456	ACC	6.8985076	-6.1417775	-5.172684
727867465	ACC	7.233503	-6.2374907	-5.933602
727867475	ACC	7.367501	-5.89771	-5.8283176
727867484	ACC	8.233703	-6.093921	-5.139185
727867494	ACC	9.071191	-5.89771	-3.8901315
727867503	ACC	10.707881	-6.486344	-3.2392836
727867513	ACC	13.205988	-6.7686973	-2.5357938
727867522	ACC	15.847665	-6.0843496	-2.7511477
727867532	ACC	18.551554	-4.9262238	-3.502494
727867541	ACC	20.461027	-3.3804603	-4.612764
727867551	ACC	21.41337	-2.184049	-6.0771713
727867560	ACC	21.34637	-1.2699906	-7.187441
727867570	ACC	20.882164	-0.1788635	-7.7904325
727867579	ACC	20.001604	1.0319048	-8.106285
727867589	ACC	18.618553	1.8215362	-8.249854
727867598	ACC	17.704494	1.5296118	-7.326225
727867608	ACC	17.091932	1.2233306	-4.512265
727867617	ACC	16.383657	1.8502501	-1.2197413
727867627	ACC	16.307087	2.6685956	1.0199406
727867636	ACC	16.091732	3.295515	1.6995022
727867646	ACC	15.282958	4.013362	1.1108679
727867655	ACC	14.421542	4.731209	0.05802595
727867665	ACC	14.000405	5.4634123	-1.1383854
727867674	ACC	13.837693	6.6741805	-2.277369
727867684	ACC	14.6129675	7.841878	-3.1339993
727867693	ACC	15.661024	8.904291	-3.4354951
727867703	ACC	16.302301	9.765707	-3.2249267
727867712	ACC	16.73301	10.249058	-3.033501
727867722	ACC	16.656439	10.584053	-3.0957143
727867731	ACC	16.2688	10.899905	-3.3780673
727867741	ACC	15.66581	10.789836	-3.626921
727867750	ACC	14.823536	10.215558	-3.894917
727867760	ACC	14.1726885	9.354142	-3.6556349
727867769	ACC	13.411771	8.56451	-2.7655048
727867779	ACC	12.626925	7.760522	-1.6791633
727867788	ACC	12.268002	6.9326053	-1.090529
727867798	ACC	12.430714	6.0568323	-0.98524475
727867807	ACC	13.167703	5.152345	-0.94695956
727867817	ACC	14.187045	4.386642	-0.927817
727867826	ACC	15.158531	3.5443685	-1.1766706
727867836	ACC	15.589239	2.9126635	-1.7078772
727867845	ACC	15.991234	2.0033908	-2.4592235
727867855	ACC	16.235302	1.2951152	-3.167499
727867864	ACC	16.637297	0.4336991	-3.6604204
727867874	ACC	17.235502	-0.44207397	-4.0145583
727867883	ACC	17.934206	-1.1694921	-4.1964126
727867893	ACC	18.283558	-1.8299111	-4.406981
727867902	ACC	18.297915	-2.4329023	-4.488337
727867912	ACC	18.163918	-2.8492537	-4.406981
727867921	ACC	18.015562	-3.2656047	-4.301697
727867931	ACC	17.986847	-3.758526	-4.3495536
727867940	ACC	17.690138	-4.1030927	-4.2442694
727867950	ACC	16.977077	-4.313661	-4.124628
727867959	ACC	16.163517	-4.505087	-4.110271
727867969	ACC	15.321243	-4.667799	-4.043272
727867978	ACC	14.584254	-4.78744	-4.0911283
727867988	ACC	13.789837	-4.840082	-4.2107697
727867997	ACC	12.847065	-4.758726	-4.3112683
727868007	ACC	11.760723	-4.514658	-4.301697
727868016	ACC	10.597812	-4.2801614	-4.1198425
727868026	ACC	9.449257	-4.074379	-3.7944186
727868035	ACC	8.377272	-3.882953	-3.4019957
727868045	ACC	7.3770723	-3.6915271	-2.870789
727868054	ACC	6.7022963	-3.8638103	-2.3347967
727868064	ACC	6.2668023	-4.2275195	-1.7844474
727868073	ACC	5.721239	-4.3519464	-1.3393825
727868083	ACC	5.103891	-4.2801614	-1.1335998
727868092	ACC	4.6205406	-4.19402	-1.1814562
727868102	ACC	4.386044	-4.284947	-1.4973087
727868111	ACC	4.0271206	-4.136592	-1.9519451
727868121	ACC	2.9982069	-3.2177482	-1.7557336
727868130	ACC	3.5389848	-4.1126637	-2.5310082
727868140	ACC	3.0699914	-4.265805	-2.6171498
727868149	ACC	1.8687944	-3.8733816	-2.114657
727868159	ACC	1.3136597	-3.9882371	-1.1718849
727868168	ACC	1.2227324	-4.8448677	-1.2053844
727868178	ACC	0.99302137	-5.352146	-0.6646065
727868187	ACC	0.61016977	-5.4813585	-0.1381855
727868197	ACC	0.60059845	-5.7062836	0.2111666
727868206	ACC	0.64845496	-5.701498	0.503091
727868216	ACC	0.8350951	-5.529215	0.651446
727868225	ACC	1.4189439	-5.725426	0.33080772
727868235	ACC	2.132005	-5.878567	-0.28175488
727868244	ACC	2.902494	-5.8833528	-1.0378869
727868254	ACC	3.8548372	-5.620142	-1.7653049
727868263	ACC	4.883751	-5.2516475	-2.411367
727868273	ACC	5.749953	-4.9022956	-2.9856443
727868282	ACC	6.2237315	-4.557729	-3.3684962
727868292	ACC	6.65444	-4.3998027	-3.7226338
727868301	ACC	7.190432	-4.423731	-3.952345
727868311	ACC	7.7742805	-4.5673003	-3.9667017
727868320	ACC	8.334201	-4.825725	-3.976273
727868330	ACC	8.865408	-5.0602217	-4.0145583
727868339	ACC	9.473185	-5.2181478	-4.0767717
727868349	ACC	10.425529	-5.246862	-3.8614175
727868358	ACC	11.913864	-5.213362	-3.9188452
727868367	ACC	13.3639145	-5.1463633	-4.301697
727868377	ACC	14.426328	-5.0362935	-4.6558347
727868386	ACC	15.201602	-4.840082	-5.0195436
727868396	ACC	15.560526	-4.6007996	-5.354539
727868405	ACC	15.885949	-4.390231	-5.6799626
727868415	ACC	16.41237	-4.3040895	-5.8283176
727868424	ACC	16.47937	-3.9786658	-5.7230334
727868434	ACC	16.067804	-3.586243	-5.703891
727868443	ACC	15.4313135	-3.2703903	-5.7613187
727868453	ACC	15.192031	-3.2368908	-5.5986066
727868462	ACC	14.986248	-3.0215368	-5.0051866
727868472	ACC	15.03889	-2.6721847	-4.301697
727868481	ACC	14.976677	-2.3515465	-3.8805602
727868491	ACC	15.21596	-2.265405	-3.6460636
727868500	ACC	15.637096	-2.1649063	-3.0478578
727868510	ACC	15.780665	-1.5810575	-2.3778675
727868519	ACC	15.900307	-0.69092757	-1.9854445
727868529	ACC	16.043877	0.07956135	-1.9950159
727868538	ACC	15.9433775	0.8452646	-2.464009
727868548	ACC	15.780665	1.4099708	-3.330211
727868557	ACC	15.536597	1.9220347	-4.004987
727868567	ACC	15.177674	2.5202405	-4.134199
727868576	ACC	14.785251	2.8600214	-4.1868415
727868586	ACC	14.545969	2.8935208	-4.3351965
727868595	ACC	14.732609	2.6638098	-4.2299123
727868605	ACC	15.086747	2.4388845	-3.8135612
727868614	ACC	15.292529	2.376671	-3.3637104
727868624	ACC	15.407385	2.2618155	-3.0095727
727868633	ACC	15.527026	2.0751755	-3.0000014
727868643	ACC	15.503098	1.797608	-3.2392836
727868652	ACC	15.488741	1.5248263	-3.5216367
727868662	ACC	15.589239	1.352543	-3.6556349
727868671	ACC	15.680167	1.2520444	-3.7178483
727868681	ACC	15.924234	1.2281163	-3.7800615
727868690	ACC	16.331015	1.2424731	-3.8853457
727868700	ACC	16.761723	1.3286148	-3.9284165
727868709	ACC	17.135002	1.4626129	-4.1007
727868719	ACC	17.465212	1.5104693	-4.406981
727868728	ACC	17.680567	1.4530416	-4.7419763
727868738	ACC	17.824137	1.2807583	-4.962116
727868747	ACC	17.943777	1.0749756	-4.8376894
727868757	ACC	17.876778	0.8021938	-4.3878384
727868766	ACC	17.833708	0.38584265	-3.7944186
727868776	ACC	17.91985	-0.12622139	-3.263212
727868785	ACC	17.99642	-0.72442704	-2.8133612
727868795	ACC	18.034704	-1.3944174	-2.4831517
727868804	ACC	17.838493	-1.9543378	-2.2151556
727868814	ACC	17.407785	-2.385046	-2.1385853
727868823	ACC	16.847864	-2.7966115	-2.411367
727868833	ACC	16.369299	-3.1794631	-2.789433
727868842	ACC	15.933806	-3.6340995	-3.0382864
727868852	ACC	15.541383	-4.0121655	-3.1962128
727868861	ACC	15.034104	-4.4285164	-3.4881372
727868871	ACC	14.550755	-4.8879385	-3.8327036
727868880	ACC	14.057833	-5.2420764	-3.8183467
727868890	ACC	13.426127	-5.543572	-3.6747773
727868899	ACC	12.6987095	-5.758926	-3.598207
727868909	ACC	11.942577	-5.9838514	-3.5359936
727868918	ACC	11.148161	-6.1322064	-3.3445678
727868928	ACC	10.320244	-6.108278	-3.1483564
727868937	ACC	9.564112	-6.0747786	-3.1052856
727868947	ACC	9.114262	-6.2901325	-3.1770704
727868956	ACC	8.922835	-6.625128	-3.2871401
727868966	ACC	8.721839	-6.8404818	-3.2919257
727868975	ACC	8.482556	-6.984051	-3.2679975
727868985	ACC	8.209774	-7.175477	-3.3062828
727868994	ACC	7.8699937	-7.3286176	-3.3589249
727869004	ACC	7.4010005	-7.390831	-3.3062828
727869013	ACC	6.8075805	-7.5583286	-3.301497
727869023	ACC	5.994021	-7.821539	-3.315854
727869032	ACC	5.0368915	-7.998608	-3.2488549
727869042	ACC	3.8356948	-8.056036	-3.2201412
727869051	ACC	2.6105695	-8.137392	-3.3445678
727869061	ACC	1.4093726	-8.16132	-3.382853
727869070	ACC	0.27517462	-8.065607	-3.2153554
727869080	ACC	-0.77766734	-7.960323	-2.9712875
727869089	ACC	-1.375873	-7.711469	-2.6315067
727869099	ACC	-1.5672989	-7.3812594	-2.1529422
727869108	ACC	-1.5002998	-7.132406	-1.7557336
727869118	ACC	-0.74895346	-6.988837	-1.535594
727869127	ACC	0.18903299	-6.8979096	-1.4063815
727869137	ACC	1.0743774	-6.83091	-1.2053844
727869146	ACC	2.4095724	-7.2233334	-1.6217356
727869156	ACC	3.0843484	-6.7112694	-1.9184456
727869165	ACC	3.8069808	-6.2470617	-2.033301
727869175	ACC	4.5678983	-5.9551373	-2.1242282
727869184	ACC	5.2905307	-5.758926	-2.3635106
727869194	ACC	6.0801625	-5.529215	-2.9282167
727869203	ACC	6.8602223	-5.1607203	-3.545565
727869213	ACC	7.4105716	-4.854439	-4.215555
727869222	ACC	7.989635	-4.639085	-4.703691
727869232	ACC	8.827123	-4.5003014	-4.99083
727869241	ACC	9.516255	-4.241876	-5.2827544
727869251	ACC	10.085748	-4.0408792	-5.502894
727869260	ACC	10.439885	-3.9260237	-5.742176
727869270	ACC	10.741381	-3.9116669	-5.837889
727869279	ACC	11.114661	-3.868596	-5.6560345
727869289	ACC	11.272588	-3.6915271	-5.230112
727869298	ACC	11.420942	-3.667599	-4.7946186
727869308	ACC	11.880364	-3.8781674	-4.4979086
727869317	ACC	12.736995	-4.107878	-4.4117665
727869327	ACC	13.919049	-4.256233	-4.3926244
727869336	ACC	15.010177	-4.275376	-4.6654058
727869346	ACC	15.895521	-4.265805	-5.2923255
727869355	ACC	16.484156	-4.1988053	-6.1010995
727869365	ACC	16.728224	-4.002594	-6.732805
727869374	ACC	16.953148	-3.7010984	-7.134799
727869384	ACC	17.58964	-3.4666018	-7.512865
727869393	ACC	18.470198	-3.1507492	-7.8909307
727869403	ACC	19.101904	-2.6961129	-8.106285
727869412	ACC	19.441685	-2.1361923	-7.9722867
727869422	ACC	19.738394	-1.3417753	-7.225726
727869431	ACC	19.82932	-0.31764722	-6.163313
727869441	ACC	19.613968	0.907478	-5.2348976
727869450	ACC	19.3699	2.0416758	-4.875974
727869460	ACC	19.068403	3.0610185	-5.239683
727869469	ACC	18.675982	3.9511483	-5.9192452
727869479	ACC	18.2357	4.697709	-6.699305
727869488	ACC	17.814564	5.243273	-7.1635127
727869498	ACC	17.479568	5.4873405	-7.0151577
727869507	ACC	17.173288	5.492126	-6.220741
727869516	ACC	16.694723	5.386842	-5.172684
727869526	ACC	15.938592	5.2289157	-4.1007
727869535	ACC	14.928821	5.027919	-3.234498
727869545	ACC	13.88555	4.8269215	-2.5262225
727869554	ACC	13.057633	4.616353	-1.9184456
727869564	ACC	12.4115715	4.453641	-1.5403795
727869573	ACC	12.143575	4.3148575	-1.3202399
727869583	ACC	12.095718	4.0612183	-1.3106686
727869592	ACC	12.459428	3.687938	-1.2867404
727869602	ACC	13.000205	3.3816566	-1.2532408
727869611	ACC	13.2203455	3.2333016	-1.2340983
727869621	ACC	13.325629	2.9270203	-1.5308083
727869630	ACC	13.636696	2.4675984	-1.9280169
727869640	ACC	14.053047	1.9842482	-2.1864417
727869649	ACC	14.364115	1.5343975	-2.5549364
727869659	ACC	14.584254	1.0606186	-3.0095727
727869668	ACC	14.895321	0.5389833	-3.39721
727869678	ACC	15.163317	-0.0017946169	-3.9332023
727869687	ACC	15.85245	-0.77706915	-4.2538404
727869697	ACC	16.508083	-1.4279169	-4.3782673
727869706	ACC	16.92922	-2.021337	-4.612764
727869716	ACC	17.11586	-2.6578279	-5.0674
727869725	ACC	17.431713	-3.5336008	-5.4167523
727869735	ACC	17.541782	-4.2370906	-5.8187466
727869744	ACC	17.647066	-4.964509	-6.282954
727869754	ACC	17.718851	-5.8307104	-6.326025
727869763	ACC	17.269001	-6.409774	-6.096314
727869773	ACC	16.637297	-7.0558357	-5.981458
727869782	ACC	15.680167	-7.6540413	-5.512465
727869792	ACC	14.263616	-8.065607	-4.9142594
727869801	ACC	12.689138	-8.352746	-4.7515473
727869811	ACC	11.301301	-8.630313	-4.947759
727869820	ACC	9.95175	-8.702098	-5.3162537
727869830	ACC	8.693125	-8.587242	-5.6703916
727869839	ACC	7.4584284	-8.381459	-5.77089
727869849	ACC	6.3338017	-8.070393	-5.6799626
727869858	ACC	5.24746	-7.6779695	-5.4646087
727869868	ACC	4.2329035	-7.256833	-5.105685
727869877	ACC	3.3140593	-6.850053	-4.6414776
727869887	ACC	2.4670002	-6.4384875	-4.0384865
727869896	ACC	1.8257236	-6.0077796	-3.4737802
727869906	ACC	1.5768701	-5.797211	-2.8660033
727869915	ACC	1.4333007	-5.5866427	-2.344368
727869925	ACC	1.3328022	-5.404788	-2.0428724
727869934	ACC	1.1222339	-5.4143596	-1.9136599
727869944	ACC	0.7106683	-5.3090754	-1.9998015
727869953	ACC	-0.54317075	-4.653442	-1.521237
727869963	ACC	-0.37088752	-5.299504	-1.090529
727869972	ACC	-0.7680961	-5.0793643	-0.55453664
727869982	ACC	-1.1700903	-4.883153	-0.037686955
727869991	ACC	-0.9164511	-4.959723	0.48394838
727870001	ACC	-0.60059845	-4.691727	1.0630114
727870010	ACC	0.25124636	-4.8496532	1.3310076
727870020	ACC	1.4476577	-5.002794	1.1539388
727870029	ACC	2.4239295	-4.7730827	0.76630145
727870039	ACC	3.2279177	-4.438088	0.2973082
727870048	ACC	4.132405	-4.241876	-0.31046873
727870058	ACC	5.1182475	-4.1605206	-0.8847462
727870067	ACC	5.9030933	-4.074379	-1.4494523
727870077	ACC	6.463014	-3.9738803	-2.033301
727870086	ACC	6.6975107	-3.8973098	-2.6793633
727870096	ACC	6.826723	-3.8446677	-2.9330025
727870105	ACC	7.0085773	-3.7010984	-2.9808588
727870115	ACC	7.702496	-3.6005998	-2.9569306
727870124	ACC	9.439685	-3.8398821	-2.885146
727870134	ACC	11.3778715	-3.9260237	-2.937788
727870143	ACC	12.966706	-3.9834516	-3.167499
727870153	ACC	14.22533	-4.241876	-3.3876386
727870162	ACC	14.952748	-4.653442	-3.5359936
727870172	ACC	15.2781725	-5.0506506	-3.6173496
727870181	ACC	15.168102	-5.2947183	-3.760919
727870191	ACC	15.158531	-5.6057854	-4.057629
727870200	ACC	15.297316	-5.998208	-4.555336
727870210	ACC	15.689738	-6.3332033	-4.9429736
727870219	ACC	16.21616	-6.5724854	-5.1678987
727870229	ACC	16.843079	-6.7208405	-5.4646087
727870238	ACC	18.125631	-6.716055	-5.8474603
727870248	ACC	19.877178	-6.6777697	-6.1250277
727870257	ACC	21.332014	-6.309275	-6.426523
727870267	ACC	21.777079	-5.361717	-6.5078793
727870276	ACC	21.245872	-4.1844487	-6.259026
727870286	ACC	19.97289	-3.0550363	-5.7134624
727870295	ACC	18.37927	-2.0835502	-4.88076
727870305	ACC	16.895721	-1.1886346	-3.9810586
727870314	ACC	16.000805	-0.31764722	-3.1339993
727870324	ACC	16.173088	0.5341976	-2.4017956
727870333	ACC	16.900507	1.6731812	-2.114657
727870343	ACC	17.517855	2.8839495	-2.4065814
727870352	ACC	18.197416	3.7453656	-3.2488549
727870362	ACC	18.900906	4.4057846	-4.215555
727870371	ACC	18.89612	5.027919	-4.8616176
727870381	ACC	17.958134	5.4729834	-5.014758
727870390	ACC	16.45544	5.506483	-4.7371907
727870400	ACC	14.828321	5.1619167	-4.0911283
727870409	ACC	13.196417	4.70728	-3.2201412
727870419	ACC	11.827723	4.228716	-2.2151556
727870428	ACC	10.803595	3.6975093	-1.2149557
727870438	ACC	10.095319	3.2333016	-0.27696922
727870447	ACC	9.698111	2.8839495	0.18723837
727870457	ACC	9.741181	2.6063821	0.4743771
727870466	ACC	10.147961	2.3192434	0.5605187
727870476	ACC	10.794023	1.9651057	0.28295127
727870485	ACC	11.507084	1.6683956	-0.13339986
727870495	ACC	12.248859	1.3429717	-0.47318068
727870504	ACC	12.904492	1.1850454	-0.68853474
727870514	ACC	13.598412	1.0654043	-0.95653087
727870523	ACC	14.579469	0.82612205	-1.2867404
727870533	ACC	15.986448	0.43848476	-1.669592
727870542	ACC	17.871992	0.026919255	-2.114657
727870552	ACC	19.805393	-0.39900318	-2.7272196
727870561	ACC	21.48994	-0.92542416	-3.5934215
727870571	ACC	22.470997	-1.3992031	-4.339982
727870580	ACC	22.887348	-1.805983	-4.6462636
727870590	ACC	22.753351	-2.1601207	-4.727619
727870599	ACC	22.604996	-2.7439694	-4.761119
727870609	ACC	22.451855	-3.3852458	-4.69412
727870618	ACC	22.274786	-4.0648074	-4.5266223
727870628	ACC	21.872791	-4.686941	-4.3351965
727870637	ACC	21.11666	-5.313861	-4.3878384
727870647	ACC	20.102102	-5.9024954	-4.6175494
727870656	ACC	18.675982	-6.2757754	-4.8711886
727870666	ACC	17.101503	-6.476773	-5.163113
727870675	ACC	15.699309	-6.701698	-5.1966124
727870685	ACC	14.340186	-6.83091	-4.9860444
727870694	ACC	13.076776	-6.945766	-4.6989055
727870703	ACC	11.875579	-7.108478	-4.4261236
727870713	ACC	10.73181	-7.295118	-4.0624146
727870722	ACC	9.47797	-7.433902	-3.6747773
727870732	ACC	8.252846	-7.64447	-3.301497
727870741	ACC	7.075577	-7.9555373	-2.9473593
727870751	ACC	5.773881	-8.1230345	-2.464009
727870760	ACC	4.347759	-8.137392	-1.9902302
727870770	ACC	3.0604203	-8.041678	-1.5260227
727870779	ACC	2.0315065	-7.835896	-1.0378869
727870789	ACC	1.2418749	-7.5774713	-0.59282184
727870798	ACC	0.78723866	-7.400402	-0.30089745
727870808	ACC	0.5096712	-7.2903323	-0.20997019
727870817	ACC	0.14117654	-7.2472615	-0.26739794
727870827	ACC	-0.1794617	-7.185048	-0.401396
727870836	ACC	-0.46660042	-7.1228347	-0.6119644
727870846	ACC	-0.86859465	-7.0319076	-0.84167534
727870855	ACC	-1.2705889	-6.878767	-1.1096715
727870865	ACC	-1.5864414	-6.7591257	-1.3680964
727870874	ACC	-1.7156538	-6.5964136	-1.521237
727870884	ACC	-1.672583	-6.4528446	-1.6265212
727870893	ACC	-1.3567305	-6.318846	-1.6648064
727870903	ACC	-0.83988076	-6.203991	-1.521237
727870912	ACC	-0.24646074	-6.1513486	-1.2771691
727870922	ACC	0.45702913	-6.1944194	-1.0666007
727870931	ACC	1.442872	-6.3571315	-0.8991031
727870941	ACC	2.5339992	-6.352346	-0.6263213
727870950	ACC	4.2520456	-6.9074807	-0.631107
727870960	ACC	4.9938207	-6.649056	-0.86560357
727870969	ACC	5.749953	-6.6107707	-1.4877375
727870979	ACC	6.3338017	-6.5198436	-2.2677977
727870988	ACC	6.530013	-6.242276	-2.99043
727870998	ACC	7.018149	-6.3332033	-3.7848473
727871007	ACC	8.353344	-6.4002023	-4.354339
727871017	ACC	10.277173	-5.7349977	-4.6654058
727871026	ACC	13.167703	-4.9692945	-5.0530434
727871036	ACC	15.570097	-4.6438704	-4.66062
727871045	ACC	18.082561	-5.4574304	-3.8757744
727871055	ACC	19.55654	-5.189434	-3.4402807
727871064	ACC	19.982462	-4.7252264	-3.315854
727871074	ACC	19.575682	-4.08395	-3.760919
727871083	ACC	18.805193	-3.3804603	-4.636692
727871093	ACC	17.733208	-2.9545379	-5.617749
727871102	ACC	16.847864	-2.7631118	-6.3882384
727871112	ACC	15.890736	-2.5477579	-6.809375
727871121	ACC	15.14896	-2.4041886	-6.732805
727871131	ACC	14.809179	-2.41376	-6.0915284
727871140	ACC	15.048462	-2.519044	-4.7946186
727871150	ACC	15.828522	-2.5956144	-3.3684962
727871159	ACC	16.32623	-2.4903302	-2.2534406
727871169	ACC	16.81915	-2.11705	-1.3489537
727871178	ACC	17.32643	-1.4374882	-0.779462
727871188	ACC	17.99642	-0.5808577	-0.9804591
727871197	ACC	18.149559	0.5341976	-2.076372
727871207	ACC	17.828922	1.5678971	-3.39721
727871216	ACC	17.508284	2.5489542	-4.2777686
727871226	ACC	17.22593	3.4390843	-4.7419763
727871235	ACC	16.924435	4.104289	-5.072186
727871245	ACC	16.737795	4.5206404	-5.354539
727871254	ACC	16.383657	4.6642094	-5.354539
727871264	ACC	15.804593	4.362714	-5.072186
727871273	ACC	14.938392	3.754937	-4.727619
727871283	ACC	13.976477	2.9653056	-4.330411
727871292	ACC	13.03849	2.0751755	-3.2871401
727871302	ACC	12.339787	1.1515459	-1.7892331
727871311	ACC	11.7463665	0.3044867	-0.5162515
727871321	ACC	11.416157	-0.44207397	-0.25782663
727871330	ACC	11.598011	-1.035494	-0.5306084
727871340	ACC	12.1866455	-1.4518452	-0.93260264
727871349	ACC	13.143775	-1.8586249	-1.6743777
727871359	ACC	14.25883	-2.3467607	-2.4496522
727871368	ACC	15.177674	-2.8396823	-3.2919257
727871378	ACC	15.890736	-3.1746774	-4.2203407
727871387	ACC	16.512869	-3.4761732	-5.000401
727871397	ACC	16.948362	-3.6245282	-5.3736815
727871406	ACC	17.264215	-3.638885	-5.4406805
727871416	ACC	17.44607	-3.6484563	-5.5076795
727871425	ACC	17.556139	-3.6628132	-5.368896
727871435	ACC	17.388641	-3.7106698	-5.172684
727871444	ACC	16.99622	-3.8111682	-4.9046884
727871454	ACC	16.503298	-3.7680974	-4.545765
727871463	ACC	16.283157	-3.9020956	-4.148556
727871473	ACC	16.220945	-4.0552363	-3.7944186
727871482	ACC	15.919449	-4.0552363	-3.449852
727871492	ACC	15.393028	-3.949952	-3.2871401
727871501	ACC	14.66561	-3.8303108	-3.2584262
727871511	ACC	13.919049	-3.6723845	-3.2105699
727871520	ACC	13.277773	-3.49053	-3.0622149
727871530	ACC	12.937992	-3.3804603	-2.8755746
727871539	ACC	12.454642	-3.1986058	-2.6267211
727871549	ACC	11.770294	-3.0550363	-2.3922246
727871558	ACC	11.114661	-2.978466	-2.1194427
727871568	ACC	10.564312	-2.8923244	-1.7126628
727871577	ACC	9.994821	-2.7678976	-1.4063815
727871587	ACC	9.3104725	-2.5525436	-1.358525
727871596	ACC	8.822337	-2.370689	-1.602593
727871606	ACC	8.549556	-2.236691	-1.8945173
727871615	ACC	8.535198	-2.0979073	-2.2103698
727871625	ACC	8.774481	-2.1649063	-2.5549364
727871634	ACC	8.865408	-2.3898315	-2.4879375
727871644	ACC	8.841479	-2.3946173	-2.2917259
727871653	ACC	8.73141	-2.289333	-2.018944
727871663	ACC	8.453842	-2.4855444	-1.6313069
727871672	ACC	7.8173513	-2.2941186	-1.4829519
727871682	ACC	6.7262244	-1.7676977	0.029312078
727871691	ACC	6.745367	-1.925624	0.081954174
727871701	ACC	6.9224358	-1.8155541	-0.65982085
727871710	ACC	6.9894347	-1.9208384	0.25902304
727871720	ACC	6.8650084	-1.7724833	0.40737805
727871729	ACC	6.640083	-1.5427724	0.40737805
727871739	ACC	6.161518	-1.628914	0.7423732
727871748	ACC	5.6733823	-1.2987045	1.3549358
727871758	ACC	5.352744	-0.95413804	1.6947167
727871767	ACC	5.285745	-1.3226327	2.1110678
727871777	ACC	5.1469617	-1.4422739	3.039483
727871786	ACC	4.5822554	-0.8967103	3.7621155
727871796	ACC	4.362116	-0.3080759	4.336393
727871805	ACC	4.6636114	-0.064008005	4.7048874
727871815	ACC	5.1661043	0.13220344	5.049454
727871824	ACC	5.477171	0.3906283	5.389235
727871834	ACC	5.3766723	0.7639086	5.6524453
727871843	ACC	6.204589	0.73519474	5.858228
727871853	ACC	5.749953	0.70648086	5.642874
727871862	ACC	5.505885	0.907478	5.872585
727871872	ACC	5.17089	1.0989038	6.322436
727871881	ACC	4.8933225	1.2089736	6.762715
727871891	ACC	4.84068	1.2903296	7.279565
727871900	ACC	4.9986067	1.4721842	7.42792
727871910	ACC	5.1613183	1.6109679	7.6863446
727871919	ACC	5.0656056	1.8215362	7.9016986
727871929	ACC	4.6205406	2.1996021	7.8107715
727871938	ACC	4.362116	2.4771698	7.6337023
727871948	ACC	4.223332	2.4245276	7.4039917
727871957	ACC	5.032106	2.3144577	7.528418
727871967	ACC	5.1852465	2.74038	6.9062843
727871976	ACC	5.056034	2.9222345	7.073782
727871985	ACC	5.304888	2.9509485	6.978069
727871995	ACC	4.6971107	2.888735	6.9206414
727872004	ACC	4.5152564	2.7834508	7.222137
727872014	ACC	4.4243293	2.4388845	7.9160557
727872023	ACC	3.888337	2.0991037	8.327621
727872033	ACC	3.3236306	1.8167506	8.605188
727872042	ACC	2.6919255	1.6109679	8.906684
727872052	ACC	2.3856442	1.4578272	9.260822
727872061	ACC	2.1894326	1.218545	9.744172
727872071	ACC	1.9501505	1.1036894	9.772886
727872080	ACC	1.7970098	1.0223335	9.859028
727872090	ACC	1.6534405	1.2089736	9.696316
727872099	ACC	1.6965113	1.4147564	9.222537
727872109	ACC	1.8927227	1.7353946	8.547761
727872118	ACC	2.3186452	2.0416758	7.7868433
727872128	ACC	2.8163524	2.3288147	7.3178496
727872137	ACC	3.1657043	2.5345974	6.963712
727872147	ACC	3.2997024	2.6159534	6.6765733
727872156	ACC	3.2422748	2.6829524	6.5904317
727872166	ACC	3.199204	2.7499514	6.8057857
727872175	ACC	3.1609187	2.6685956	7.2508507
727872185	ACC	2.8163524	2.4245276	7.8634133
727872194	ACC	2.333002	2.1661026	8.485547
727872204	ACC	1.835295	1.9076779	9.308679
727872213	ACC	1.4668003	2.0177476	10.337592
727872223	ACC	1.8017955	1.189831	9.705887
727872232	ACC	1.7443677	1.5822539	8.9928255
727872242	ACC	1.9740787	2.2139592	8.9928255
727872251	ACC	2.6823542	2.324029	8.820542
727872261	ACC	3.2709885	2.391028	8.65783
