727580789	ACC	1.1078769	1.8502501	11.682359
727580799	ACC	1.6103697	1.8454645	11.03151
727580808	ACC	1.6247265	1.8550358	9.519247
727580818	ACC	1.591227	1.9986051	8.763115
727580827	ACC	1.8257236	2.1804597	7.9686975
727580837	ACC	2.036292	2.1996021	7.198209
727580846	ACC	0.8781659	2.6925237	7.155138
727580856	ACC	0.7393822	3.2189445	7.72463
727580865	ACC	0.4331009	3.9224346	8.270193
727580874	ACC	0.37088752	4.094718	8.270193
727580884	ACC	0.5910272	3.510869	7.963912
727580893	ACC	0.8207382	2.8025935	7.667202
727580903	ACC	0.91166544	2.056033	7.643274
727580912	ACC	1.4763715	1.9076779	8.126624
727580922	ACC	2.5818555	2.012962	8.021339
727580931	ACC	2.376073	1.5487545	7.9160557
727580941	ACC	2.5674987	1.66361	8.715259
727580950	ACC	2.1942184	1.6444674	9.399606
727580960	ACC	1.5146568	1.5726827	9.906884
727580969	ACC	0.80159557	2.539383	8.8492565
727580979	ACC	-0.91166544	4.243073	9.418748
727580988	ACC	-1.0887343	5.2719865	10.256236
727580998	ACC	0.30867413	4.9082775	9.246465
727581007	ACC	0.7680961	4.994419	9.399606
727581017	ACC	1.5050855	4.7024946	8.648259
727581026	ACC	2.160719	4.362714	7.384849
727581036	ACC	2.806781	4.276572	6.494719
727581045	ACC	2.926422	4.6546383	6.1597238
727581055	ACC	2.792424	5.023133	5.5184474
727581064	ACC	2.8163524	5.1619167	4.64746
727581074	ACC	2.0745773	5.721837	2.5848467
727581083	ACC	1.4045869	6.4683976	3.0155547
727581093	ACC	0.9738788	5.4873405	4.9106703
727581102	ACC	0.54317075	4.4201417	5.896513
727581112	ACC	0.91166544	3.4151561	6.2554364
727581121	ACC	2.3569303	3.7453656	8.069196
727581131	ACC	2.5531418	3.9176488	9.787243
727581140	ACC	3.3762727	4.022933	10.739586
727581150	ACC	5.271388	3.9750767	10.983654
727581159	ACC	6.501299	3.6352959	10.380663
727581169	ACC	5.749953	3.8793638	9.385248
727581178	ACC	4.706682	4.214359	8.418549
727581188	ACC	3.9170506	4.156931	7.6193457
727581197	ACC	3.0460632	3.984648	7.2125654
727581207	ACC	2.7732813	3.9367914	6.734001
727581216	ACC	3.0125637	5.027919	6.8488564
727581226	ACC	4.089334	5.4442697	6.035297
727581235	ACC	5.1182475	4.9322057	5.260022
727581245	ACC	5.7116675	4.3244286	4.7336016
727581254	ACC	5.9030933	4.6211386	4.671388
727581264	ACC	6.0658054	4.4967117	5.264808
727581273	ACC	5.328816	3.8027935	5.489733
727581283	ACC	6.046663	2.85045	5.1068816
727581292	ACC	4.558327	2.7068806	5.432306
727581302	ACC	3.6490545	2.324029	5.6763735
727581311	ACC	3.682554	2.2187448	5.6093745
727581321	ACC	3.0699914	2.6446671	5.61416
727581330	ACC	2.57707	2.984448	5.5136614
727581340	ACC	2.5914268	2.7116663	4.896313
727581349	ACC	2.1894326	2.012962	4.5278187
727581359	ACC	2.9216363	0.82612205	4.05404
727581368	ACC	3.739982	-0.28414768	4.0683966
727581378	ACC	4.319045	-0.8679964	3.8051863
727581387	ACC	4.3334017	-1.0929217	3.3314073
727581397	ACC	3.8787656	-1.0259227	3.144767
727581406	ACC	3.6251264	-0.79142606	2.905485
727581416	ACC	4.1228333	-0.5617151	2.4412773
727581425	ACC	5.352744	-0.42771706	1.6755741
727581435	ACC	6.9942207	-0.25064817	0.6466603
727581444	ACC	8.659625	-0.16450655	-0.38703907
727581454	ACC	10.516456	-0.14057833	-0.9182457
727581463	ACC	11.880364	-0.064008005	-1.0953146
727581473	ACC	12.335001	-0.08315059	-0.90388876
727581482	ACC	12.162718	-0.18364914	-0.61675006
727581492	ACC	11.775081	-0.34157544	-0.008973085
727581501	ACC	11.712867	-0.5712864	0.96729857
727581511	ACC	11.564512	-0.8344969	2.3407788
727581520	ACC	10.932807	-0.97806627	3.4797623
727581530	ACC	10.473385	-0.9924232	4.1497526
727581539	ACC	10.281959	-1.0737791	4.4608197
727581549	ACC	10.253245	-1.183849	4.508676
727581558	ACC	10.47817	-1.1647065	4.336393
727581568	ACC	10.84188	-1.2269198	3.8817565
727581577	ACC	11.157732	-1.3657036	3.0346973
727581587	ACC	11.473584	-1.1599208	2.0871396
727581596	ACC	11.574083	-1.1120644	1.0630114
727581606	ACC	11.607583	-1.250848	0.12023934
727581615	ACC	11.511869	-1.346561	-0.62153566
727581625	ACC	11.358729	-1.4327025	-1.1910275
727581634	ACC	11.3778715	-1.5858432	-1.4925231
727581644	ACC	11.602797	-1.8107685	-1.5308083
727581653	ACC	11.669796	-1.8969102	-1.3106686
727581663	ACC	11.722438	-1.8921245	-1.0426725
727581672	ACC	11.827723	-1.911267	-0.75553375
727581682	ACC	12.167503	-1.9543378	-0.47318068
727581691	ACC	12.507284	-2.0548365	-0.23868406
727581701	ACC	12.622139	-2.00698	-0.09032906
727581710	ACC	12.454642	-1.9926231	-0.052043892
727581720	ACC	12.023933	-1.9543378	-0.18125631
727581729	ACC	11.660225	-1.9304097	-0.36789647
727581739	ACC	11.511869	-2.0021944	-0.4109673
727581748	ACC	11.502298	-2.1601207	-0.35353956
727581758	ACC	11.679367	-2.2941186	-0.21954148
727581767	ACC	11.832508	-2.3228326	-0.066400826
727581777	ACC	12.014362	-2.41376	-0.0041874396
727581786	ACC	12.373286	-2.5860431	-0.17168503
727581796	ACC	12.502499	-2.8109684	-0.037686955
727581805	ACC	12.583855	-2.8253253	0.12023934
727581815	ACC	12.497713	-2.7870402	0.18723837
727581824	ACC	12.789637	-2.7583263	0.11066805
727581834	ACC	12.626925	-2.8253253	0.1585245
727581843	ACC	12.430714	-2.7296124	0.52223355
727581853	ACC	12.330215	-2.4472594	0.48394838
727581862	ACC	12.296716	-2.3228326	0.29252258
727581872	ACC	12.368501	-2.3898315	-0.052043892
727581881	ACC	12.449856	-2.4999015	-0.37268212
727581891	ACC	12.373286	-2.5573292	-0.60717875
727581900	ACC	12.268002	-2.5956144	-0.76989067
727581910	ACC	12.081362	-2.5573292	-0.86560357
727581919	ACC	11.736795	-2.4855444	-0.8847462
727581929	ACC	11.186446	-2.4089742	-1.061815
727581938	ACC	10.6408825	-2.2606192	-1.3537394
727581948	ACC	10.219746	-2.11705	-1.588236
727581957	ACC	9.923036	-2.0500507	-1.8658035
727581967	ACC	9.798609	-1.9734805	-2.0668006
727581976	ACC	9.6071825	-1.9974087	-1.7988044
727581986	ACC	9.372686	-1.9926231	-1.387239
727581995	ACC	9.224331	-1.9208384	-1.0666007
727582005	ACC	9.205189	-1.9495523	-0.7938189
727582014	ACC	9.253045	-2.0835502	-0.4971089
727582024	ACC	9.334401	-2.126621	-0.22432712
727582033	ACC	9.387043	-2.1122642	-0.08554341
727582043	ACC	9.348758	-2.0979073	-0.16211374
727582052	ACC	9.382257	-2.1074786	-0.33918262
727582062	ACC	9.396614	-2.1361923	-0.59282184
727582071	ACC	9.521041	-2.1218355	-0.80817586
727582081	ACC	9.669396	-2.1218355	-0.95653087
727582090	ACC	9.856036	-2.126621	-0.9517452
727582100	ACC	9.999606	-2.1744776	-0.9086744
727582109	ACC	10.133604	-2.2701905	-0.8177471
727582119	ACC	10.277173	-2.370689	-0.7603194
727582128	ACC	10.3681	-2.4472594	-0.6646065
727582138	ACC	10.420743	-2.5238297	-0.5593223
727582147	ACC	10.377672	-2.5477579	-0.4779663
727582157	ACC	10.200603	-2.5286152	-0.36789647
727582166	ACC	10.023534	-2.4855444	-0.25782663
727582176	ACC	9.999606	-2.533401	-0.23389842
727582185	ACC	10.042677	-2.5669005	-0.3152544
727582195	ACC	9.994821	-2.5908287	-0.42532423
727582204	ACC	9.870394	-2.5860431	-0.5449654
727582214	ACC	9.717253	-2.5908287	-0.631107
727582223	ACC	9.540184	-2.5812573	-0.59282184
727582233	ACC	9.415757	-2.6243281	-0.6693921
727582242	ACC	9.382257	-2.830111	-1.090529
727582252	ACC	9.406186	-2.8779674	-1.1144571
727582261	ACC	9.420543	-2.8348966	-0.90388876
727582271	ACC	9.640682	-2.8827531	-0.84167534
727582280	ACC	9.946963	-2.9976087	-0.7938189
727582290	ACC	10.459028	-3.1459637	-0.94695956
727582299	ACC	10.688739	-3.3469608	-0.6023931
727582309	ACC	10.779666	-3.4331024	-0.45882374
727582318	ACC	10.746166	-3.4713874	-0.56410795
727582328	ACC	10.693524	-3.586243	-0.52582276
727582337	ACC	10.607383	-3.667599	-0.55453664
727582347	ACC	10.564312	-3.6436708	-0.6263213
727582356	ACC	10.526027	-3.4713874	-0.65982085
727582366	ACC	10.526027	-3.3326037	-0.7316055
727582375	ACC	10.588241	-3.2081769	-0.846461
727582385	ACC	10.6408825	-3.0502508	-0.9661021
727582394	ACC	10.650454	-2.9066813	-1.0570294
727582404	ACC	10.554741	-2.7726831	-1.1001002
727582413	ACC	10.358529	-2.720041	-1.1670992
727582423	ACC	10.066605	-2.748755	-1.224527
727582432	ACC	9.784252	-2.8492537	-1.2197413
727582442	ACC	9.430114	-2.9306095	-1.1096715
727582451	ACC	9.0951185	-2.9736803	-0.93738824
727582461	ACC	8.831908	-3.0550363	-0.7507481
727582470	ACC	8.702696	-3.19382	-0.56410795
727582480	ACC	8.606983	-3.289533	-0.401396
727582489	ACC	8.578269	-3.342175	-0.31046873
727582499	ACC	8.606983	-3.289533	-0.21475583
727582508	ACC	8.760123	-3.222534	-0.20997019
727582518	ACC	8.937193	-3.126821	-0.253041
727582527	ACC	9.080762	-2.9736803	-0.34396824
727582537	ACC	9.142975	-2.868396	-0.5066802
727582546	ACC	9.052048	-2.7966115	-0.6837491
727582556	ACC	8.865408	-2.777469	-0.80817586
727582565	ACC	8.688339	-2.7822545	-0.84167534
727582575	ACC	8.616554	-2.8731818	-0.7938189
727582584	ACC	8.606983	-2.9688947	-0.65024954
727582594	ACC	8.592627	-2.9832516	-0.4636094
727582603	ACC	8.635697	-2.9976087	-0.30089745
727582613	ACC	8.73141	-3.0023942	-0.27696922
727582622	ACC	8.855837	-2.9593234	-0.27218357
727582632	ACC	8.903693	-2.9066813	-0.32482567
727582641	ACC	8.985049	-2.7870402	-0.4444668
727582651	ACC	9.075976	-2.720041	-0.5736792
727582660	ACC	9.123833	-2.653042	-0.7076773
727582670	ACC	9.1669035	-2.6195426	-0.76510507
727582679	ACC	9.253045	-2.6338995	-0.79860455
727582689	ACC	9.329616	-2.6099713	-0.846461
727582698	ACC	9.372686	-2.5477579	-0.84167534
727582708	ACC	9.329616	-2.4281168	-0.8129615
727582717	ACC	9.262616	-2.3371894	-0.779462
727582727	ACC	9.200403	-2.265405	-0.70289165
727582736	ACC	9.157332	-2.2031915	-0.6263213
727582746	ACC	9.123833	-2.207977	-0.5688936
727582755	ACC	8.965906	-2.184049	-0.4779663
727582765	ACC	8.841479	-2.169692	-0.253041
727582774	ACC	8.707481	-2.1888344	-0.028115666
727582784	ACC	8.597412	-2.2127628	0.13938192
727582793	ACC	8.525627	-2.265405	0.2542374
727582803	ACC	8.482556	-2.3276181	0.3164508
727582812	ACC	8.463413	-2.356332	0.3595216
727582822	ACC	8.429914	-2.370689	0.3595216
727582831	ACC	8.405986	-2.3898315	0.33559337
727582841	ACC	8.420342	-2.3802602	0.2973082
727582850	ACC	8.4347	-2.4185455	0.22552353
727582860	ACC	8.516056	-2.4568307	0.07238288
727582869	ACC	8.678768	-2.5477579	-0.15254244
727582879	ACC	8.865408	-2.6195426	-0.36311084
727582888	ACC	8.99462	-2.667399	-0.52582276
727582898	ACC	9.032906	-2.7056842	-0.60717875
727582907	ACC	9.018549	-2.71047	-0.67417777
727582917	ACC	9.013762	-2.71047	-0.71724856
727582926	ACC	9.032906	-2.7152555	-0.74117684
727582936	ACC	9.109476	-2.720041	-0.76510507
727582945	ACC	9.195618	-2.7152555	-0.8033902
727582955	ACC	9.262616	-2.6769702	-0.8703892
727582964	ACC	9.3200445	-2.6578279	-0.8895318
727582974	ACC	9.35833	-2.6482565	-0.8560323
727582983	ACC	9.348758	-2.6626134	-0.8751749
727582993	ACC	9.377472	-2.6721847	-0.8991031
727583002	ACC	9.396614	-2.7152555	-0.8751749
727583012	ACC	9.348758	-2.7391837	-0.79860455
727583021	ACC	9.329616	-2.7678976	-0.71246296
727583031	ACC	9.343972	-2.8348966	-0.59760743
727583040	ACC	9.339187	-2.8636105	-0.4636094
727583050	ACC	9.296116	-2.868396	-0.36789647
727583059	ACC	9.32483	-2.89711	-0.31046873
727583068	ACC	9.367901	-2.8923244	-0.20039889
727583078	ACC	9.410972	-2.8827531	-0.08554341
727583087	ACC	9.425328	-2.8875387	-0.047258247
727583097	ACC	9.516255	-2.9688947	0.019740786
727583106	ACC	9.669396	-3.0406795	0.024526432
727583116	ACC	9.84168	-3.165106	-0.066400826
727583125	ACC	9.9756775	-3.246462	-0.21954148
727583135	ACC	10.109675	-3.3373895	-0.43010986
727583144	ACC	10.171889	-3.3565319	-0.631107
727583154	ACC	10.21496	-3.251248	-0.78424764
727583163	ACC	10.243673	-3.0598218	-0.8847462
727583173	ACC	10.277173	-2.8779674	-0.94695956
727583182	ACC	10.320244	-2.6482565	-0.97567344
727583192	ACC	10.339387	-2.4616163	-1.0091729
727583201	ACC	10.363315	-2.3132613	-1.0331012
727583211	ACC	10.348958	-2.155335	-1.0474582
727583220	ACC	10.325029	-2.0500507	-1.0187442
727583230	ACC	10.286744	-1.9974087	-0.97567344
727583239	ACC	10.219746	-1.9639091	-0.86560357
727583249	ACC	10.152746	-1.9639091	-0.7220342
727583258	ACC	10.057034	-2.035694	-0.60717875
727583268	ACC	9.961321	-2.126621	-0.55453664
727583277	ACC	9.851251	-2.2271197	-0.5353941
727583287	ACC	9.755538	-2.2941186	-0.549751
727583296	ACC	9.65504	-2.3611178	-0.5449654
727583306	ACC	9.578469	-2.4472594	-0.57846487
727583315	ACC	9.578469	-2.5238297	-0.5880362
727583325	ACC	9.51147	-2.6099713	-0.5593223
727583334	ACC	9.468399	-2.6961129	-0.55453664
727583344	ACC	9.492328	-2.7870402	-0.5880362
727583353	ACC	9.516255	-2.830111	-0.59760743
727583363	ACC	9.554541	-2.7966115	-0.5736792
727583372	ACC	9.6071825	-2.7391837	-0.5688936
727583382	ACC	9.62154	-2.6482565	-0.62153566
727583391	ACC	9.616755	-2.4903302	-0.70289165
727583401	ACC	9.611969	-2.3898315	-0.8703892
727583410	ACC	9.597611	-2.3084757	-1.0331012
727583420	ACC	9.559326	-2.2701905	-1.1862419
727583429	ACC	9.501899	-2.2127628	-1.3058829
727583439	ACC	9.4636135	-2.1888344	-1.372882
727583448	ACC	9.410972	-2.2414765	-1.4159528
727583458	ACC	9.353543	-2.2797618	-1.4303098
727583467	ACC	9.267402	-2.30369	-1.387239
727583477	ACC	9.200403	-2.3371894	-1.2771691
727583486	ACC	9.123833	-2.30369	-1.1718849
727583496	ACC	9.114262	-2.3419752	-1.1335998
727583505	ACC	9.133404	-2.3467607	-1.0953146
727583515	ACC	9.157332	-2.3371894	-1.0713863
727583524	ACC	9.209974	-2.274976	-1.061815
727583534	ACC	9.253045	-2.2414765	-1.076172
727583543	ACC	9.300901	-2.207977	-1.1431711
727583553	ACC	9.3200445	-2.169692	-1.2149557
727583562	ACC	9.315259	-2.140978	-1.2867404
727583572	ACC	9.339187	-2.126621	-1.3058829
727583581	ACC	9.35833	-2.1361923	-1.3489537
727583591	ACC	9.367901	-2.1505494	-1.3202399
727583600	ACC	9.372686	-2.179263	-1.2675978
727583610	ACC	9.367901	-2.2127628	-1.1766706
727583619	ACC	9.387043	-2.2510478	-1.0187442
727583629	ACC	9.410972	-2.265405	-0.86081797
727583638	ACC	9.444471	-2.2701905	-0.7268199
727583648	ACC	9.47797	-2.274976	-0.60717875
727583657	ACC	9.516255	-2.2989044	-0.47318068
727583667	ACC	9.568898	-2.2797618	-0.42532423
727583676	ACC	9.640682	-2.2558336	-0.37746778
727583686	ACC	9.669396	-2.2701905	-0.3822534
727583695	ACC	9.693324	-2.2701905	-0.39182472
727583705	ACC	9.707682	-2.2462623	-0.39661035
727583714	ACC	9.726824	-2.1936202	-0.401396
727583724	ACC	9.731609	-2.184049	-0.40618163
727583733	ACC	9.678967	-2.1601207	-0.44925246
727583743	ACC	9.597611	-2.11705	-0.52582276
727583752	ACC	9.521041	-2.11705	-0.5593223
727583762	ACC	9.516255	-2.11705	-0.6023931
727583771	ACC	9.640682	-2.2031915	-0.59760743
727583781	ACC	9.80818	-2.274976	-0.6119644
727583790	ACC	9.95175	-2.3132613	-0.6119644
727583800	ACC	10.090533	-2.3754747	-0.631107
727583809	ACC	10.147961	-2.4281168	-0.7220342
727583819	ACC	10.186246	-2.4999015	-0.8560323
727583828	ACC	10.200603	-2.5908287	-0.98524475
727583838	ACC	10.147961	-2.6961129	-1.0809577
727583847	ACC	10.119247	-2.830111	-1.1048858
727583857	ACC	10.085748	-3.016751	-1.1096715
727583866	ACC	10.076176	-3.1698918	-1.0570294
727583876	ACC	10.013963	-3.251248	-0.9517452
727583885	ACC	9.985249	-3.2703903	-0.7890333
727583895	ACC	9.95175	-3.1794631	-0.6406783
727583904	ACC	9.95175	-3.0502508	-0.5736792
727583914	ACC	9.923036	-2.8540392	-0.549751
727583923	ACC	9.937392	-2.6961129	-0.4971089
727583933	ACC	9.961321	-2.5142584	-0.46839502
727583942	ACC	9.980463	-2.4568307	-0.49232325
727583952	ACC	9.946963	-2.5142584	-0.5401797
727583961	ACC	9.84168	-2.614757	-0.59282184
727583971	ACC	9.712467	-2.801397	-0.6406783
727583980	ACC	9.549755	-2.9832516	-0.59282184
727583990	ACC	9.415757	-3.1794631	-0.44925246
727583999	ACC	9.396614	-3.3469608	-0.27218357
727584009	ACC	9.444471	-3.4857445	-0.109471634
727584018	ACC	9.578469	-3.5431721	-0.028115666
727584028	ACC	9.765109	-3.4857445	-0.032901313
727584037	ACC	9.84168	-3.3326037	-0.13339986
727584047	ACC	9.846465	-3.1220353	-0.32482567
727584056	ACC	9.755538	-2.925824	-0.5688936
727584066	ACC	9.616755	-2.7583263	-0.7363912
727584075	ACC	9.444471	-2.7152555	-0.846461
727584085	ACC	9.281759	-2.8109684	-0.89431745
727584094	ACC	9.18126	-3.0215368	-0.85124665
727584104	ACC	9.119047	-3.2799616	-0.7746763
727584113	ACC	9.114262	-3.5527434	-0.6646065
727584123	ACC	9.133404	-3.8255253	-0.5210371
727584132	ACC	9.205189	-4.060022	-0.31046873
727584142	ACC	9.3200445	-4.1892343	-0.109471634
727584151	ACC	9.449257	-4.2801614	0.06281159
727584161	ACC	9.487542	-4.222734	0.13938192
727584170	ACC	9.58804	-4.08395	0.13459627
727584180	ACC	9.645468	-3.9212382	0.024526432
727584189	ACC	9.683753	-3.734598	-0.23868406
727584199	ACC	9.722038	-3.5814574	-0.549751
727584208	ACC	9.745967	-3.437888	-0.78424764
727584218	ACC	9.741181	-3.2943187	-0.9086744
727584227	ACC	9.745967	-3.2129626	-0.9421739
727584237	ACC	9.77468	-3.2033913	-0.97567344
727584246	ACC	9.798609	-3.2081769	-0.89431745
727584256	ACC	9.717253	-3.1842487	-0.698106
727584265	ACC	9.530613	-3.1746774	-0.50189453
727584275	ACC	9.32483	-3.1746774	-0.33439696
727584284	ACC	9.114262	-3.1746774	-0.22911277
727584294	ACC	8.889337	-3.2033913	-0.14297116
727584303	ACC	8.669196	-3.1890345	-0.028115666
727584313	ACC	8.487342	-3.1890345	0.15373886
727584322	ACC	8.386844	-3.2081769	0.29252258
727584332	ACC	8.329415	-3.2656047	0.36909288
727584341	ACC	8.32463	-3.3326037	0.42652065
727584351	ACC	8.286345	-3.423531	0.4552345
727584360	ACC	8.233703	-3.4522448	0.43609193
727584370	ACC	8.176275	-3.49053	0.46959144
727584379	ACC	8.152347	-3.49053	0.4743771
727584389	ACC	8.2145605	-3.4522448	0.41694933
727584398	ACC	8.3581295	-3.49053	0.29252258
727584408	ACC	8.410771	-3.4474592	0.1585245
727584417	ACC	8.4347	-3.399603	0.014955142
727584427	ACC	8.520842	-3.399603	-0.18125631
727584436	ACC	8.578269	-3.3804603	-0.32004002
727584446	ACC	8.650054	-3.3900316	-0.48275197
727584455	ACC	8.659625	-3.4139597	-0.59282184
727584465	ACC	8.683554	-3.394817	-0.6646065
727584474	ACC	8.669196	-3.370889	-0.68853474
727584484	ACC	8.707481	-3.3661032	-0.71246296
727584493	ACC	8.750552	-3.3756745	-0.7268199
727584503	ACC	8.836694	-3.3517463	-0.71246296
727584512	ACC	8.965906	-3.3613176	-0.6837491
727584522	ACC	9.06162	-3.3900316	-0.6263213
727584531	ACC	9.104691	-3.399603	-0.6023931
727584541	ACC	9.047262	-3.394817	-0.55453664
727584550	ACC	8.999406	-3.394817	-0.5210371
727584560	ACC	8.913264	-3.409174	-0.47318068
727584569	ACC	8.841479	-3.4426737	-0.4444668
727584579	ACC	8.812766	-3.4857445	-0.42053857
727584588	ACC	8.827123	-3.5910287	-0.42532423
727584598	ACC	8.932407	-3.6915271	-0.42053857
727584607	ACC	9.080762	-3.8255253	-0.43489552
727584617	ACC	9.200403	-3.9547377	-0.46839502
727584626	ACC	9.315259	-4.0073795	-0.46839502
727584636	ACC	9.415757	-4.002594	-0.5066802
727584645	ACC	9.51147	-3.9212382	-0.5736792
727584655	ACC	9.626326	-3.8207395	-0.62153566
727584664	ACC	9.726824	-3.6628132	-0.6358926
727584674	ACC	9.722038	-3.5048869	-0.65982085
727584683	ACC	9.717253	-3.3517463	-0.67417777
727584693	ACC	9.678967	-3.2321053	-0.67417777
727584702	ACC	9.616755	-3.1794631	-0.6454639
727584712	ACC	9.501899	-3.1028929	-0.6454639
727584721	ACC	9.410972	-3.0263224	-0.5736792
727584731	ACC	9.372686	-2.978466	-0.549751
727584740	ACC	9.367901	-2.8875387	-0.49232325
727584750	ACC	9.410972	-2.830111	-0.45882374
727584759	ACC	9.497113	-2.7439694	-0.45882374
727584769	ACC	9.62154	-2.6434708	-0.4971089
727584778	ACC	9.702896	-2.5573292	-0.5832505
727584788	ACC	9.793823	-2.4855444	-0.68853474
727584797	ACC	9.812965	-2.504687	-0.83688974
727584807	ACC	9.803394	-2.5956144	-1.0139586
727584816	ACC	9.664611	-2.6961129	-1.1383854
727584826	ACC	9.487542	-2.8492537	-1.1910275
727584835	ACC	9.334401	-3.0406795	-1.1862419
727584845	ACC	9.32483	-3.1842487	-1.0953146
727584854	ACC	9.367901	-3.251248	-0.98524475
727584864	ACC	9.420543	-3.2368908	-0.8847462
727584873	ACC	9.602397	-3.1459637	-0.8033902
727584883	ACC	9.707682	-3.0598218	-0.79860455
727584892	ACC	9.779466	-2.9210382	-0.8991031
727584902	ACC	9.765109	-2.7918258	-1.0043873
727584911	ACC	9.65504	-2.6769702	-1.0953146
727584921	ACC	9.51147	-2.5573292	-1.1431711
727584930	ACC	9.372686	-2.5094728	-1.1910275
727584940	ACC	9.243474	-2.4424736	-1.1431711
727584949	ACC	9.186047	-2.423331	-1.0139586
727584959	ACC	9.157332	-2.4185455	-0.8703892
727584968	ACC	9.138189	-2.3754747	-0.7363912
727584978	ACC	9.147761	-2.3659034	-0.65024954
727584987	ACC	9.209974	-2.370689	-0.6406783
727584997	ACC	9.243474	-2.3467607	-0.70289165
727585006	ACC	9.257831	-2.3084757	-0.8177471
727585016	ACC	9.219545	-2.2462623	-0.9086744
727585025	ACC	9.209974	-2.2271197	-1.0331012
727585035	ACC	9.200403	-2.2319052	-1.1048858
727585044	ACC	9.238688	-2.2558336	-1.1048858
727585054	ACC	9.300901	-2.289333	-1.0809577
727585063	ACC	9.396614	-2.3467607	-1.0235299
727585073	ACC	9.468399	-2.3802602	-0.92303133
727585082	ACC	9.516255	-2.4041886	-0.846461
727585092	ACC	9.468399	-2.423331	-0.7938189
727585101	ACC	9.372686	-2.423331	-0.7363912
727585111	ACC	9.32483	-2.3994029	-0.6693921
727585120	ACC	9.3104725	-2.4089742	-0.6358926
727585130	ACC	9.339187	-2.41376	-0.57846487
727585139	ACC	9.406186	-2.4041886	-0.51146585
727585149	ACC	9.482756	-2.4185455	-0.4636094
727585158	ACC	9.521041	-2.3754747	-0.4109673
727585168	ACC	9.501899	-2.3276181	-0.37268212
727585177	ACC	9.430114	-2.289333	-0.3822534
727585187	ACC	9.430114	-2.2414765	-0.43489552
727585196	ACC	9.4636135	-2.2127628	-0.43489552
727585206	ACC	9.501899	-2.2271197	-0.41575295
727585215	ACC	9.5353985	-2.207977	-0.40618163
727585225	ACC	9.578469	-2.2175484	-0.3822534
727585234	ACC	9.650253	-2.274976	-0.39661035
727585244	ACC	9.779466	-2.3084757	-0.43010986
727585253	ACC	9.932607	-2.3276181	-0.47318068
727585263	ACC	10.124033	-2.385046	-0.549751
727585272	ACC	10.243673	-2.4472594	-0.6406783
727585282	ACC	10.348958	-2.4711876	-0.74117684
727585291	ACC	10.377672	-2.519044	-0.80817586
727585301	ACC	10.420743	-2.5573292	-0.86081797
727585310	ACC	10.444671	-2.5286152	-0.8895318
727585320	ACC	10.449456	-2.4281168	-0.9086744
727585329	ACC	10.459028	-2.318047	-0.94695956
727585339	ACC	10.4351	-2.1601207	-1.0043873
727585348	ACC	10.392029	-2.0165513	-1.1001002
727585358	ACC	10.3441725	-1.9304097	-1.1479566
727585367	ACC	10.286744	-1.8490537	-1.1144571
727585377	ACC	10.253245	-1.8011973	-1.0474582
727585386	ACC	10.291531	-1.8921245	-0.927817
727585396	ACC	10.4016	-2.0404794	-0.7363912
727585405	ACC	10.540383	-2.2797618	-0.5162515
727585415	ACC	10.717453	-2.4855444	-0.22432712
727585424	ACC	10.865808	-2.5812573	0.034097724
727585433	ACC	10.875379	-2.5286152	0.29252258
727585443	ACC	10.904093	-2.437688	0.36909288
727585452	ACC	10.803595	-2.3659034	0.22552353
727585462	ACC	10.717453	-2.3419752	-0.047258247
727585471	ACC	10.564312	-2.30369	-0.36311084
727585481	ACC	10.334601	-2.265405	-0.5736792
727585490	ACC	10.152746	-2.2414765	-0.68853474
727585500	ACC	10.009177	-2.2941186	-0.71724856
727585509	ACC	9.8321085	-2.385046	-0.631107
727585519	ACC	9.664611	-2.4999015	-0.48275197
727585528	ACC	9.497113	-2.6243281	-0.36789647
727585538	ACC	9.339187	-2.8540392	-0.2961118
727585547	ACC	9.138189	-3.074179	-0.21475583
727585557	ACC	8.894122	-3.289533	-0.09032906
727585566	ACC	8.7266245	-3.4809587	0.05802595
727585576	ACC	8.62134	-3.7154553	0.2111666
727585585	ACC	8.626125	-3.9595232	0.33559337
727585595	ACC	8.707481	-4.1844487	0.4456632
727585604	ACC	8.836694	-4.299304	0.52223355
727585614	ACC	8.975478	-4.356732	0.503091
727585623	ACC	9.080762	-4.390231	0.45044887
727585633	ACC	9.186047	-4.3758745	0.2973082
727585642	ACC	9.229117	-4.3328037	0.06759724
727585652	ACC	9.32483	-4.3471603	-0.18604197
727585661	ACC	9.454042	-4.3471603	-0.42532423
727585671	ACC	9.525827	-4.3184466	-0.5736792
727585680	ACC	9.549755	-4.2370906	-0.6263213
727585690	ACC	9.583255	-4.1461635	-0.6550352
727585699	ACC	9.568898	-4.045665	-0.68853474
727585709	ACC	9.521041	-3.9595232	-0.71724856
727585718	ACC	9.377472	-3.8925242	-0.71724856
727585728	ACC	9.229117	-3.8350966	-0.7316055
727585737	ACC	9.075976	-3.758526	-0.65982085
727585747	ACC	8.8701935	-3.7298124	-0.48753762
727585756	ACC	8.736196	-3.7298124	-0.32961133
727585766	ACC	8.606983	-3.7441692	-0.19561325
727585775	ACC	8.463413	-3.705884	-0.109471634
727585785	ACC	8.367701	-3.7154553	0.005383851
727585794	ACC	8.319844	-3.7106698	0.12502499
727585804	ACC	8.29113	-3.7298124	0.19680966
727585813	ACC	8.310273	-3.7824545	0.24466611
727585823	ACC	8.276773	-3.8398821	0.28773692
727585832	ACC	8.2049885	-3.868596	0.3595216
727585842	ACC	8.075776	-3.8494534	0.43130627
727585851	ACC	7.9704924	-3.854239	0.46002015
727585861	ACC	7.932207	-3.8925242	0.45044887
727585870	ACC	7.9226356	-3.9164524	0.39780676
727585880	ACC	7.9561353	-3.949952	0.28295127
727585889	ACC	8.003992	-3.949952	0.16331014
727585899	ACC	8.070991	-3.906881	-0.023330022
727585908	ACC	8.190632	-3.882953	-0.25782663
727585918	ACC	8.310273	-3.8925242	-0.4636094
727585927	ACC	8.396415	-3.868596	-0.6023931
727585937	ACC	8.453842	-3.8063827	-0.6837491
727585946	ACC	8.535198	-3.7728832	-0.74596244
727585956	ACC	8.626125	-3.7154553	-0.78424764
727585965	ACC	8.73141	-3.6771703	-0.8177471
727585975	ACC	8.779266	-3.6340995	-0.83688974
727585984	ACC	8.73141	-3.5814574	-0.8560323
727585994	ACC	8.678768	-3.557529	-0.8321041
727586003	ACC	8.630911	-3.49053	-0.7938189
727586013	ACC	8.563912	-3.461816	-0.74117684
727586022	ACC	8.602198	-3.4570305	-0.6789634
727586032	ACC	8.693125	-3.4570305	-0.60717875
727586041	ACC	8.774481	-3.4331024	-0.5401797
727586051	ACC	8.889337	-3.4666018	-0.5306084
727586060	ACC	9.008977	-3.5048869	-0.55453664
727586070	ACC	9.157332	-3.6628132	-0.62153566
727586079	ACC	9.32483	-3.8877387	-0.7076773
727586089	ACC	9.487542	-4.1126637	-0.79860455
727586098	ACC	9.573684	-4.284947	-0.8560323
727586108	ACC	9.631111	-4.366303	-0.846461
727586117	ACC	9.659825	-4.3519464	-0.80817586
727586127	ACC	9.693324	-4.19402	-0.7890333
727586136	ACC	9.80818	-3.964309	-0.7603194
727586146	ACC	9.899107	-3.6532419	-0.7746763
727586155	ACC	9.9756775	-3.3038898	-0.79860455
727586165	ACC	10.042677	-2.9880373	-0.846461
727586174	ACC	10.037891	-2.777469	-0.92303133
727586184	ACC	9.937392	-2.6195426	-0.9804591
727586193	ACC	9.779466	-2.562115	-1.0426725
727586203	ACC	9.602397	-2.629114	-1.0666007
727586212	ACC	9.439685	-2.7248268	-1.0570294
727586222	ACC	9.296116	-2.8444679	-0.9421739
727586231	ACC	9.224331	-2.9688947	-0.82731843
727586241	ACC	9.229117	-3.1076784	-0.7363912
727586250	ACC	9.276974	-3.2081769	-0.6789634
727586260	ACC	9.343972	-3.2847474	-0.6837491
727586269	ACC	9.425328	-3.3517463	-0.7507481
727586279	ACC	9.449257	-3.3373895	-0.85124665
727586288	ACC	9.47797	-3.3756745	-0.9708878
727586298	ACC	9.47797	-3.3756745	-1.0857433
727586307	ACC	9.430114	-3.3326037	-1.2005987
727586317	ACC	9.415757	-3.2560334	-1.2867404
727586326	ACC	9.343972	-3.141178	-1.3680964
727586336	ACC	9.3104725	-3.016751	-1.4685949
727586345	ACC	9.276974	-2.949752	-1.535594
727586355	ACC	9.296116	-2.8827531	-1.5308083
727586364	ACC	9.401401	-2.868396	-1.4781662
727586374	ACC	9.525827	-2.858825	-1.3633107
727586383	ACC	9.635897	-2.8444679	-1.2867404
727586393	ACC	9.731609	-2.8396823	-1.2149557
727586402	ACC	9.769895	-2.868396	-1.1814562
727586412	ACC	9.765109	-2.830111	-1.1910275
727586421	ACC	9.698111	-2.7726831	-1.2053844
727586431	ACC	9.578469	-2.7343981	-1.2532408
727586440	ACC	9.5353985	-2.6913273	-1.238884
727586450	ACC	9.482756	-2.667399	-1.2340983
727586459	ACC	9.420543	-2.667399	-1.1575279
727586469	ACC	9.372686	-2.6961129	-1.1001002
727586478	ACC	9.353543	-2.7535408	-1.0139586
727586488	ACC	9.296116	-2.7678976	-0.9613165
727586497	ACC	9.243474	-2.801397	-0.9182457
727586507	ACC	9.219545	-2.830111	-0.87996054
727586516	ACC	9.147761	-2.815754	-0.8225328
727586526	ACC	9.099904	-2.7631118	-0.7507481
727586535	ACC	9.099904	-2.748755	-0.68853474
727586545	ACC	9.104691	-2.7152555	-0.65024954
727586554	ACC	9.0951185	-2.6578279	-0.631107
727586564	ACC	9.0951185	-2.6578279	-0.62153566
727586573	ACC	9.085547	-2.6386852	-0.6119644
727586583	ACC	9.037691	-2.6338995	-0.59760743
727586592	ACC	9.056833	-2.6243281	-0.5353941
727586602	ACC	9.099904	-2.629114	-0.48275197
727586611	ACC	9.200403	-2.6434708	-0.47318068
727586621	ACC	9.276974	-2.6434708	-0.44925246
727586630	ACC	9.329616	-2.6051857	-0.42532423
727586640	ACC	9.3200445	-2.5429723	-0.4636094
727586649	ACC	9.339187	-2.519044	-0.5401797
727586659	ACC	9.367901	-2.480759	-0.65024954
727586668	ACC	9.372686	-2.4568307	-0.7746763
727586678	ACC	9.377472	-2.41376	-0.8177471
727586687	ACC	9.420543	-2.4089742	-0.846461
727586697	ACC	9.525827	-2.4281168	-0.846461
727586706	ACC	9.698111	-2.452045	-0.89431745
727586716	ACC	9.798609	-2.466402	-0.93260264
727586725	ACC	9.80818	-2.4711876	-0.9517452
727586735	ACC	9.769895	-2.4616163	-1.0043873
727586744	ACC	9.750752	-2.4472594	-1.0283155
727586754	ACC	9.712467	-2.4616163	-1.0522437
727586763	ACC	9.707682	-2.5142584	-1.0474582
727586773	ACC	9.77468	-2.6099713	-0.99003035
727586782	ACC	9.91825	-2.7583263	-0.92303133
727586792	ACC	10.095319	-2.949752	-0.86560357
727586801	ACC	10.234102	-3.0598218	-0.8560323
727586811	ACC	10.286744	-3.1603205	-0.8321041
727586820	ACC	10.291531	-3.1986058	-0.779462
727586830	ACC	10.296316	-3.2129626	-0.74117684
727586839	ACC	10.305887	-3.1746774	-0.71246296
727586849	ACC	10.229317	-3.1172497	-0.6454639
727586858	ACC	10.152746	-3.0023942	-0.5688936
727586868	ACC	10.10489	-2.9210382	-0.52582276
727586877	ACC	10.085748	-2.89711	-0.49232325
727586887	ACC	10.061819	-2.8875387	-0.43968117
727586896	ACC	9.946963	-2.830111	-0.43489552
727586906	ACC	9.803394	-2.8109684	-0.41575295
727586915	ACC	9.659825	-2.8444679	-0.42532423
727586925	ACC	9.521041	-2.9018958	-0.45403808
727586934	ACC	9.387043	-2.9353952	-0.46839502
727586944	ACC	9.339187	-3.074179	-0.42532423
727586953	ACC	9.305687	-3.1698918	-0.39661035
727586963	ACC	9.267402	-3.1698918	-0.35353956
727586972	ACC	9.315259	-3.1842487	-0.32482567
727586982	ACC	9.334401	-3.1794631	-0.37746778
727586991	ACC	9.391829	-3.141178	-0.5353941
727587001	ACC	9.32483	-3.1028929	-0.71246296
727587010	ACC	9.276974	-3.0789645	-0.86560357
727587020	ACC	9.109476	-3.0406795	-0.9613165
727587029	ACC	8.95155	-3.00718	-0.9708878
727587039	ACC	8.855837	-3.0598218	-0.8991031
727587048	ACC	8.774481	-3.1028929	-0.74596244
727587058	ACC	8.717052	-3.1986058	-0.56410795
727587067	ACC	8.740981	-3.289533	-0.44925246
727587077	ACC	8.793623	-3.4666018	-0.36789647
727587086	ACC	8.913264	-3.6436708	-0.33439696
727587096	ACC	9.018549	-3.8303108	-0.3152544
727587105	ACC	9.047262	-3.9595232	-0.30089745
727587115	ACC	9.06162	-4.0552363	-0.24825534
727587124	ACC	9.008977	-4.0552363	-0.21954148
727587134	ACC	9.013762	-4.060022	-0.22911277
727587143	ACC	9.037691	-4.002594	-0.253041
727587153	ACC	9.032906	-3.8973098	-0.29132617
727587162	ACC	9.128618	-3.8255253	-0.35832518
727587172	ACC	9.224331	-3.7298124	-0.42053857
727587181	ACC	9.29133	-3.6723845	-0.4971089
727587191	ACC	9.32483	-3.6245282	-0.5593223
727587200	ACC	9.32483	-3.6005998	-0.6023931
727587210	ACC	9.387043	-3.6053855	-0.5736792
727587219	ACC	9.530613	-3.6628132	-0.56410795
727587229	ACC	9.631111	-3.7154553	-0.549751
727587238	ACC	9.659825	-3.6819558	-0.55453664
727587248	ACC	9.635897	-3.6245282	-0.549751
727587257	ACC	9.597611	-3.5288153	-0.549751
727587267	ACC	9.5353985	-3.3804603	-0.5210371
727587276	ACC	9.454042	-3.2656047	-0.48275197
727587286	ACC	9.425328	-3.2081769	-0.44925246
727587295	ACC	9.372686	-3.1507492	-0.401396
727587305	ACC	9.229117	-3.1316066	-0.35353956
727587314	ACC	9.071191	-3.1316066	-0.33439696
727587324	ACC	8.937193	-3.1555347	-0.32482567
727587333	ACC	8.793623	-3.1986058	-0.29132617
727587343	ACC	8.69791	-3.2416766	-0.24825534
727587352	ACC	8.6548395	-3.2799616	-0.20039889
727587362	ACC	8.626125	-3.3278182	-0.16211374
727587371	ACC	8.597412	-3.3565319	-0.15254244
727587381	ACC	8.578269	-3.3661032	-0.12861422
727587390	ACC	8.626125	-3.3661032	-0.14297116
727587400	ACC	8.635697	-3.3517463	-0.20997019
727587409	ACC	8.702696	-3.3661032	-0.29132617
727587419	ACC	8.803194	-3.3756745	-0.39661035
727587428	ACC	8.860622	-3.3517463	-0.50189453
727587438	ACC	8.836694	-3.3086755	-0.59282184
727587447	ACC	8.855837	-3.3086755	-0.67417777
727587457	ACC	8.908479	-3.3469608	-0.78424764
727587466	ACC	8.956335	-3.3469608	-0.82731843
727587476	ACC	9.047262	-3.3900316	-0.80817586
727587485	ACC	9.147761	-3.4570305	-0.75553375
727587495	ACC	9.272188	-3.5240295	-0.70289165
727587504	ACC	9.276974	-3.5814574	-0.6263213
727587514	ACC	9.21476	-3.571886	-0.5162515
727587523	ACC	9.138189	-3.5766716	-0.43968117
727587533	ACC	8.980264	-3.5527434	-0.35832518
727587542	ACC	8.879765	-3.5240295	-0.32482567
727587552	ACC	8.827123	-3.49053	-0.3152544
727587561	ACC	8.827123	-3.5048869	-0.33439696
727587571	ACC	8.827123	-3.5671003	-0.36311084
727587580	ACC	8.793623	-3.6484563	-0.39661035
727587590	ACC	8.750552	-3.6484563	-0.39182472
727587599	ACC	8.673982	-3.667599	-0.37268212
727587609	ACC	8.578269	-3.7250266	-0.29132617
727587618	ACC	8.487342	-3.758526	-0.21954148
727587628	ACC	8.410771	-3.8063827	-0.123828575
727587637	ACC	8.410771	-3.8590248	-0.061615184
727587647	ACC	8.5016985	-3.9786658	-0.0041874396
727587656	ACC	8.673982	-4.127021	-0.047258247
727587666	ACC	8.908479	-4.289733	-0.12861422
727587675	ACC	9.080762	-4.433302	-0.29132617
727587685	ACC	9.21476	-4.519444	-0.43968117
727587694	ACC	9.24826	-4.49073	-0.60717875
727587704	ACC	9.29133	-4.4093738	-0.68853474
727587713	ACC	9.3200445	-4.222734	-0.7268199
727587723	ACC	9.387043	-3.964309	-0.7268199
727587732	ACC	9.401401	-3.720241	-0.7220342
727587742	ACC	9.367901	-3.4666018	-0.71724856
727587751	ACC	9.300901	-3.3278182	-0.6789634
727587761	ACC	9.186047	-3.1794631	-0.5736792
727587770	ACC	9.080762	-3.1028929	-0.34396824
727587780	ACC	9.008977	-3.0933216	-0.16689938
727587789	ACC	8.88455	-3.1555347	-0.018544376
727587799	ACC	8.841479	-3.246462	0.034097724
727587808	ACC	8.784052	-3.3469608	0.06281159
727587818	ACC	8.779266	-3.394817	0.024526432
727587827	ACC	8.803194	-3.3900316	-0.10468599
727587837	ACC	8.865408	-3.4043884	-0.32961133
727587846	ACC	8.970692	-3.4187453	-0.5401797
727587856	ACC	9.06162	-3.4187453	-0.7603194
727587865	ACC	9.133404	-3.4139597	-1.0283155
727587875	ACC	9.238688	-3.423531	-1.3010973
727587884	ACC	9.387043	-3.4713874	-1.5403795
727587894	ACC	9.497113	-3.5048869	-1.736591
727587903	ACC	9.525827	-3.5288153	-1.9232312
727587913	ACC	9.5353985	-3.5240295	-2.0141585
727587922	ACC	9.559326	-3.5144582	-1.9998015
727587932	ACC	9.611969	-3.5048869	-1.9328024
727587941	ACC	9.741181	-3.4666018	-1.7940187
727587951	ACC	9.856036	-3.399603	-1.6073786
727587960	ACC	9.95175	-3.3326037	-1.4638093
727587970	ACC	10.023534	-3.2656047	-1.3824533
727587979	ACC	9.994821	-3.1986058	-1.3489537
727587989	ACC	9.908679	-3.1363924	-1.3345969
727587998	ACC	9.745967	-3.0646076	-1.3250256
727588008	ACC	9.583255	-3.0358937	-1.3441681
727588017	ACC	9.468399	-3.0406795	-1.372882
727588027	ACC	9.401401	-3.0837502	-1.372882
727588036	ACC	9.315259	-3.1459637	-1.358525
727588046	ACC	9.24826	-3.1890345	-1.372882
727588055	ACC	9.133404	-3.2368908	-1.358525
727588065	ACC	9.056833	-3.260819	-1.3298112
727588074	ACC	8.999406	-3.251248	-1.2867404
727588084	ACC	8.975478	-3.251248	-1.238884
727588093	ACC	8.970692	-3.2368908	-1.1910275
727588103	ACC	8.965906	-3.2033913	-1.1575279
727588112	ACC	8.989835	-3.1986058	-1.1527423
727588122	ACC	8.970692	-3.1794631	-1.0953146
727588131	ACC	9.018549	-3.1603205	-0.994816
727588141	ACC	9.075976	-3.1507492	-0.8895318
727588150	ACC	9.133404	-3.126821	-0.76510507
727588160	ACC	9.209974	-3.1316066	-0.65982085
727588169	ACC	9.205189	-3.1363924	-0.59282184
727588179	ACC	9.162118	-3.0885358	-0.5353941
727588188	ACC	9.109476	-3.074179	-0.46839502
727588198	ACC	9.085547	-3.0885358	-0.4109673
727588207	ACC	9.109476	-3.0502508	-0.35353956
727588217	ACC	9.209974	-3.098107	-0.2961118
727588226	ACC	9.339187	-3.1316066	-0.26261228
727588235	ACC	9.425328	-3.1220353	-0.21954148
727588245	ACC	9.51147	-3.0885358	-0.19082761
727588254	ACC	9.645468	-3.0502508	-0.23868406
727588264	ACC	9.750752	-3.0311081	-0.37268212
727588273	ACC	9.798609	-2.9401808	-0.5306084
727588283	ACC	9.827323	-2.858825	-0.7076773
727588292	ACC	9.760324	-2.7678976	-0.92303133
727588302	ACC	9.698111	-2.7391837	-1.090529
727588311	ACC	9.631111	-2.71047	-1.1766706
727588321	ACC	9.554541	-2.7678976	-1.1814562
727588330	ACC	9.645468	-2.9066813	-1.076172
727588340	ACC	9.846465	-3.0358937	-0.9421739
727588349	ACC	10.061819	-3.0550363	-0.78424764
727588359	ACC	10.334601	-3.0837502	-0.7076773
727588368	ACC	10.530812	-3.1363924	-0.76989067
727588378	ACC	10.645668	-3.1603205	-0.89431745
727588387	ACC	10.573883	-3.1507492	-1.0426725
727588397	ACC	10.372886	-3.045465	-1.1623136
727588406	ACC	10.1288185	-2.9593234	-1.1623136
727588416	ACC	9.927821	-2.9306095	-1.1048858
727588425	ACC	10.013963	-2.9880373	-0.9517452
727588435	ACC	10.219746	-3.1316066	-0.7890333
727588444	ACC	10.372886	-3.1076784	-0.6454639
727588454	ACC	10.463814	-3.0550363	-0.5353941
727588463	ACC	10.463814	-3.0502508	-0.52582276
727588473	ACC	10.3441725	-3.0598218	-0.6454639
727588482	ACC	10.114461	-3.112464	-0.74117684
727588492	ACC	9.812965	-3.165106	-0.7746763
727588501	ACC	9.458828	-3.2177482	-0.71246296
727588511	ACC	9.128618	-3.2943187	-0.6119644
727588520	ACC	8.88455	-3.370889	-0.4971089
727588530	ACC	8.736196	-3.4713874	-0.39182472
727588539	ACC	8.69791	-3.5527434	-0.2865405
727588549	ACC	8.62134	-3.5814574	-0.19561325
727588558	ACC	8.578269	-3.49053	-0.17168503
727588568	ACC	8.583055	-3.3804603	-0.15732808
727588577	ACC	8.611769	-3.2416766	-0.18604197
727588587	ACC	8.645268	-3.126821	-0.3056831
727588596	ACC	8.669196	-3.045465	-0.42532423
727588606	ACC	8.683554	-2.9976087	-0.5688936
727588615	ACC	8.62134	-3.0023942	-0.631107
727588625	ACC	8.578269	-3.0933216	-0.6789634
727588634	ACC	8.5112705	-3.2416766	-0.70289165
727588644	ACC	8.477771	-3.4570305	-0.6693921
727588653	ACC	8.477771	-3.7010984	-0.59760743
727588663	ACC	8.544769	-3.9547377	-0.4971089
727588672	ACC	8.626125	-4.150949	-0.42532423
727588682	ACC	8.7266245	-4.2801614	-0.40618163
727588691	ACC	8.851051	-4.328018	-0.39661035
727588701	ACC	8.999406	-4.2705903	-0.4444668
727588710	ACC	9.162118	-4.1557345	-0.5353941
727588720	ACC	9.32483	-4.0648074	-0.68853474
727588729	ACC	9.458828	-3.9930227	-0.83688974
727588739	ACC	9.540184	-3.9403806	-0.9421739
727588748	ACC	9.573684	-3.9164524	-0.98524475
727588758	ACC	9.568898	-3.9212382	-0.9421739
727588767	ACC	9.573684	-3.949952	-0.83688974
727588777	ACC	9.564112	-3.9403806	-0.6789634
727588786	ACC	9.540184	-3.8733816	-0.5210371
727588796	ACC	9.473185	-3.7728832	-0.39661035
727588805	ACC	9.35833	-3.667599	-0.30089745
727588815	ACC	9.257831	-3.5671003	-0.22911277
727588824	ACC	9.142975	-3.4809587	-0.119042926
727588834	ACC	9.013762	-3.4283166	5.9820566E-4
727588843	ACC	8.860622	-3.4283166	0.096311115
727588853	ACC	8.707481	-3.4666018	0.22073789
727588862	ACC	8.549556	-3.5383866	0.37387854
727588872	ACC	8.353344	-3.586243	0.5461618
727588881	ACC	8.161918	-3.638885	0.6658029
727588891	ACC	8.003992	-3.6915271	0.799801
727588900	ACC	7.91785	-3.7441692	0.86201435
727588910	ACC	7.8891363	-3.7920256	0.9098708
727588919	ACC	7.9034934	-3.7968113	0.933799
727588929	ACC	8.02792	-3.8111682	0.86201435
727588938	ACC	8.142776	-3.8255253	0.7375876
727588948	ACC	8.262417	-3.8015969	0.49830532
727588957	ACC	8.4347	-3.815954	0.23030917
727588967	ACC	8.592627	-3.7968113	-0.071186475
727588976	ACC	8.712267	-3.7680974	-0.2434697
727588986	ACC	8.841479	-3.720241	-0.4109673
727588995	ACC	8.932407	-3.6723845	-0.59282184
727589005	ACC	8.932407	-3.6149569	-0.7268199
727589014	ACC	8.975478	-3.5814574	-0.83688974
727589024	ACC	8.965906	-3.5527434	-0.9613165
727589033	ACC	8.99462	-3.5431721	-1.0426725
727589043	ACC	9.032906	-3.6053855	-1.0953146
727589052	ACC	9.02812	-3.638885	-1.1096715
727589062	ACC	9.037691	-3.6484563	-1.061815
727589071	ACC	9.0951185	-3.6819558	-1.0091729
727589081	ACC	9.119047	-3.720241	-0.8991031
727589090	ACC	9.056833	-3.734598	-0.7268199
727589100	ACC	8.956335	-3.7154553	-0.59760743
727589109	ACC	8.91805	-3.7441692	-0.5162515
727589119	ACC	8.879765	-3.7298124	-0.44925246
727589128	ACC	8.846265	-3.705884	-0.4109673
727589138	ACC	8.874979	-3.720241	-0.37268212
727589147	ACC	8.922835	-3.7106698	-0.3822534
727589157	ACC	8.956335	-3.6867416	-0.41575295
727589166	ACC	9.008977	-3.7106698	-0.45882374
727589176	ACC	9.06162	-3.7728832	-0.48753762
727589185	ACC	9.123833	-3.8590248	-0.5449654
727589195	ACC	9.276974	-4.069593	-0.6119644
727589204	ACC	9.401401	-4.2801614	-0.68853474
727589214	ACC	9.5353985	-4.4572306	-0.75553375
727589223	ACC	9.640682	-4.6055856	-0.8321041
727589233	ACC	9.765109	-4.6582274	-0.8847462
727589242	ACC	9.870394	-4.5673003	-0.9182457
727589252	ACC	9.970892	-4.313661	-0.8847462
727589261	ACC	10.004392	-3.949952	-0.8560323
727589271	ACC	9.994821	-3.5671003	-0.8560323
727589280	ACC	10.033105	-3.2991042	-0.92303133
727589290	ACC	10.028319	-3.112464	-0.94695956
727589299	ACC	9.9038925	-3.0119655	-0.86081797
727589309	ACC	9.678967	-3.0023942	-0.7363912
727589318	ACC	9.420543	-3.0502508	-0.5593223
727589328	ACC	9.171689	-3.1794631	-0.33918262
727589337	ACC	9.008977	-3.3517463	-0.123828575
727589347	ACC	8.913264	-3.4761732	0.08673982
727589356	ACC	8.91805	-3.5766716	0.24945176
727589366	ACC	8.980264	-3.610171	0.34516466
727589375	ACC	9.0951185	-3.610171	0.27816564
727589385	ACC	9.29133	-3.6053855	0.04366901
727589394	ACC	9.454042	-3.586243	-0.32961133
727589404	ACC	9.540184	-3.571886	-0.7316055
727589413	ACC	9.554541	-3.571886	-1.076172
727589423	ACC	9.573684	-3.571886	-1.3441681
727589432	ACC	9.58804	-3.6293137	-1.535594
727589442	ACC	9.554541	-3.6723845	-1.588236
727589451	ACC	9.497113	-3.6963127	-1.588236
727589461	ACC	9.458828	-3.6819558	-1.521237
727589470	ACC	9.410972	-3.6771703	-1.3250256
727589480	ACC	9.363115	-3.6293137	-1.0378869
727589489	ACC	9.281759	-3.5144582	-0.71724856
727589499	ACC	9.209974	-3.4043884	-0.4636094
727589508	ACC	9.133404	-3.3517463	-0.32961133
727589518	ACC	9.047262	-3.3661032	-0.253041
727589527	ACC	8.913264	-3.342175	-0.16689938
727589537	ACC	8.750552	-3.313461	-0.0424726
727589546	ACC	8.611769	-3.2656047	0.081954174
727589556	ACC	8.487342	-3.222534	0.17766708
727589565	ACC	8.453842	-3.165106	0.1680958
727589575	ACC	8.487342	-3.1076784	0.081954174
727589584	ACC	8.62134	-3.0789645	-0.071186475
727589594	ACC	8.717052	-3.0502508	-0.253041
727589603	ACC	8.860622	-2.9736803	-0.4779663
727589613	ACC	9.018549	-2.9832516	-0.69332033
727589622	ACC	9.157332	-2.9353952	-0.86081797
727589632	ACC	9.209974	-2.858825	-1.0187442
727589641	ACC	9.300901	-2.7822545	-1.2005987
727589651	ACC	9.434899	-2.7726831	-1.3824533
727589660	ACC	9.487542	-2.7343981	-1.5499508
727589670	ACC	9.51147	-2.7008986	-1.6408781
727589679	ACC	9.497113	-2.6769702	-1.6600207
727589689	ACC	9.497113	-2.7056842	-1.6121643
727589698	ACC	9.559326	-2.7918258	-1.50688
727589708	ACC	9.631111	-2.8827531	-1.3537394
727589717	ACC	9.645468	-2.9593234	-1.1431711
727589727	ACC	9.674182	-3.016751	-0.9613165
727589736	ACC	9.726824	-3.045465	-0.8177471
727589746	ACC	9.827323	-3.0646076	-0.7603194
727589755	ACC	9.932607	-3.0693932	-0.7316055
727589765	ACC	10.018748	-3.0263224	-0.76510507
727589774	ACC	10.023534	-2.9736803	-0.86081797
727589784	ACC	9.970892	-2.9736803	-0.98524475
727589793	ACC	9.9038925	-2.9976087	-1.0713863
727589803	ACC	9.769895	-3.0215368	-1.0713863
727589812	ACC	9.688539	-3.0646076	-1.0139586
727589822	ACC	9.650253	-3.1076784	-0.91346
727589831	ACC	9.712467	-3.1555347	-0.86560357
727589841	ACC	9.84168	-3.1986058	-0.79860455
727589850	ACC	9.9756775	-3.1890345	-0.8177471
727589860	ACC	10.028319	-3.19382	-0.86081797
727589869	ACC	10.057034	-3.1603205	-0.9182457
727589879	ACC	10.004392	-3.1220353	-0.994816
727589888	ACC	9.91825	-3.0885358	-1.076172
727589898	ACC	9.803394	-3.112464	-1.1048858
727589907	ACC	9.635897	-3.1028929	-1.1144571
727589917	ACC	9.497113	-3.1555347	-1.090529
727589926	ACC	9.415757	-3.251248	-1.0187442
727589936	ACC	9.372686	-3.3565319	-0.92303133
727589945	ACC	9.35833	-3.4043884	-0.8129615
727589955	ACC	9.343972	-3.4331024	-0.70289165
727589964	ACC	9.363115	-3.4761732	-0.6358926
727589974	ACC	9.353543	-3.49053	-0.59282184
727589983	ACC	9.305687	-3.4713874	-0.56410795
727589993	ACC	9.281759	-3.4522448	-0.549751
727590002	ACC	9.238688	-3.4187453	-0.52582276
727590012	ACC	9.229117	-3.399603	-0.5162515
727590021	ACC	9.262616	-3.3661032	-0.51146585
727590031	ACC	9.286545	-3.3230324	-0.50189453
727590040	ACC	9.296116	-3.2703903	-0.51146585
727590050	ACC	9.229117	-3.2368908	-0.5306084
727590059	ACC	9.171689	-3.222534	-0.5066802
727590069	ACC	9.128618	-3.289533	-0.4636094
727590078	ACC	9.080762	-3.3852458	-0.40618163
727590088	ACC	9.008977	-3.4713874	-0.28175488
727590097	ACC	8.927621	-3.5958142	-0.15732808
727590107	ACC	8.8701935	-3.6723845	0.014955142
727590116	ACC	8.894122	-3.7776687	0.1585245
727590126	ACC	8.879765	-3.8111682	0.28773692
727590135	ACC	8.91805	-3.815954	0.3595216
727590145	ACC	8.946764	-3.8303108	0.3930211
727590154	ACC	8.941978	-3.8781674	0.34516466
727590164	ACC	8.927621	-3.9308095	0.28773692
727590173	ACC	8.865408	-4.0408792	0.22073789
727590183	ACC	8.822337	-4.19402	0.1585245
727590192	ACC	8.793623	-4.390231	0.11066805
727590202	ACC	8.836694	-4.572086	0.05802595
727590211	ACC	8.836694	-4.667799	0.029312078
727590221	ACC	8.860622	-4.686941	-0.071186475
727590230	ACC	8.903693	-4.6486564	-0.15254244
727590240	ACC	8.898908	-4.6007996	-0.27218357
727590249	ACC	8.908479	-4.5098724	-0.37268212
727590259	ACC	8.937193	-4.4572306	-0.49232325
727590268	ACC	8.99462	-4.4093738	-0.60717875
727590278	ACC	9.052048	-4.3854456	-0.6406783
727590287	ACC	9.037691	-4.3758745	-0.6454639
727590297	ACC	9.008977	-4.371089	-0.6263213
727590306	ACC	8.913264	-4.3758745	-0.5688936
727590316	ACC	8.807981	-4.3854456	-0.44925246
727590325	ACC	8.73141	-4.3758745	-0.3056831
727590335	ACC	8.673982	-4.3328037	-0.18125631
727590344	ACC	8.58784	-4.2610188	-0.07597212
727590354	ACC	8.563912	-4.1988053	-0.023330022
727590363	ACC	8.4347	-4.1461635	0.014955142
727590373	ACC	8.329415	-4.074379	0.07238288
727590382	ACC	8.238488	-4.031308	0.2111666
727590392	ACC	8.228917	-4.026522	0.34516466
727590401	ACC	8.2049885	-4.0121655	0.4456632
727590411	ACC	8.128419	-4.0217366	0.5270192
727590420	ACC	8.042277	-4.0408792	0.53659046
727590430	ACC	7.9800634	-4.060022	0.53180486
727590439	ACC	7.9226356	-4.0791645	0.50787663
727590449	ACC	7.946564	-4.0887356	0.4552345
727590458	ACC	8.003992	-4.098307	0.38344982
727590468	ACC	8.118847	-4.127021	0.33559337
727590477	ACC	8.219346	-4.150949	0.2542374
727590487	ACC	8.348558	-4.1174498	0.13459627
727590496	ACC	8.4682	-4.1030927	-0.05682954
727590506	ACC	8.597412	-4.0887356	-0.20518455
727590515	ACC	8.664411	-4.08395	-0.31046873
727590525	ACC	8.673982	-4.0408792	-0.39661035
727590534	ACC	8.688339	-3.9978085	-0.4636094
727590544	ACC	8.702696	-3.9930227	-0.5162515
727590553	ACC	8.788837	-3.9786658	-0.5066802
727590563	ACC	8.860622	-4.016951	-0.5066802
727590572	ACC	8.956335	-4.0648074	-0.48753762
727590581	ACC	9.004191	-4.069593	-0.4444668
727590591	ACC	9.037691	-4.1174498	-0.401396
727590600	ACC	9.085547	-4.1700916	-0.3152544
727590610	ACC	9.119047	-4.1700916	-0.20997019
727590619	ACC	9.200403	-4.165306	-0.09990034
727590629	ACC	9.276974	-4.1605206	-0.028115666
727590638	ACC	9.32483	-4.1174498	0.014955142
727590648	ACC	9.3104725	-4.069593	0.048454657
727590657	ACC	9.267402	-4.0121655	0.07716853
727590667	ACC	9.224331	-3.9595232	0.08673982
727590676	ACC	9.243474	-3.9260237	0.096311115
727590686	ACC	9.272188	-3.9451663	0.11066805
727590695	ACC	9.35833	-3.964309	0.091525465
727590705	ACC	9.444471	-3.9308095	0.06281159
727590714	ACC	9.554541	-3.9595232	0.010169496
727590724	ACC	9.678967	-3.9930227	-0.08554341
727590733	ACC	9.846465	-4.031308	-0.18125631
727590743	ACC	9.994821	-4.107878	-0.28175488
727590752	ACC	10.147961	-4.2131624	-0.35353956
727590762	ACC	10.310673	-4.2801614	-0.39661035
727590771	ACC	10.47817	-4.289733	-0.43968117
727590781	ACC	10.621739	-4.256233	-0.51146585
727590790	ACC	10.679168	-4.127021	-0.57846487
727590800	ACC	10.626525	-3.8733816	-0.6646065
727590809	ACC	10.621739	-3.6197424	-0.78424764
727590819	ACC	10.540383	-3.4139597	-0.8991031
727590828	ACC	10.482956	-3.3373895	-1.0091729
727590838	ACC	10.229317	-3.3230324	-1.0426725
727590847	ACC	9.702896	-3.3278182	-0.94695956
727590857	ACC	9.032906	-3.3517463	-0.7603194
727590866	ACC	8.5112705	-3.4474592	-0.6263213
727590876	ACC	8.286345	-3.638885	-0.401396
727590885	ACC	8.190632	-3.8063827	-0.0424726
727590895	ACC	8.2049885	-3.882953	0.31166515
727590904	ACC	8.348558	-3.9260237	0.57009
727590914	ACC	8.58784	-4.016951	0.637089
727590923	ACC	8.7984085	-4.069593	0.53659046
727590933	ACC	8.8701935	-3.9690945	0.24466611
727590942	ACC	8.860622	-3.854239	-0.26739794
727590952	ACC	8.803194	-3.7920256	-0.76989067
727590961	ACC	8.774481	-3.734598	-1.0522437
727590971	ACC	8.717052	-3.6484563	-1.2053844
727590980	ACC	8.73141	-3.5623147	-1.3010973
727590990	ACC	8.812766	-3.5336008	-1.3776677
727590999	ACC	8.879765	-3.586243	-1.4733806
727591009	ACC	8.898908	-3.6580276	-1.5164514
727591018	ACC	8.975478	-3.7298124	-1.521237
727591028	ACC	9.075976	-3.8111682	-1.4542379
727591037	ACC	9.262616	-3.882953	-1.2963116
727591047	ACC	9.516255	-3.9451663	-1.1575279
727591056	ACC	9.765109	-3.9403806	-1.061815
727591066	ACC	9.9756775	-3.8925242	-0.994816
727591075	ACC	10.124033	-3.8111682	-0.98524475
727591085	ACC	10.100104	-3.7298124	-1.061815
727591094	ACC	9.9756775	-3.6963127	-1.224527
727591104	ACC	9.693324	-3.6532419	-1.2867404
727591113	ACC	9.339187	-3.5814574	-1.21017
727591123	ACC	8.989835	-3.5383866	-1.0043873
727591132	ACC	8.7984085	-3.4666018	-0.71246296
727591142	ACC	8.721839	-3.4331024	-0.45882374
727591151	ACC	8.788837	-3.5288153	-0.2865405
727591161	ACC	8.908479	-3.5383866	-0.17647067
727591170	ACC	9.004191	-3.4713874	-0.07597212
727591180	ACC	9.047262	-3.437888	-0.07597212
727591189	ACC	9.066405	-3.3613176	-0.253041
727591199	ACC	8.999406	-3.289533	-0.5401797
727591208	ACC	8.970692	-3.260819	-0.8225328
727591218	ACC	8.908479	-3.251248	-1.076172
727591227	ACC	8.836694	-3.2273195	-1.1958131
727591237	ACC	8.855837	-3.2656047	-1.21017
727591246	ACC	8.941978	-3.313461	-1.1862419
727591256	ACC	9.071191	-3.3230324	-1.1240284
727591265	ACC	9.315259	-3.3373895	-1.0091729
727591275	ACC	9.530613	-3.3373895	-0.846461
727591284	ACC	9.674182	-3.3230324	-0.7938189
727591294	ACC	9.698111	-3.3326037	-0.85124665
727591303	ACC	9.5353985	-3.2703903	-0.98524475
727591313	ACC	9.387043	-3.2703903	-0.97567344
727591322	ACC	9.554541	-3.461816	-1.1479566
727591332	ACC	9.822537	-3.6053855	-1.3298112
727591341	ACC	9.798609	-3.5623147	-1.4829519
727591351	ACC	9.698111	-3.6580276	-0.9613165
727591360	ACC	9.827323	-3.519244	-0.7603194
727591370	ACC	9.985249	-3.2129626	-0.7268199
727591379	ACC	10.258031	-3.126821	-0.6550352
727591389	ACC	10.5690975	-3.3469608	-0.6550352
727591398	ACC	10.583454	-3.557529	-0.7746763
727591408	ACC	10.870593	-3.165106	-0.8895318
727591417	ACC	10.693524	-3.1076784	-0.6646065
727591427	ACC	11.152946	-3.1363924	-0.32004002
727591436	ACC	11.02852	-3.1890345	-0.33439696
727591446	ACC	11.0811615	-3.0023942	-0.22911277
727591455	ACC	11.009377	-2.830111	-0.26739794
727591465	ACC	10.990234	-2.777469	-0.028115666
727591474	ACC	11.263016	-2.6961129	-0.047258247
727591484	ACC	11.430513	-2.667399	-0.3056831
727591493	ACC	11.29173	-3.0311081	0.34037903
727591503	ACC	11.239088	-3.2368908	0.94337034
727591512	ACC	10.827522	-3.0933216	1.1012967
727591522	ACC	10.234102	-2.7439694	1.0438689
727591531	ACC	9.635897	-2.7822545	1.1108679
727591541	ACC	9.305687	-2.89711	0.95772725
727591550	ACC	9.401401	-2.925824	0.89072824
727591560	ACC	9.4636135	-3.0933216	1.1730813
727591569	ACC	9.497113	-3.165106	1.8526429
727591579	ACC	9.688539	-3.1698918	2.1828525
727591588	ACC	9.77468	-3.1172497	1.8047864
727591598	ACC	9.645468	-2.9545379	1.5511472
727591607	ACC	9.391829	-2.8444679	2.0344975
727591617	ACC	9.262616	-2.9593234	2.067997
727591626	ACC	9.114262	-2.8923244	1.5559329
727591636	ACC	8.62134	-2.7726831	1.5607185
727591645	ACC	8.520842	-2.6051857	2.2546372
727591655	ACC	8.492127	-2.2223341	2.9246275
727591664	ACC	8.640483	-1.7868403	3.2979078
727591674	ACC	9.157332	-2.0644078	3.5084763
727591683	ACC	9.3200445	-1.8777676	4.202395
727591693	ACC	9.142975	-1.5714862	4.7192445
727591702	ACC	9.24826	-1.8825532	4.4895334
727591712	ACC	9.3200445	-2.088336	3.9631126
727591721	ACC	9.372686	-2.5764718	4.3172503
727591731	ACC	9.353543	-2.9832516	5.599803
727591740	ACC	8.664411	-2.858825	5.456234
727591750	ACC	7.611569	-1.8729819	6.3607206
727591759	ACC	7.448857	-1.5044873	7.5571322
727591769	ACC	6.735796	-1.3800604	4.829314
727591778	ACC	5.845666	-1.0833504	2.513062
727591788	ACC	5.8743796	-0.738784	2.5992036
727591797	ACC	6.128019	-0.8153543	4.1114674
727591807	ACC	6.7262244	-0.62871414	5.432306
727591816	ACC	7.448857	-0.67178494	6.0783677
727591826	ACC	7.372287	-0.84406817	6.154938
727591835	ACC	6.8745794	-0.8249256	6.0161543
727591845	ACC	6.5922265	-0.6765706	5.886942
727591854	ACC	6.1232333	-0.65264237	5.3796635
727591864	ACC	5.5537415	-0.36550367	5.24088
727591873	ACC	5.5202417	0.055633128	5.580661
727591883	ACC	5.7690954	0.23748764	6.1645093
727591892	ACC	6.0227346	0.02213361	6.6765733
727591902	ACC	5.5393844	0.10827523	6.786643
727591911	ACC	5.0656056	0.42412782	6.8392854
727591921	ACC	5.3240304	0.5246264	7.408777
727591930	ACC	5.352744	0.42891344	7.6863446
727591940	ACC	4.9986067	0.4528417	7.3513494
727591949	ACC	4.644469	0.68255264	7.3609204
727591959	ACC	4.395615	0.7304091	7.652845
727591968	ACC	4.2711883	0.55334026	7.576275
727591978	ACC	4.132405	0.49112684	7.2125654
727591987	ACC	4.0941195	0.6346962	7.3896346
727591997	ACC	4.0414777	0.8500503	7.7389865
727592006	ACC	3.8404803	0.81655073	7.829914
727592016	ACC	3.562913	0.77826554	8.073982
727592025	ACC	3.586841	0.73519474	8.47119
727592035	ACC	3.6634114	0.4528417	8.748757
727592044	ACC	3.586841	0.41934216	8.887542
727592054	ACC	3.696911	0.70648086	9.069396
727592063	ACC	3.735196	0.77826554	8.997611
727592073	ACC	4.0127635	0.77347994	9.3613205
727592082	ACC	4.5391846	0.6346962	9.390035
727592092	ACC	4.347759	0.45762733	9.184252
727592101	ACC	3.912265	0.70169526	9.150752
727592111	ACC	3.7686956	0.974477	9.169894
727592120	ACC	3.7447674	0.9170493	9.2895355
727592130	ACC	3.739982	0.75912297	9.3613205
727592139	ACC	3.696911	0.7256235	9.5048895
727592149	ACC	3.6394832	0.8213364	9.681958
727592158	ACC	3.682554	0.86919284	9.710672
727592168	ACC	3.8069808	0.9026923	9.839885
727592177	ACC	3.8404803	0.8979067	9.830314
727592187	ACC	3.6490545	0.78783685	9.792028
727592196	ACC	3.481557	0.70169526	9.839885
727592206	ACC	3.4480574	0.7112665	9.945169
727592215	ACC	3.4480574	0.7160522	10.179666
727592225	ACC	3.5772698	0.6681957	10.198809
727592234	ACC	3.778267	0.6155536	9.921241
727592244	ACC	3.7830527	0.6346962	9.528818
727592253	ACC	4.7832522	0.70169526	9.222537
727592263	ACC	5.070391	1.1371889	8.681759
727592272	ACC	4.831109	1.6061822	8.160124
727592282	ACC	6.0370917	1.6827525	7.571489
727592291	ACC	6.410372	1.9651057	7.0259256
727592301	ACC	5.9413786	1.8981066	7.4470625
727592310	ACC	4.668397	1.2424731	8.638688
727592320	ACC	3.5533416	0.66341007	9.2895355
727592329	ACC	2.481357	0.4336991	9.61496
727592339	ACC	1.5337993	0.46241298	9.61496
727592348	ACC	1.174876	0.5102694	9.949955
727592358	ACC	1.3519448	0.29491538	9.921241
727592367	ACC	1.4476577	0.3044867	9.7681
727592377	ACC	1.4237294	0.5485546	9.595817
727592386	ACC	1.4620147	0.6011967	9.538389
727592396	ACC	1.6295122	0.5629115	9.069396
727592405	ACC	1.7826529	0.69212395	8.7679
727592415	ACC	2.0554347	0.84047896	8.700901
727592424	ACC	2.3808584	0.8787641	8.581261
727592434	ACC	2.6871397	0.9984053	8.461619
727592443	ACC	2.9742785	1.1754742	8.332407
727592453	ACC	3.0556345	1.2568301	8.365906
727592462	ACC	2.9359934	1.2329018	8.499905
727592472	ACC	2.6632116	1.1659029	8.791828
727592481	ACC	2.3952155	1.1419746	9.117252
727592491	ACC	2.160719	1.1419746	9.342177
727592500	ACC	2.103291	1.1563315	9.485747
727592510	ACC	2.1080768	1.1754742	9.485747
727592519	ACC	2.2468605	1.204188	9.428319
727592529	ACC	2.3856442	1.2233306	9.380463
727592538	ACC	2.4622145	1.2424731	9.256036
727592548	ACC	2.5627131	1.2999009	9.227323
727592557	ACC	2.6392834	1.3716856	9.155538
727592567	ACC	2.644069	1.4338989	9.323035
727592576	ACC	2.792424	1.4195421	10.055239
727592586	ACC	3.1226335	0.73519474	9.557532
727592595	ACC	2.7158537	1.2664014	8.126624
727592605	ACC	2.5579274	1.5822539	7.868199
727592614	ACC	2.7158537	1.6923238	7.9016986
727592624	ACC	2.9072795	1.797608	8.246265
727592633	ACC	3.0987053	1.6205392	8.839685
727592643	ACC	3.117848	1.3908281	9.428319
727592652	ACC	2.9072795	1.4913267	9.969097
