727604499	ACC	1.8305093	2.295315	9.131609
727604518	ACC	1.9262222	2.3383858	9.145967
727604537	ACC	1.9405792	2.25703	9.131609
727604556	ACC	1.9597218	2.3862424	9.155538
727604575	ACC	1.6965113	2.2857437	9.327821
727604594	ACC	1.820938	2.2522442	9.519247
727604613	ACC	2.1511476	2.3144577	9.54796
727604632	ACC	2.184647	2.3862424	9.409177
727604651	ACC	2.0602202	2.3383858	9.404391
727604670	ACC	1.8257236	2.2139592	9.399606
727604689	ACC	1.7060826	2.094318	9.538389
727604708	ACC	1.8448663	2.0847468	9.619745
727604726	ACC	2.0075781	2.161317	9.418748
727604745	ACC	2.0171494	2.1948166	9.184252
727604764	ACC	1.9549361	2.1565313	9.078967
727604783	ACC	1.8113668	2.0895324	9.122038
727604802	ACC	1.8592232	2.0991037	9.169894
727604821	ACC	2.0602202	2.14696	9.246465
727604840	ACC	2.050649	2.1852453	9.25125
727604859	ACC	1.9262222	2.2474587	9.303893
727604878	ACC	1.820938	2.204388	9.500104
727604897	ACC	1.8927227	2.1996021	9.7298155
727604916	ACC	1.9645073	2.2713869	9.686745
727604935	ACC	1.8640088	2.2761726	9.605389
727604954	ACC	1.7922242	2.2618155	9.591031
727604973	ACC	1.7874385	2.2905295	9.509675
727604992	ACC	1.7635103	2.3288147	9.31825
727605011	ACC	1.8065811	2.3192434	9.342177
727605030	ACC	1.7156538	2.3431716	9.332606
727605049	ACC	1.5672989	2.324029	9.313464
727605068	ACC	1.6390835	2.3192434	9.308679
727605087	ACC	1.7730815	2.352743	9.227323
727605106	ACC	1.8113668	2.3575284	9.208179
727605125	ACC	1.8592232	2.3431716	9.31825
727605144	ACC	1.8400806	2.295315	9.433105
727605163	ACC	1.8975084	2.3001008	9.413962
727605182	ACC	1.8783658	2.3336003	9.366106
727605201	ACC	1.9118652	2.3288147	9.303893
727605220	ACC	1.8927227	2.3144577	9.404391
727605239	ACC	1.98365	2.324029	9.452248
727605258	ACC	1.9166509	2.3575284	9.31825
727605277	ACC	1.6630118	2.3048863	9.198608
727605296	ACC	1.605584	2.2618155	9.667602
727605484	ACC	2.1750758	2.3336003	8.791828
727605494	ACC	2.2468605	2.25703	8.715259
727605503	ACC	2.7972097	2.4197419	8.375478
727605513	ACC	3.1082766	2.4340987	8.160124
727605522	ACC	3.1896327	2.4293132	8.327621
727605532	ACC	3.3284163	2.4197419	8.327621
727605541	ACC	3.6011982	2.4101706	8.370692
727605551	ACC	3.7304106	2.3575284	8.42812
727605560	ACC	3.9840498	2.3144577	8.442476
727605570	ACC	4.098905	2.295315	8.274979
727605579	ACC	3.979264	2.4675984	7.9926257
727605589	ACC	3.912265	2.74038	7.8921275
727605598	ACC	3.8548372	2.6829524	7.451848
727605608	ACC	3.9074793	2.7068806	7.179066
727605617	ACC	3.926622	2.7930222	7.2987075
727605627	ACC	4.208975	2.7116663	7.4470625
727605636	ACC	4.35733	2.5106692	7.13121
727605646	ACC	3.7447674	2.8695927	7.0689964
727605655	ACC	3.4432719	3.094518	6.9445696
727605665	ACC	3.912265	2.984448	6.786643
727605674	ACC	4.5726843	2.8313074	6.494719
727605684	ACC	4.4578285	2.7595227	5.8390856
727605693	ACC	4.476971	2.6015964	5.604589
727605703	ACC	4.237689	2.6590242	5.642874
727605712	ACC	4.304688	2.6590242	5.738587
727605722	ACC	4.4195433	2.5154548	6.0975103
727605731	ACC	4.6971107	2.1852453	6.288936
727605741	ACC	4.941179	1.9746768	6.073582
727605750	ACC	5.716453	1.9842482	5.6763735
727605760	ACC	7.520642	1.7066808	5.279165
727605769	ACC	2.821138	2.5872395	4.484748
727605779	ACC	4.3094735	3.2333016	3.699902
727605788	ACC	5.7930236	2.6925237	2.5465615
727605798	ACC	5.515456	1.9363917	2.3886352
727605807	ACC	5.4819565	2.0512471	2.4029922
727605817	ACC	5.515456	1.9411774	2.7475586
727605826	ACC	6.0801625	1.3286148	3.135196
727605836	ACC	6.558727	0.9314062	3.1686954
727605845	ACC	6.7645097	0.8500503	3.1974092
727605855	ACC	6.960721	0.75912297	3.2165518
727605864	ACC	7.204789	0.5341976	2.996412
727605874	ACC	7.4919276	0.32362926	2.690131
727605883	ACC	7.84128	0.093918286	2.4029922
727605893	ACC	8.300702	-0.04965107	2.0344975
727605902	ACC	8.803194	-0.19800608	1.6181463
727605912	ACC	8.965906	-0.29850462	1.1730813
727605921	ACC	8.889337	-0.35593235	0.53659046
727605931	ACC	8.7984085	-0.4229314	-0.15254244
727605940	ACC	8.812766	-0.52342993	-0.76510507
727605950	ACC	9.037691	-0.65264237	-1.2436695
727605959	ACC	9.473185	-0.79142606	-1.4015958
727605969	ACC	10.147961	-0.90149593	-1.3106686
727605978	ACC	10.837093	-0.97806627	-1.0378869
727605988	ACC	11.162518	-1.102493	-0.76510507
727605997	ACC	11.310873	-1.2364911	-0.549751
727606007	ACC	11.487942	-1.4279169	-0.5162515
727606016	ACC	11.85165	-1.6049858	-0.32482567
727606026	ACC	11.909079	-1.805983	-0.08075777
727606035	ACC	11.799008	-2.0117657	0.15373886
727606045	ACC	11.775081	-2.2175484	0.38823548
727606054	ACC	11.598011	-2.3898315	0.58923256
727606064	ACC	11.478371	-2.6004	0.68494546
727606073	ACC	11.636296	-2.8827531	0.7902297
727606083	ACC	12.038291	-3.0933216	1.0103694
727606092	ACC	12.631711	-3.19382	1.2831511
727606102	ACC	13.048062	-3.2081769	1.4985052
727606111	ACC	12.9236355	-3.0646076	1.5080764
727606121	ACC	12.861422	-2.8492537	1.378864
727606130	ACC	12.803994	-2.7008986	1.096511
727606140	ACC	12.655639	-2.5286152	0.79501534
727606149	ACC	12.669996	-2.4568307	0.4552345
727606159	ACC	12.96192	-2.4999015	0.096311115
727606168	ACC	13.234702	-2.4855444	-0.052043892
727606178	ACC	13.4022	-2.452045	-0.24825534
727606187	ACC	13.445271	-2.4089742	-0.35353956
727606197	ACC	13.430914	-2.3754747	-0.44925246
727606206	ACC	13.320844	-2.385046	-0.62153566
727606216	ACC	13.119846	-2.4185455	-0.79860455
727606225	ACC	12.74178	-2.41376	-0.8177471
727606235	ACC	12.234502	-2.3802602	-0.6646065
727606244	ACC	11.736795	-2.41376	-0.44925246
727606254	ACC	11.25823	-2.533401	-0.14297116
727606263	ACC	10.80838	-2.6578279	0.2111666
727606273	ACC	10.387243	-2.777469	0.4456632
727606282	ACC	9.9756775	-2.801397	0.60358953
727606292	ACC	9.693324	-2.9880373	0.6658029
727606301	ACC	9.497113	-3.0837502	0.4408776
727606311	ACC	9.257831	-3.0933216	0.20638095
727606320	ACC	9.1669035	-3.141178	-0.061615184
727606330	ACC	9.276974	-3.2560334	-0.30089745
727606339	ACC	9.387043	-3.3756745	-0.51146585
727606349	ACC	9.262616	-3.5240295	-0.71246296
727606358	ACC	9.415757	-3.6005998	-0.74596244
727606368	ACC	9.315259	-3.6484563	-0.8321041
727606377	ACC	9.415757	-3.7298124	-0.95653087
727606387	ACC	9.683753	-3.7680974	-0.994816
727606396	ACC	10.018748	-3.7824545	-0.99960166
727606406	ACC	10.085748	-3.8015969	-1.1862419
727606415	ACC	10.506885	-3.7393837	-1.1431711
727606425	ACC	10.554741	-3.7489548	-1.3489537
727606434	ACC	10.597812	-3.7776687	-1.5403795
727606444	ACC	10.444671	-3.6819558	-1.655235
727606453	ACC	10.07139	-3.7824545	-1.7030915
727606463	ACC	9.946963	-3.6293137	-1.8514465
727606472	ACC	9.707682	-3.4570305	-1.3441681
727606482	ACC	9.334401	-3.6053855	-1.238884
727606491	ACC	9.209974	-3.7106698	-1.1623136
727606501	ACC	8.99462	-3.7968113	-0.9517452
727606510	ACC	8.712267	-3.935595	-1.0426725
727606520	ACC	8.415557	-4.016951	-1.1096715
727606529	ACC	8.185846	-4.107878	-1.0474582
727606539	ACC	8.018349	-4.275376	-1.1766706
727606548	ACC	7.9130645	-4.342375	-1.2915261
727606558	ACC	7.884351	-4.299304	-1.2053844
727606567	ACC	7.836494	-4.1892343	-1.0809577
727606577	ACC	8.248059	-4.0887356	-0.92303133
727606586	ACC	8.066205	-3.9260237	-0.83688974
727606596	ACC	7.984849	-3.720241	-0.8033902
727606605	ACC	8.099705	-3.49053	-0.68853474
727606615	ACC	8.353344	-3.3469608	-0.5306084
727606624	ACC	8.645268	-3.1890345	-0.401396
727606634	ACC	8.812766	-3.0119655	-0.32961133
727606643	ACC	9.109476	-2.8492537	-0.26739794
727606652	ACC	9.564112	-2.7726831	-0.28175488
727606662	ACC	10.143175	-2.6721847	-0.2961118
727606671	ACC	11.263016	-2.8348966	-0.44925246
727606681	ACC	11.358729	-2.5477579	-0.9804591
727606690	ACC	10.951949	-2.179263	-0.6550352
727606700	ACC	10.904093	-1.8729819	-0.48275197
727606709	ACC	11.085947	-1.777269	-0.59282184
727606719	ACC	10.636097	-1.9016958	-0.65024954
727606728	ACC	10.468599	-1.7294126	-0.48275197
727606738	ACC	10.626525	-1.561915	-0.17647067
727606747	ACC	10.674382	-1.7389839	0.10109676
727606757	ACC	10.822737	-1.9016958	0.2015953
727606766	ACC	11.018949	-1.9591235	0.2015953
727606776	ACC	11.306087	-1.805983	-0.047258247
727606785	ACC	11.425728	-1.8825532	-0.6023931
727606795	ACC	11.243874	-2.184049	-1.0857433
727606804	ACC	10.956735	-2.3084757	-1.4015958
727606814	ACC	11.526227	-2.0548365	-1.1910275
727606823	ACC	11.320444	-2.3946173	-0.94695956
727606833	ACC	11.425728	-2.423331	-0.67417777
727606842	ACC	11.693725	-2.667399	-0.48275197
727606852	ACC	11.578869	-2.8779674	-0.4109673
727606861	ACC	11.526227	-2.8348966	-0.18125631
727606871	ACC	11.263016	-2.964109	-0.066400826
727606880	ACC	10.985449	-3.1028929	-0.023330022
727606890	ACC	10.827522	-3.1698918	0.04366901
727606899	ACC	10.765309	-3.2799616	0.11545369
727606909	ACC	10.928021	-3.3517463	0.16331014
727606918	ACC	11.13859	-3.370889	0.096311115
727606928	ACC	11.411371	-3.409174	-0.1381855
727606937	ACC	11.693725	-3.4283166	-0.57846487
727606947	ACC	11.73201	-3.437888	-0.92303133
727606956	ACC	11.66501	-3.4139597	-1.2197413
727606966	ACC	11.511869	-3.4139597	-1.5738791
727606975	ACC	11.2343025	-3.3613176	-1.7988044
727606985	ACC	10.966306	-3.3230324	-1.8945173
727606994	ACC	10.727024	-3.2847474	-1.9471594
727607004	ACC	10.487741	-3.2273195	-1.8466609
727607013	ACC	10.2723875	-3.1220353	-1.6408781
727607023	ACC	10.109675	-3.0406795	-1.4015958
727607032	ACC	10.085748	-3.00718	-1.2053844
727607042	ACC	10.430314	-3.1316066	-1.1001002
727607051	ACC	10.660025	-3.112464	-1.0283155
727607061	ACC	10.798809	-3.016751	-0.8847462
727607070	ACC	11.02852	-2.748755	-0.85124665
727607080	ACC	11.10509	-2.571686	-1.1575279
727607089	ACC	11.119447	-2.452045	-1.5164514
727607099	ACC	10.880164	-2.370689	-1.8897316
727607108	ACC	10.363315	-2.2462623	-2.263012
727607118	ACC	9.779466	-2.0452652	-2.612364
727607127	ACC	9.272188	-1.9064814	-2.8037899
727607137	ACC	8.937193	-1.8538394	-2.8277183
727607146	ACC	8.62134	-1.8299111	-2.6554348
727607156	ACC	8.29113	-1.8346968	-2.3204398
727607165	ACC	7.932207	-1.8203398	-1.884946
727607175	ACC	7.769495	-1.911267	-1.4829519
727607184	ACC	7.893922	-2.1936202	-1.0857433
727607194	ACC	7.9944205	-2.3898315	-0.7220342
727607203	ACC	7.9561353	-2.370689	-0.43010986
727607213	ACC	8.032705	-2.236691	-0.19561325
727607222	ACC	7.984849	-1.9543378	0.17288144
727607232	ACC	7.960921	-1.6097715	0.28773692
727607241	ACC	8.032705	-1.3082758	0.081954174
727607251	ACC	8.008778	-1.0211371	-0.21475583
727607260	ACC	7.9226356	-0.71007013	-0.5210371
727607270	ACC	7.798209	-0.47078785	-0.79860455
727607279	ACC	7.798209	-0.31286156	-0.9421739
727607289	ACC	7.7407813	-0.18843478	-0.927817
727607298	ACC	7.7120676	-0.14536397	-0.8321041
727607308	ACC	7.716853	-0.19800608	-0.6119644
727607317	ACC	7.597212	-0.26021945	-0.34396824
727607327	ACC	7.487142	-0.35114673	-0.01375873
727607336	ACC	7.530213	-0.38464624	0.29252258
727607346	ACC	7.6402826	-0.40857446	0.5461618
727607355	ACC	7.7407813	-0.37507495	0.76630145
727607365	ACC	7.999206	-0.2745764	0.90029955
727607374	ACC	8.271988	-0.20757736	0.9194421
727607384	ACC	8.559127	-0.14057833	0.799801
727607393	ACC	8.860622	-0.07836494	0.5844469
727607403	ACC	9.090333	-0.044865426	0.3499503
727607412	ACC	9.276974	-0.016151553	0.16331014
727607422	ACC	9.32483	0.02213361	0.029312078
727607431	ACC	9.224331	0.055633128	-0.071186475
727607441	ACC	9.032906	0.07956135	-0.16689938
727607450	ACC	8.874979	0.060418773	-0.21954148
727607460	ACC	8.750552	0.02213361	-0.26739794
727607469	ACC	8.6548395	-0.04007978	-0.33439696
727607479	ACC	8.578269	-0.15014961	-0.4109673
727607488	ACC	8.506484	-0.24107689	-0.46839502
727607498	ACC	8.439486	-0.34157544	-0.52582276
727607507	ACC	8.492127	-0.45164528	-0.5832505
727607517	ACC	8.5016985	-0.49471608	-0.60717875
727607526	ACC	8.458628	-0.5617151	-0.6358926
727607536	ACC	8.453842	-0.65264237	-0.71246296
727607545	ACC	8.449057	-0.71007013	-0.8225328
727607555	ACC	8.544769	-0.8105687	-0.8895318
727607564	ACC	8.616554	-0.8775677	-0.93260264
727607574	ACC	8.688339	-0.9302098	-1.0139586
727607583	ACC	8.784052	-0.97806627	-1.090529
727607593	ACC	8.932407	-1.0259227	-1.1623136
727607602	ACC	9.052048	-1.035494	-1.2532408
727607612	ACC	9.099904	-1.0785648	-1.3776677
727607621	ACC	9.18126	-1.11685	-1.4829519
727607631	ACC	9.219545	-1.1503495	-1.5547365
727607640	ACC	9.276974	-1.1694921	-1.6313069
727607650	ACC	9.29133	-1.1742777	-1.7222341
727607659	ACC	9.32483	-1.198206	-1.7844474
727607669	ACC	9.415757	-1.2364911	-1.7700906
727607678	ACC	9.583255	-1.265205	-1.7988044
727607688	ACC	9.745967	-1.2699906	-1.7988044
727607697	ACC	9.80818	-1.2843475	-1.7844474
727607707	ACC	9.860822	-1.3369896	-1.7700906
727607716	ACC	9.870394	-1.3848461	-1.7557336
727607726	ACC	9.8321085	-1.480559	-1.7078772
727607735	ACC	9.822537	-1.5954145	-1.6121643
727607745	ACC	9.889536	-1.7246269	-1.5116657
727607754	ACC	10.057034	-1.8681962	-1.3776677
727607764	ACC	10.253245	-2.0165513	-1.2197413
727607773	ACC	10.358529	-2.1744776	-1.0953146
727607783	ACC	10.459028	-2.30369	-1.0043873
727607792	ACC	10.430314	-2.3754747	-0.9086744
727607802	ACC	10.406385	-2.452045	-0.89431745
727607811	ACC	10.425529	-2.5142584	-0.92303133
727607821	ACC	10.506885	-2.6004	-0.99960166
727607830	ACC	10.73181	-2.71047	-1.0570294
727607840	ACC	10.985449	-2.801397	-1.0857433
727607849	ACC	11.162518	-2.868396	-1.090529
727607859	ACC	11.267802	-2.9353952	-1.0666007
727607868	ACC	11.301301	-2.9018958	-1.0091729
727607878	ACC	11.315659	-2.9018958	-0.95653087
727607887	ACC	11.301301	-2.8875387	-0.7938189
727607897	ACC	11.29173	-2.815754	-0.65024954
727607906	ACC	11.334801	-2.7583263	-0.51146585
727607916	ACC	11.411371	-2.8061829	-0.43968117
727607925	ACC	11.569298	-2.8492537	-0.37746778
727607935	ACC	11.617154	-2.8540392	-0.35353956
727607944	ACC	11.636296	-2.8205397	-0.32482567
727607954	ACC	11.5932255	-2.71047	-0.2961118
727607963	ACC	11.55494	-2.5238297	-0.29132617
727607973	ACC	11.631511	-2.289333	-0.33439696
727607982	ACC	11.784652	-2.00698	-0.44925246
727607992	ACC	11.85165	-1.6624135	-0.6023931
727608001	ACC	11.7463665	-1.2939188	-0.8033902
727608011	ACC	11.531013	-0.95413804	-1.0283155
727608020	ACC	11.210374	-0.79142606	-1.2484552
727608030	ACC	10.870593	-0.8105687	-1.387239
727608039	ACC	10.444671	-0.9206385	-1.4207385
727608049	ACC	9.95175	-1.1216356	-1.4159528
727608058	ACC	9.549755	-1.4327025	-1.3680964
727608068	ACC	9.219545	-1.7294126	-1.2675978
727608077	ACC	9.008977	-2.0500507	-1.1958131
727608087	ACC	8.941978	-2.356332	-1.0139586
727608096	ACC	8.99462	-2.5669005	-0.8560323
727608106	ACC	9.162118	-2.6721847	-0.74596244
727608115	ACC	9.458828	-2.629114	-0.8033902
727608125	ACC	9.650253	-2.504687	-0.86560357
727608134	ACC	9.80818	-2.3659034	-0.8895318
727608144	ACC	10.114461	-2.1361923	-1.2771691
727608153	ACC	10.291531	-1.9208384	-1.6887345
727608163	ACC	10.3681	-1.7676977	-1.9375881
727608172	ACC	10.339387	-1.5714862	-2.1194427
727608182	ACC	10.392029	-1.4566308	-2.1864417
727608191	ACC	10.339387	-1.5236298	-2.2342982
727608201	ACC	10.143175	-1.5140585	-2.129014
727608210	ACC	9.985249	-1.5667006	-1.8466609
727608220	ACC	9.851251	-1.6624135	-1.5020944
727608229	ACC	9.779466	-1.7341982	-1.1910275
727608239	ACC	9.745967	-1.8011973	-0.994816
727608248	ACC	9.693324	-1.7868403	-0.9517452
727608258	ACC	9.6071825	-1.7676977	-0.90388876
727608267	ACC	9.516255	-1.7246269	-0.92303133
727608277	ACC	9.458828	-1.6959131	-1.0570294
727608286	ACC	9.525827	-1.7389839	-1.1766706
727608296	ACC	9.583255	-1.777269	-1.2293127
727608305	ACC	9.631111	-1.762912	-1.2915261
727608315	ACC	9.631111	-1.7868403	-1.3968102
727608324	ACC	9.678967	-1.8299111	-1.4829519
727608334	ACC	9.669396	-1.8490537	-1.5451652
727608343	ACC	9.640682	-1.8777676	-1.5930216
727608353	ACC	9.6071825	-1.8825532	-1.6073786
727608362	ACC	9.688539	-1.9591235	-1.5595222
727608372	ACC	9.798609	-2.1505494	-1.5403795
727608381	ACC	9.798609	-2.2414765	-1.4877375
727608391	ACC	9.8321085	-2.2510478	-1.3968102
727608400	ACC	9.856036	-2.2462623	-1.3202399
727608410	ACC	9.946963	-2.2606192	-1.2628121
727608419	ACC	10.090533	-2.2701905	-1.2149557
727608429	ACC	10.234102	-2.236691	-1.1335998
727608438	ACC	10.372886	-2.179263	-1.0474582
727608448	ACC	10.463814	-2.1744776	-1.0139586
727608457	ACC	10.54517	-2.11705	-1.0522437
727608467	ACC	10.655239	-2.0835502	-1.090529
727608476	ACC	11.004591	-2.140978	-1.1718849
727608486	ACC	11.330015	-2.184049	-1.3154542
727608495	ACC	11.464013	-2.2031915	-1.4159528
727608505	ACC	11.631511	-2.2462623	-1.5499508
727608514	ACC	11.62194	-2.3228326	-1.6983058
727608524	ACC	11.521441	-2.3754747	-1.80359
727608533	ACC	11.468799	-2.466402	-1.8275183
727608543	ACC	11.569298	-2.720041	-1.7748762
727608552	ACC	11.755938	-2.9545379	-1.6600207
727608562	ACC	11.894721	-3.00718	-1.5643078
727608571	ACC	12.009577	-3.0023942	-1.521237
727608581	ACC	12.081362	-3.0885358	-1.5786648
727608590	ACC	12.071791	-3.1507492	-1.7892331
727608600	ACC	11.861222	-3.2081769	-1.9232312
727608609	ACC	11.411371	-3.2033913	-1.9710877
727608619	ACC	10.999805	-3.260819	-1.9232312
727608628	ACC	10.674382	-3.409174	-1.8275183
727608638	ACC	10.310673	-3.519244	-1.6600207
727608647	ACC	9.9756775	-3.6005998	-1.4207385
727608657	ACC	9.626326	-3.5910287	-1.1575279
727608666	ACC	9.267402	-3.4283166	-0.90388876
727608676	ACC	8.956335	-3.2081769	-0.71246296
727608685	ACC	8.788837	-3.00718	-0.549751
727608695	ACC	8.69791	-2.7631118	-0.48753762
727608704	ACC	8.640483	-2.5429723	-0.5449654
727608714	ACC	8.630911	-2.385046	-0.7076773
727608723	ACC	8.583055	-2.2462623	-0.994816
727608733	ACC	8.482556	-2.207977	-1.2628121
727608742	ACC	8.372486	-2.1744776	-1.4733806
727608752	ACC	8.228917	-2.1218355	-1.6408781
727608761	ACC	8.090134	-2.059622	-1.7174485
727608771	ACC	7.989635	-2.021337	-1.736591
727608780	ACC	7.932207	-1.9639091	-1.7700906
727608790	ACC	7.9657063	-1.9016958	-1.7796619
727608799	ACC	8.075776	-1.8538394	-1.7653049
727608809	ACC	8.118847	-1.8203398	-1.7318054
727608818	ACC	8.142776	-1.8107685	-1.669592
727608828	ACC	8.190632	-1.8490537	-1.5595222
727608837	ACC	8.29113	-2.0452652	-1.3920245
727608847	ACC	8.439486	-2.207977	-1.1910275
727608856	ACC	8.539984	-2.2989044	-1.0283155
727608866	ACC	8.640483	-2.3371894	-0.90388876
727608875	ACC	8.669196	-2.3276181	-0.87996054
727608885	ACC	8.664411	-2.274976	-0.99003035
727608894	ACC	8.659625	-2.1744776	-1.1288141
727608904	ACC	8.616554	-2.00698	-1.2436695
727608913	ACC	8.602198	-1.8394824	-1.372882
727608923	ACC	8.611769	-1.6671991	-1.4925231
727608932	ACC	8.693125	-1.5523437	-1.6121643
727608942	ACC	8.7984085	-1.5284154	-1.6169499
727608951	ACC	8.889337	-1.4901303	-1.5930216
727608961	ACC	8.91805	-1.4518452	-1.4781662
727608970	ACC	8.903693	-1.41356	-1.358525
727608980	ACC	8.807981	-1.3704891	-1.1910275
727608989	ACC	8.73141	-1.3130615	-1.0522437
727608999	ACC	8.669196	-1.3034902	-0.97567344
727609008	ACC	8.554341	-1.3034902	-0.89431745
727609018	ACC	8.5016985	-1.3130615	-0.75553375
727609027	ACC	8.492127	-1.3704891	-0.6119644
727609037	ACC	8.516056	-1.4039887	-0.50189453
727609046	ACC	8.539984	-1.4374882	-0.3822534
727609056	ACC	8.544769	-1.4470595	-0.24825534
727609065	ACC	8.626125	-1.4183456	-0.19082761
727609075	ACC	8.645268	-1.3896317	-0.18604197
727609084	ACC	8.626125	-1.3082758	-0.27218357
727609094	ACC	8.568698	-1.2125629	-0.42053857
727609103	ACC	8.606983	-1.1264212	-0.61675006
727609113	ACC	8.678768	-1.0642079	-0.8225328
727609122	ACC	8.779266	-1.0594223	-1.0283155
727609132	ACC	8.827123	-1.0642079	-1.1670992
727609141	ACC	8.874979	-1.0594223	-1.3058829
727609151	ACC	8.913264	-1.1216356	-1.387239
727609160	ACC	8.975478	-1.2221341	-1.4446666
727609170	ACC	9.047262	-1.317847	-1.4446666
727609179	ACC	9.133404	-1.4374882	-1.4638093
727609189	ACC	9.195618	-1.4997016	-1.4350954
727609198	ACC	9.262616	-1.4997016	-1.3776677
727609208	ACC	9.3104725	-1.5571294	-1.2963116
727609217	ACC	9.391829	-1.614557	-1.238884
727609227	ACC	9.6071825	-1.6911274	-1.1670992
727609236	ACC	10.004392	-1.7150556	-1.0713863
727609246	ACC	10.4159565	-1.643271	-0.93738824
727609255	ACC	10.942378	-1.5379868	-0.91346
727609265	ACC	11.454442	-1.5236298	-0.994816
727609274	ACC	11.751152	-1.4614165	-1.1479566
727609284	ACC	11.722438	-1.2699906	-1.3537394
727609293	ACC	11.483156	-1.0737791	-1.5547365
727609303	ACC	11.148161	-0.9445667	-1.683949
727609312	ACC	10.904093	-0.9062816	-1.7270198
727609322	ACC	10.746166	-0.95413804	-1.7318054
727609331	ACC	10.722239	-1.049851	-1.7222341
727609341	ACC	10.779666	-1.198206	-1.588236
727609350	ACC	10.794023	-1.3513466	-1.3202399
727609360	ACC	10.77488	-1.4757733	-1.0570294
727609369	ACC	10.770095	-1.5954145	-0.8751749
727609379	ACC	10.832308	-1.7485552	-0.8321041
727609388	ACC	10.846665	-1.8346968	-0.8703892
727609398	ACC	10.688739	-1.8251255	-0.97567344
727609407	ACC	10.430314	-1.8011973	-1.0713863
727609417	ACC	10.124033	-1.8203398	-1.1240284
727609426	ACC	9.851251	-1.8921245	-1.0713863
727609436	ACC	9.726824	-2.0644078	-0.93260264
727609445	ACC	9.698111	-2.2989044	-0.76989067
727609455	ACC	9.631111	-2.4903302	-0.5306084
727609464	ACC	9.51147	-2.480759	-0.22911277
727609474	ACC	9.458828	-2.3946173	0.024526432
727609483	ACC	9.430114	-2.1984057	0.19202402
727609493	ACC	9.391829	-1.9686948	0.24466611
727609502	ACC	9.372686	-1.7054844	0.14895321
727609512	ACC	9.267402	-1.5140585	-0.0041874396
727609521	ACC	9.109476	-1.3848461	-0.2434697
727609531	ACC	8.894122	-1.3896317	-0.4779663
727609540	ACC	8.592627	-1.5140585	-0.69332033
727609550	ACC	8.343773	-1.7006987	-0.8225328
727609559	ACC	8.29113	-1.9495523	-0.76989067
727609569	ACC	8.372486	-2.2606192	-0.5306084
727609578	ACC	8.573483	-2.4759731	-0.29132617
727609588	ACC	8.812766	-2.71047	-0.09990034
727609597	ACC	9.090333	-2.8731818	-0.023330022
727609607	ACC	9.396614	-2.9401808	-0.018544376
727609616	ACC	9.707682	-2.8827531	-0.1477568
727609626	ACC	9.970892	-2.7296124	-0.43010986
727609635	ACC	10.157532	-2.5429723	-0.8321041
727609645	ACC	10.305887	-2.3467607	-1.2867404
727609654	ACC	10.392029	-2.11705	-1.6456637
727609664	ACC	10.4016	-1.8873389	-1.9423738
727609673	ACC	10.4159565	-1.7581264	-2.1768703
727609683	ACC	10.540383	-1.8011973	-2.3252254
727609692	ACC	10.674382	-1.8825532	-2.3778675
727609702	ACC	10.717453	-1.8681962	-2.3587248
727609711	ACC	10.722239	-1.8442681	-2.2582264
727609721	ACC	10.736595	-1.791626	-2.1433709
727609730	ACC	10.765309	-1.7676977	-2.0524435
727609740	ACC	10.755738	-1.6959131	-1.9998015
727609749	ACC	10.7844515	-1.6049858	-1.9280169
727609759	ACC	10.693524	-1.5188441	-1.899303
727609768	ACC	10.5690975	-1.4087744	-1.9040886
727609778	ACC	10.3441725	-1.3417753	-1.9184456
727609787	ACC	10.033105	-1.2939188	-1.8897316
727609797	ACC	9.80818	-1.2604194	-1.8753748
727609806	ACC	9.650253	-1.2556337	-1.7557336
727609816	ACC	9.6071825	-1.265205	-1.5643078
727609825	ACC	9.640682	-1.265205	-1.4111671
727609835	ACC	9.726824	-1.2364911	-1.2675978
727609844	ACC	9.851251	-1.102493	-1.076172
727609854	ACC	10.10489	-1.0163515	-0.93738824
727609863	ACC	10.454242	-0.9302098	-0.8895318
727609873	ACC	10.674382	-0.85842514	-0.9613165
727609882	ACC	10.741381	-0.7962117	-1.1288141
727609892	ACC	10.612168	-0.76271224	-1.3058829
727609901	ACC	10.387243	-0.7292127	-1.4303098
727609911	ACC	10.133604	-0.7196414	-1.4590236
727609920	ACC	9.923036	-0.7052845	-1.4159528
727609930	ACC	9.784252	-0.738784	-1.2819548
727609939	ACC	9.803394	-0.7531409	-1.1001002
727609949	ACC	9.856036	-0.7722835	-0.90388876
727609958	ACC	10.004392	-0.8105687	-0.74117684
727609968	ACC	10.162318	-0.8679964	-0.6550352
727609977	ACC	10.296316	-0.91585284	-0.6119644
727609987	ACC	10.468599	-0.96849495	-0.5832505
727609996	ACC	10.688739	-1.0594223	-0.5880362
727610006	ACC	10.9375925	-1.1694921	-0.6263213
727610015	ACC	11.095519	-1.2077773	-0.6693921
727610024	ACC	11.167303	-1.2412767	-0.74117684
727610034	ACC	11.296515	-1.2939188	-0.8033902
727610043	ACC	11.4353	-1.3226327	-0.89431745
727610053	ACC	11.540584	-1.346561	-0.97567344
727610062	ACC	11.7463665	-1.466202	-0.994816
727610072	ACC	11.990435	-1.6624135	-0.9421739
727610081	ACC	12.105289	-1.7389839	-0.92303133
727610091	ACC	12.119647	-1.8251255	-0.927817
727610100	ACC	12.090933	-1.8729819	-0.9804591
727610110	ACC	12.019148	-1.8825532	-1.1335998
727610119	ACC	11.822937	-1.925624	-1.3154542
727610129	ACC	11.540584	-1.9974087	-1.387239
727610138	ACC	11.191232	-2.1505494	-1.3824533
727610148	ACC	10.999805	-2.4329023	-1.2723835
727610157	ACC	10.971092	-2.7631118	-1.0426725
727610167	ACC	10.999805	-2.9401808	-0.7507481
727610176	ACC	11.004591	-2.964109	-0.4971089
727610186	ACC	10.985449	-2.9066813	-0.37746778
727610195	ACC	10.832308	-2.7583263	-0.38703907
727610205	ACC	10.573883	-2.5908287	-0.5688936
727610214	ACC	10.224531	-2.4041886	-0.76510507
727610224	ACC	9.8321085	-2.2414765	-0.93260264
727610233	ACC	9.468399	-2.1361923	-1.0426725
727610243	ACC	9.133404	-2.0979073	-1.0570294
727610252	ACC	8.827123	-2.0835502	-0.9613165
727610262	ACC	8.616554	-2.11705	-0.84167534
727610271	ACC	8.568698	-2.1744776	-0.7363912
727610281	ACC	8.693125	-2.2797618	-0.6454639
727610290	ACC	8.822337	-2.3132613	-0.698106
727610300	ACC	8.956335	-2.3611178	-0.8225328
727610309	ACC	9.0951185	-2.3994029	-1.0091729
727610319	ACC	9.152547	-2.4089742	-1.2867404
727610328	ACC	9.047262	-2.3994029	-1.5020944
727610338	ACC	8.831908	-2.4185455	-1.6408781
727610347	ACC	8.755338	-2.5286152	-1.655235
727610357	ACC	8.7266245	-2.6482565	-1.6313069
727610366	ACC	8.788837	-2.7631118	-1.5547365
727610376	ACC	8.846265	-2.8348966	-1.4542379
727610385	ACC	8.889337	-2.7918258	-1.3968102
727610395	ACC	8.980264	-2.681756	-1.3776677
727610404	ACC	9.085547	-2.4999015	-1.4111671
727610414	ACC	9.186047	-2.274976	-1.5116657
727610423	ACC	9.186047	-1.9974087	-1.6408781
727610433	ACC	9.066405	-1.7724833	-1.736591
727610442	ACC	8.898908	-1.5858432	-1.7844474
727610452	ACC	8.779266	-1.4901303	-1.7126628
727610461	ACC	8.62134	-1.4327025	-1.5164514
727610471	ACC	8.420342	-1.4183456	-1.2675978
727610480	ACC	8.243274	-1.41356	-1.0666007
727610490	ACC	8.094919	-1.480559	-0.8751749
727610499	ACC	7.975278	-1.466202	-0.68853474
727610509	ACC	7.960921	-1.4518452	-0.52582276
727610518	ACC	8.032705	-1.4087744	-0.32482567
727610528	ACC	8.085348	-1.3417753	-0.18604197
727610537	ACC	8.152347	-1.2795619	-0.0951147
727610547	ACC	8.157132	-1.2939188	-0.10468599
727610556	ACC	8.2049885	-1.2987045	-0.1477568
727610566	ACC	8.233703	-1.2939188	-0.22432712
727610575	ACC	8.243274	-1.2556337	-0.36789647
727610585	ACC	8.267202	-1.2221341	-0.56410795
727610594	ACC	8.29113	-1.183849	-0.76510507
727610604	ACC	8.367701	-1.1886346	-0.9517452
727610613	ACC	8.5016985	-1.1694921	-1.0953146
727610623	ACC	8.616554	-1.11685	-1.2197413
727610632	ACC	8.7266245	-1.0594223	-1.3298112
727610642	ACC	8.88455	-1.0211371	-1.4159528
727610651	ACC	8.970692	-0.9493524	-1.50688
727610661	ACC	9.018549	-0.9349955	-1.5834504
727610670	ACC	9.037691	-0.95413804	-1.6217356
727610680	ACC	9.066405	-0.9828519	-1.6360924
727610689	ACC	9.104691	-1.0259227	-1.6360924
727610699	ACC	9.128618	-1.0929217	-1.6217356
727610708	ACC	9.162118	-1.1216356	-1.535594
727610718	ACC	9.18126	-1.1312069	-1.4350954
727610727	ACC	9.32483	-1.1694921	-1.358525
727610737	ACC	9.497113	-1.2556337	-1.3393825
727610746	ACC	9.602397	-1.3082758	-1.2628121
727610756	ACC	9.669396	-1.332204	-1.2149557
727610765	ACC	9.674182	-1.3657036	-1.1575279
727610775	ACC	9.693324	-1.3704891	-1.1048858
727610784	ACC	9.683753	-1.3992031	-1.076172
727610794	ACC	9.698111	-1.4183456	-1.061815
727610803	ACC	9.793823	-1.480559	-1.0522437
727610813	ACC	9.908679	-1.5523437	-1.0857433
727610822	ACC	9.980463	-1.6097715	-1.1575279
727610832	ACC	10.10489	-1.6911274	-1.2675978
727610841	ACC	10.124033	-1.7437695	-1.372882
727610851	ACC	10.176675	-1.7581264	-1.4446666
727610860	ACC	10.24846	-1.7868403	-1.5403795
727610870	ACC	10.310673	-1.8011973	-1.6408781
727610879	ACC	10.3681	-1.8011973	-1.6887345
727610889	ACC	10.382458	-1.7820547	-1.7318054
727610898	ACC	10.4351	-1.762912	-1.7748762
727610908	ACC	10.473385	-1.7437695	-1.7940187
727610917	ACC	10.459028	-1.7198412	-1.8083757
727610927	ACC	10.420743	-1.7006987	-1.817947
727610936	ACC	10.348958	-1.643271	-1.80359
727610946	ACC	10.267602	-1.614557	-1.7557336
727610955	ACC	10.234102	-1.6049858	-1.7126628
727610965	ACC	10.18146	-1.6576279	-1.6456637
727610974	ACC	10.262816	-1.7676977	-1.5595222
727610984	ACC	10.4016	-1.911267	-1.4877375
727610993	ACC	10.4159565	-1.939981	-1.4159528
727611003	ACC	10.348958	-1.8921245	-1.3106686
727611012	ACC	10.267602	-1.7294126	-1.238884
727611022	ACC	10.262816	-1.5092729	-1.238884
727611031	ACC	10.2723875	-1.250848	-1.2819548
727611041	ACC	10.296316	-1.0402796	-1.3633107
727611050	ACC	10.219746	-0.9349955	-1.4829519
727611060	ACC	10.10489	-0.9302098	-1.588236
727611069	ACC	9.937392	-1.0163515	-1.6217356
727611079	ACC	9.760324	-1.2029916	-1.5499508
727611088	ACC	9.6071825	-1.4566308	-1.4063815
727611098	ACC	9.578469	-1.7294126	-1.2005987
727611107	ACC	9.645468	-1.9878374	-0.94695956
727611117	ACC	9.822537	-2.179263	-0.74117684
727611126	ACC	9.980463	-2.236691	-0.59282184
727611136	ACC	10.167104	-2.1744776	-0.55453664
727611145	ACC	10.363315	-2.059622	-0.631107
727611155	ACC	10.530812	-1.8777676	-0.8560323
727611164	ACC	10.597812	-1.6241283	-1.1958131
727611174	ACC	10.597812	-1.3992031	-1.5499508
727611183	ACC	10.540383	-1.2173486	-1.817947
727611193	ACC	10.411171	-1.0211371	-1.9806589
727611202	ACC	10.310673	-0.93978107	-2.076372
727611212	ACC	10.229317	-0.8919246	-2.0715861
727611221	ACC	10.076176	-0.87278205	-1.9088743
727611231	ACC	10.023534	-0.9206385	-1.6935202
727611240	ACC	9.990034	-0.9637093	-1.4733806
727611250	ACC	9.937392	-0.9924232	-1.3106686
727611259	ACC	9.942178	-1.035494	-1.2340983
727611269	ACC	9.95175	-1.0785648	-1.1670992
727611278	ACC	9.879965	-1.0642079	-1.1623136
727611288	ACC	9.755538	-1.049851	-1.1479566
727611297	ACC	9.650253	-1.0929217	-1.1766706
727611307	ACC	9.554541	-1.11685	-1.1958131
727611316	ACC	9.410972	-1.11685	-1.2532408
727611326	ACC	9.262616	-1.1312069	-1.2053844
727611335	ACC	9.147761	-1.11685	-1.1575279
727611345	ACC	9.128618	-1.0977074	-1.0522437
727611354	ACC	9.305687	-1.1264212	-0.9661021
727611364	ACC	9.540184	-1.1455638	-0.8560323
727611373	ACC	9.84168	-1.1407782	-0.74596244
727611383	ACC	10.114461	-1.1120644	-0.7076773
727611392	ACC	10.348958	-1.0689936	-0.75553375
727611402	ACC	10.459028	-1.0307083	-0.89431745
727611411	ACC	10.516456	-1.0019945	-1.0522437
727611421	ACC	10.47817	-0.9589237	-1.1431711
727611430	ACC	10.439885	-0.9445667	-1.2293127
727611440	ACC	10.3681	-0.9493524	-1.2293127
727611449	ACC	10.301102	-0.9924232	-1.2340983
727611459	ACC	10.219746	-1.035494	-1.1862419
727611468	ACC	10.195817	-1.0546366	-1.1431711
727611478	ACC	10.267602	-1.0737791	-1.0522437
727611487	ACC	10.425529	-1.0785648	-0.9708878
727611497	ACC	10.717453	-1.0977074	-0.927817
727611506	ACC	10.966306	-1.0737791	-0.98524475
727611516	ACC	11.129018	-1.0211371	-1.0522437
727611525	ACC	11.181661	-0.9828519	-1.1958131
727611535	ACC	11.119447	-0.90149593	-1.358525
727611544	ACC	11.047662	-0.87278205	-1.521237
727611554	ACC	10.908878	-0.85842514	-1.602593
727611563	ACC	10.951949	-0.9445667	-1.5930216
727611573	ACC	11.267802	-1.1742777	-1.4685949
727611582	ACC	11.62194	-1.3130615	-1.2963116
727611592	ACC	11.904293	-1.3848461	-1.1240284
727611601	ACC	12.162718	-1.4709877	-1.1431711
727611611	ACC	12.368501	-1.5523437	-1.372882
727611620	ACC	12.425928	-1.6911274	-1.6169499
727611630	ACC	12.18186	-1.6911274	-1.7748762
727611639	ACC	11.842079	-1.6576279	-1.8466609
727611649	ACC	11.444871	-1.6528423	-1.8083757
727611658	ACC	11.10509	-1.643271	-1.6648064
727611668	ACC	10.980663	-1.7294126	-1.4685949
727611677	ACC	10.99502	-1.8490537	-1.3202399
727611687	ACC	10.928021	-1.8490537	-1.2053844
727611696	ACC	10.96152	-1.8490537	-1.1144571
727611706	ACC	11.052447	-1.9208384	-1.1431711
727611715	ACC	10.980663	-1.9160527	-1.2340983
727611725	ACC	10.727024	-1.925624	-1.2963116
727611734	ACC	10.3441725	-1.9304097	-1.3106686
727611744	ACC	9.927821	-1.939981	-1.2867404
727611753	ACC	9.669396	-2.0452652	-1.2149557
727611763	ACC	9.659825	-2.2462623	-1.1096715
727611772	ACC	9.77468	-2.4281168	-0.9708878
727611782	ACC	9.932607	-2.4951158	-0.8560323
727611791	ACC	10.033105	-2.466402	-0.79860455
727611801	ACC	10.10489	-2.4089742	-0.9517452
727611810	ACC	10.095319	-2.318047	-1.2293127
727611820	ACC	9.985249	-2.2606192	-1.5451652
727611829	ACC	9.789038	-2.2271197	-1.8083757
727611839	ACC	9.506684	-2.179263	-1.9423738
727611848	ACC	9.229117	-2.1218355	-1.9136599
727611858	ACC	9.013762	-2.0452652	-1.7748762
727611867	ACC	8.827123	-1.8825532	-1.6408781
727611877	ACC	8.784052	-1.7485552	-1.50688
727611886	ACC	8.851051	-1.6624135	-1.4255241
727611896	ACC	8.95155	-1.5523437	-1.4063815
727611905	ACC	9.02812	-1.4183456	-1.4015958
727611915	ACC	9.004191	-1.346561	-1.439881
727611924	ACC	8.894122	-1.3082758	-1.4829519
727611934	ACC	8.7266245	-1.2939188	-1.521237
727611943	ACC	8.487342	-1.2987045	-1.4685949
727611953	ACC	8.181061	-1.3082758	-1.3298112
727611962	ACC	8.018349	-1.317847	-1.1814562
727611972	ACC	7.975278	-1.2987045	-1.0666007
727611981	ACC	8.0614195	-1.2795619	-1.0235299
727611991	ACC	8.190632	-1.1694921	-1.061815
727612000	ACC	8.334201	-1.0307083	-1.1718849
727612010	ACC	8.487342	-0.9062816	-1.372882
727612019	ACC	8.616554	-0.7292127	-1.5451652
727612029	ACC	8.678768	-0.5617151	-1.6791633
727612038	ACC	8.712267	-0.42771706	-1.750948
727612048	ACC	8.650054	-0.34157544	-1.750948
727612057	ACC	8.492127	-0.27936205	-1.655235
727612067	ACC	8.372486	-0.293719	-1.4829519
727612076	ACC	8.233703	-0.3080759	-1.2675978
727612086	ACC	8.109276	-0.35593235	-1.1001002
727612095	ACC	8.032705	-0.44685963	-0.98524475
727612105	ACC	7.975278	-0.55692947	-0.92303133
727612114	ACC	7.946564	-0.58564335	-0.86081797
727612124	ACC	7.941778	-0.6334998	-0.84167534
727612133	ACC	8.003992	-0.67178494	-0.85124665
727612143	ACC	8.080562	-0.7148558	-0.90388876
727612152	ACC	8.042277	-0.69092757	-0.9708878
727612162	ACC	8.013563	-0.7052845	-1.0953146
727612171	ACC	8.018349	-0.7722835	-1.2340983
727612181	ACC	8.099705	-0.8392825	-1.3441681
727612190	ACC	8.243274	-0.9302098	-1.439881
727612200	ACC	8.405986	-1.0211371	-1.50688
727612209	ACC	8.535198	-1.1120644	-1.5978073
727612219	ACC	8.645268	-1.2173486	-1.655235
727612228	ACC	8.717052	-1.2939188	-1.683949
727612238	ACC	8.788837	-1.3657036	-1.7030915
727612247	ACC	8.846265	-1.4039887	-1.7078772
727612257	ACC	8.961121	-1.4231312	-1.6935202
727612266	ACC	9.128618	-1.4470595	-1.6983058
727612276	ACC	9.219545	-1.4327025	-1.7078772
727612285	ACC	9.257831	-1.3992031	-1.6983058
727612295	ACC	9.296116	-1.4374882	-1.6935202
727612304	ACC	9.32483	-1.5188441	-1.6983058
727612314	ACC	9.353543	-1.6815561	-1.6983058
727612323	ACC	9.3104725	-1.8011973	-1.6504494
727612333	ACC	9.257831	-1.9064814	-1.5690935
727612342	ACC	9.243474	-2.0261226	-1.4446666
727612352	ACC	9.24826	-2.0787647	-1.3633107
727612361	ACC	9.343972	-2.059622	-1.3106686
727612371	ACC	9.501899	-1.9878374	-1.2675978
727612380	ACC	9.678967	-1.8825532	-1.2580265
727612390	ACC	9.889536	-1.8155541	-1.238884
727612399	ACC	10.013963	-1.7341982	-1.2197413
727612409	ACC	10.037891	-1.7294126	-1.2149557
727612418	ACC	10.042677	-1.7485552	-1.2340983
727612428	ACC	9.999606	-1.8203398	-1.2819548
727612437	ACC	9.927821	-1.9543378	-1.2915261
727612447	ACC	9.84168	-2.1074786	-1.3441681
727612456	ACC	9.84168	-2.2319052	-1.3920245
727612466	ACC	9.860822	-2.332404	-1.3920245
727612475	ACC	9.879965	-2.4041886	-1.4446666
727612485	ACC	10.080962	-2.452045	-1.521237
727612494	ACC	10.377672	-2.4759731	-1.5930216
727612504	ACC	10.693524	-2.4329023	-1.6121643
727612513	ACC	10.851451	-2.3659034	-1.5978073
727612523	ACC	10.904093	-2.2989044	-1.5547365
727612532	ACC	10.736595	-2.140978	-1.4829519
727612542	ACC	10.5690975	-1.9782661	-1.4829519
727612551	ACC	10.387243	-1.8538394	-1.4973087
727612561	ACC	10.2723875	-1.7246269	-1.535594
727612570	ACC	10.152746	-1.6528423	-1.5978073
727612580	ACC	9.980463	-1.5858432	-1.6265212
727612589	ACC	9.84168	-1.5714862	-1.6265212
727612599	ACC	9.812965	-1.5762719	-1.6217356
727612608	ACC	9.856036	-1.5954145	-1.6169499
727612618	ACC	9.88475	-1.6049858	-1.588236
727612627	ACC	9.879965	-1.614557	-1.5690935
727612637	ACC	9.946963	-1.6959131	-1.5595222
727612646	ACC	10.004392	-1.7533408	-1.5499508
727612656	ACC	10.061819	-1.7102699	-1.5260227
727612665	ACC	10.24846	-1.7246269	-1.5403795
727612675	ACC	10.420743	-1.6863418	-1.6121643
727612684	ACC	10.554741	-1.6241283	-1.7222341
727612694	ACC	10.69831	-1.6241283	-1.817947
727612703	ACC	10.884951	-1.6480566	-1.8705891
727612713	ACC	11.162518	-1.7102699	-1.8562322
727612722	ACC	11.416157	-1.7485552	-1.7270198
727612732	ACC	11.598011	-1.7341982	-1.6313069
727612741	ACC	11.7463665	-1.6863418	-1.5834504
727612751	ACC	11.8899355	-1.6002002	-1.5690935
727612760	ACC	11.99522	-1.4470595	-1.5978073
727612770	ACC	12.100504	-1.2699906	-1.6600207
727612779	ACC	12.062219	-1.0929217	-1.6887345
727612789	ACC	11.947364	-0.95413804	-1.7222341
727612798	ACC	11.765509	-0.84406817	-1.7126628
727612808	ACC	11.569298	-0.80578303	-1.6360924
727612817	ACC	11.373086	-0.7722835	-1.4829519
727612827	ACC	11.196017	-0.73399836	-1.3345969
727612836	ACC	10.96152	-0.7435696	-1.2293127
727612846	ACC	10.746166	-0.77706915	-1.1670992
727612855	ACC	10.516456	-0.82013994	-1.1240284
727612864	ACC	10.320244	-0.8392825	-1.1288141
727612874	ACC	10.171889	-0.8536395	-1.1096715
727612883	ACC	10.13839	-0.9349955	-1.1144571
727612893	ACC	10.13839	-0.9876375	-1.1288141
727612902	ACC	10.147961	-1.0594223	-1.1623136
727612912	ACC	10.21496	-1.1455638	-1.2197413
727612921	ACC	10.315458	-1.250848	-1.2819548
727612931	ACC	10.468599	-1.3800604	-1.3250256
727612940	ACC	10.655239	-1.5427724	-1.2867404
727612950	ACC	10.856236	-1.7341982	-1.2484552
727612959	ACC	11.033305	-1.9016958	-1.1814562
727612969	ACC	11.215159	-2.0165513	-1.0809577
727612978	ACC	11.3683	-2.00698	-1.0139586
727612988	ACC	11.578869	-1.9782661	-0.95653087
727612997	ACC	11.775081	-1.9639091	-0.93738824
727613007	ACC	11.818151	-1.939981	-0.994816
727613016	ACC	11.933006	-1.9639091	-1.061815
727613026	ACC	11.947364	-2.0261226	-1.0426725
727613035	ACC	11.832508	-2.0739791	-0.99003035
727613045	ACC	11.612369	-2.169692	-0.86081797
727613054	ACC	11.349157	-2.2989044	-0.631107
727613064	ACC	11.133803	-2.4903302	-0.37268212
727613073	ACC	10.956735	-2.5812573	-0.09032906
727613083	ACC	10.822737	-2.6243281	0.17288144
727613092	ACC	10.755738	-2.6386852	0.3595216
727613102	ACC	10.674382	-2.614757	0.45044887
727613111	ACC	10.554741	-2.5477579	0.43130627
727613121	ACC	10.339387	-2.4903302	0.3164508
727613130	ACC	10.047462	-2.423331	0.16331014
727613140	ACC	9.664611	-2.385046	0.024526432
727613149	ACC	9.276974	-2.3611178	-0.09990034
727613159	ACC	8.985049	-2.3754747	-0.10468599
727613168	ACC	8.774481	-2.3946173	-0.123828575
727613178	ACC	8.645268	-2.4951158	-0.09990034
727613187	ACC	8.755338	-2.6865416	-0.066400826
727613197	ACC	9.066405	-2.8827531	-0.14297116
727613206	ACC	9.367901	-2.9832516	-0.29132617
727613216	ACC	9.750752	-3.1076784	-0.47318068
727613225	ACC	10.080962	-3.19382	-0.78424764
727613235	ACC	10.21496	-3.222534	-1.2005987
727613244	ACC	10.195817	-3.1603205	-1.5547365
727613254	ACC	10.052248	-3.1028929	-1.8227327
727613263	ACC	9.994821	-3.1028929	-2.018944
727613273	ACC	10.066605	-3.1794631	-2.1337996
727613282	ACC	10.100104	-3.1172497	-2.1864417
727613292	ACC	10.114461	-2.978466	-2.2055843
727613301	ACC	10.143175	-2.8636105	-2.2534406
727613311	ACC	10.080962	-2.748755	-2.3347967
727613320	ACC	9.927821	-2.5908287	-2.4209383
727613330	ACC	9.712467	-2.466402	-2.3922246
727613339	ACC	9.454042	-2.41376	-2.2151556
727613349	ACC	9.176475	-2.3898315	-1.9232312
727613358	ACC	8.941978	-2.4041886	-1.6504494
727613368	ACC	8.721839	-2.4711876	-1.4159528
727613377	ACC	8.520842	-2.5812573	-1.1862419
727613387	ACC	8.487342	-2.7248268	-0.9708878
727613396	ACC	8.563912	-2.8253253	-0.8321041
727613406	ACC	8.645268	-2.8444679	-0.78424764
727613415	ACC	8.693125	-2.777469	-0.8321041
727613425	ACC	8.769695	-2.7008986	-1.0713863
727613434	ACC	8.7984085	-2.6051857	-1.4015958
727613444	ACC	8.788837	-2.4903302	-1.6743777
727613453	ACC	8.855837	-2.3754747	-1.8897316
727613463	ACC	8.841479	-2.2845473	-2.076372
727613472	ACC	8.817552	-2.1936202	-2.1816561
727613482	ACC	8.721839	-2.1457636	-2.2438695
727613491	ACC	8.58784	-2.0739791	-2.224727
727613501	ACC	8.506484	-2.0117657	-2.1768703
727613510	ACC	8.539984	-2.0021944	-2.1003
727613520	ACC	8.578269	-1.9830518	-1.9615164
727613529	ACC	8.578269	-1.911267	-1.8370895
727613539	ACC	8.5016985	-1.8586249	-1.7700906
727613548	ACC	8.429914	-1.805983	-1.7174485
727613558	ACC	8.319844	-1.805983	-1.6935202
727613567	ACC	8.267202	-1.8203398	-1.6935202
727613577	ACC	8.262417	-1.8346968	-1.6456637
727613586	ACC	8.224132	-1.8107685	-1.5834504
727613596	ACC	8.2145605	-1.8346968	-1.5643078
727613605	ACC	8.200203	-1.8586249	-1.5547365
727613615	ACC	8.2049885	-1.8299111	-1.5451652
727613624	ACC	8.224132	-1.7964116	-1.521237
727613634	ACC	8.262417	-1.7437695	-1.4925231
727613643	ACC	8.343773	-1.7294126	-1.5116657
727613653	ACC	8.386844	-1.6815561	-1.5690935
727613662	ACC	8.377272	-1.643271	-1.6313069
727613672	ACC	8.372486	-1.6719848	-1.7078772
727613681	ACC	8.429914	-1.762912	-1.8466609
727613691	ACC	8.563912	-1.8921245	-1.9423738
727613700	ACC	8.645268	-1.9926231	-1.9998015
727613710	ACC	8.712267	-2.0739791	-2.0045872
727613719	ACC	8.812766	-2.1984057	-1.9998015
727613729	ACC	8.91805	-2.2606192	-1.9567307
727613738	ACC	9.008977	-2.2989044	-1.8801605
727613748	ACC	9.119047	-2.3276181	-1.817947
727613757	ACC	9.267402	-2.3754747	-1.7796619
727613767	ACC	9.425328	-2.3994029	-1.7413766
727613776	ACC	9.540184	-2.4185455	-1.6887345
727613786	ACC	9.573684	-2.423331	-1.669592
727613795	ACC	9.564112	-2.4089742	-1.683949
727613805	ACC	9.54497	-2.4041886	-1.6743777
727613814	ACC	9.525827	-2.4089742	-1.6456637
727613824	ACC	9.521041	-2.3898315	-1.6456637
727613833	ACC	9.54497	-2.4089742	-1.6360924
727613843	ACC	9.54497	-2.41376	-1.588236
727613852	ACC	9.5353985	-2.3994029	-1.5260227
727613862	ACC	9.6071825	-2.3946173	-1.4350954
727613871	ACC	9.731609	-2.4041886	-1.4063815
727613881	ACC	9.923036	-2.3946173	-1.3489537
727613890	ACC	10.13839	-2.423331	-1.3298112
727613900	ACC	10.296316	-2.4472594	-1.3824533
727613909	ACC	10.377672	-2.452045	-1.4255241
727613919	ACC	10.334601	-2.4041886	-1.4877375
727613928	ACC	10.2723875	-2.3659034	-1.5116657
727613938	ACC	10.258031	-2.3419752	-1.521237
727613947	ACC	10.262816	-2.30369	-1.5595222
727613957	ACC	10.305887	-2.2989044	-1.5260227
727613966	ACC	10.320244	-2.2271197	-1.50688
727613976	ACC	10.301102	-2.1649063	-1.4494523
727613985	ACC	10.262816	-2.1218355	-1.3920245
727613995	ACC	10.191031	-2.088336	-1.3441681
727614004	ACC	10.162318	-2.059622	-1.2675978
727614014	ACC	10.066605	-2.035694	-1.1623136
727614023	ACC	9.985249	-2.0404794	-1.0331012
727614033	ACC	9.913465	-2.0548365	-0.9182457
727614042	ACC	9.822537	-2.088336	-0.8177471
727614052	ACC	9.760324	-2.1218355	-0.78424764
727614061	ACC	9.702896	-2.155335	-0.7890333
727614071	ACC	9.717253	-2.1649063	-0.8033902
727614080	ACC	9.765109	-2.1601207	-0.9086744
727614090	ACC	9.836894	-2.169692	-1.0043873
727614099	ACC	9.908679	-2.1361923	-1.1335998
727614109	ACC	10.033105	-2.1122642	-1.2675978
727614118	ACC	10.186246	-2.1074786	-1.358525
727614128	ACC	10.195817	-2.059622	-1.439881
727614137	ACC	10.210175	-2.0404794	-1.4303098
727614147	ACC	10.224531	-2.0739791	-1.358525
727614156	ACC	10.296316	-2.0644078	-1.2532408
727614166	ACC	10.358529	-2.0117657	-1.1814562
727614175	ACC	10.463814	-1.9782661	-1.1335998
727614185	ACC	10.559526	-1.925624	-1.1479566
727614194	ACC	10.621739	-1.8394824	-1.1910275
727614204	ACC	10.7126665	-1.7389839	-1.2580265
727614213	ACC	10.817951	-1.6624135	-1.3250256
727614223	ACC	10.951949	-1.614557	-1.3680964
727614232	ACC	11.07159	-1.5332011	-1.4590236
727614242	ACC	11.100305	-1.3896317	-1.5164514
727614251	ACC	11.109876	-1.317847	-1.5116657
727614261	ACC	11.066805	-1.2173486	-1.5116657
727614270	ACC	10.956735	-1.1886346	-1.4638093
727614280	ACC	10.884951	-1.2412767	-1.3393825
727614289	ACC	10.798809	-1.250848	-1.2197413
727614299	ACC	10.746166	-1.2604194	-1.0809577
727614308	ACC	10.69831	-1.3034902	-0.9517452
727614318	ACC	10.564312	-1.3226327	-0.8751749
727614327	ACC	10.444671	-1.317847	-0.86081797
727614337	ACC	10.325029	-1.317847	-0.84167534
727614346	ACC	10.157532	-1.2987045	-0.846461
727614356	ACC	10.057034	-1.2987045	-0.86081797
727614365	ACC	10.047462	-1.3417753	-0.8847462
727614375	ACC	10.066605	-1.3704891	-0.95653087
727614384	ACC	10.147961	-1.4279169	-1.0331012
727614394	ACC	10.21496	-1.494916	-1.1527423
727614403	ACC	10.258031	-1.494916	-1.2723835
727614413	ACC	10.296316	-1.5523437	-1.3968102
727614422	ACC	10.339387	-1.6241283	-1.5116657
727614432	ACC	10.363315	-1.6767704	-1.5978073
727614441	ACC	10.372886	-1.7150556	-1.6408781
727614451	ACC	10.372886	-1.762912	-1.6217356
727614460	ACC	10.473385	-1.8777676	-1.6169499
727614470	ACC	10.506885	-1.9160527	-1.6408781
727614479	ACC	10.540383	-1.9351953	-1.6265212
727614489	ACC	10.559526	-2.00698	-1.6265212
727614498	ACC	10.626525	-2.0787647	-1.6360924
727614508	ACC	10.612168	-2.1649063	-1.6121643
727614517	ACC	10.583454	-2.2606192	-1.521237
727614527	ACC	10.487741	-2.370689	-1.4015958
727614536	ACC	10.411171	-2.4568307	-1.2580265
727614546	ACC	10.439885	-2.6338995	-1.1096715
727614555	ACC	10.473385	-2.8109684	-1.0139586
727614565	ACC	10.444671	-2.8827531	-0.9517452
727614574	ACC	10.463814	-2.978466	-0.927817
727614584	ACC	10.411171	-3.0598218	-0.9804591
727614593	ACC	10.2723875	-3.0598218	-1.0139586
727614603	ACC	10.13839	-3.1220353	-1.0235299
727614612	ACC	10.066605	-3.2129626	-1.0378869
727614622	ACC	9.994821	-3.2847474	-1.0426725
727614631	ACC	9.894321	-3.289533	-1.0043873
727614641	ACC	9.731609	-3.2321053	-0.9708878
727614650	ACC	9.583255	-3.165106	-0.9661021
727614660	ACC	9.468399	-3.1172497	-0.98524475
727614669	ACC	9.3200445	-3.0502508	-1.0139586
727614679	ACC	9.1669035	-2.9880373	-0.9708878
727614688	ACC	9.042477	-2.949752	-0.8991031
727614698	ACC	8.956335	-2.949752	-0.8033902
727614707	ACC	9.042477	-3.112464	-0.68853474
727614717	ACC	9.348758	-3.409174	-0.6263213
727614726	ACC	9.659825	-3.610171	-0.62153566
727614736	ACC	9.88475	-3.6963127	-0.6454639
727614745	ACC	10.028319	-3.6340995	-0.7603194
727614755	ACC	10.061819	-3.5766716	-1.0235299
727614764	ACC	9.956535	-3.4283166	-1.3345969
727614774	ACC	9.745967	-3.260819	-1.5690935
727614783	ACC	9.415757	-3.045465	-1.7461623
727614793	ACC	9.133404	-2.830111	-1.817947
727614802	ACC	8.941978	-2.6913273	-1.8083757
727614812	ACC	8.822337	-2.5860431	-1.6983058
727614821	ACC	8.73141	-2.5286152	-1.5116657
727614831	ACC	8.693125	-2.437688	-1.21017
727614840	ACC	8.76491	-2.3467607	-0.93738824
727614850	ACC	8.903693	-2.274976	-0.7603194
727614859	ACC	8.980264	-2.1984057	-0.7076773
727614869	ACC	9.018549	-2.11705	-0.74117684
727614878	ACC	9.013762	-2.0165513	-0.8751749
727614888	ACC	8.941978	-1.939981	-1.0570294
727614897	ACC	8.894122	-1.8586249	-1.2149557
727614907	ACC	8.91805	-1.8873389	-1.3633107
727614916	ACC	9.056833	-1.9782661	-1.4781662
727614926	ACC	9.128618	-1.9495523	-1.5643078
727614935	ACC	9.190832	-1.8969102	-1.6073786
727614945	ACC	9.315259	-1.8681962	-1.7078772
727614954	ACC	9.410972	-1.8442681	-1.8945173
727614964	ACC	9.434899	-1.7964116	-2.0668006
727614973	ACC	9.425328	-1.7246269	-2.2151556
727614983	ACC	9.3200445	-1.7246269	-2.2965117
727614992	ACC	9.233903	-1.7533408	-2.3539393
727615002	ACC	9.123833	-1.8155541	-2.344368
727615011	ACC	9.056833	-1.8586249	-2.2438695
727615021	ACC	8.961121	-1.9016958	-2.076372
727615030	ACC	8.961121	-1.9734805	-1.8801605
727615040	ACC	8.970692	-1.9974087	-1.7174485
727615049	ACC	9.066405	-2.021337	-1.6408781
727615059	ACC	9.06162	-1.9926231	-1.588236
727615068	ACC	9.052048	-1.9543378	-1.5978073
727615078	ACC	8.999406	-1.9208384	-1.669592
727615087	ACC	8.95155	-1.8394824	-1.7222341
727615097	ACC	8.88455	-1.7724833	-1.7700906
727615106	ACC	8.831908	-1.7294126	-1.7988044
727615116	ACC	8.788837	-1.6959131	-1.7988044
727615125	ACC	8.664411	-1.6528423	-1.7557336
727615135	ACC	8.530413	-1.6336997	-1.669592
727615144	ACC	8.415557	-1.6384853	-1.5643078
727615154	ACC	8.367701	-1.643271	-1.4542379
727615163	ACC	8.310273	-1.6624135	-1.372882
727615173	ACC	8.338987	-1.6336997	-1.3010973
727615182	ACC	8.4347	-1.6624135	-1.2771691
727615192	ACC	8.5112705	-1.614557	-1.2723835
727615201	ACC	8.530413	-1.5475581	-1.2771691
727615211	ACC	8.530413	-1.5379868	-1.3345969
727615220	ACC	8.573483	-1.5667006	-1.4685949
727615230	ACC	8.616554	-1.6097715	-1.6073786
727615239	ACC	8.745767	-1.6767704	-1.736591
727615249	ACC	8.922835	-1.7964116	-1.8083757
727615258	ACC	9.21476	-1.8873389	-1.8275183
727615268	ACC	9.501899	-1.9160527	-1.817947
727615277	ACC	9.765109	-1.9304097	-1.7844474
727615287	ACC	9.894321	-1.8634106	-1.8131614
727615296	ACC	9.9038925	-1.8155541	-1.8466609
727615306	ACC	9.879965	-1.7246269	-1.8514465
727615315	ACC	9.8321085	-1.6336997	-1.80359
727615325	ACC	9.683753	-1.5332011	-1.7030915
727615334	ACC	9.516255	-1.5475581	-1.6313069
727615344	ACC	9.32483	-1.5762719	-1.5690935
727615353	ACC	9.233903	-1.5954145	-1.439881
727615363	ACC	9.233903	-1.7198412	-1.2580265
727615372	ACC	9.205189	-1.777269	-1.090529
727615382	ACC	9.123833	-1.805983	-0.9517452
727615391	ACC	9.085547	-1.8107685	-0.8895318
727615401	ACC	9.109476	-1.791626	-0.8703892
727615410	ACC	9.205189	-1.777269	-0.92303133
727615420	ACC	9.425328	-1.7437695	-0.994816
727615429	ACC	9.6071825	-1.7102699	-1.1048858
727615439	ACC	9.717253	-1.6671991	-1.2197413
727615448	ACC	9.765109	-1.6384853	-1.3776677
727615458	ACC	9.798609	-1.6671991	-1.5164514
727615467	ACC	9.875179	-1.6767704	-1.5834504
727615477	ACC	9.994821	-1.6815561	-1.5978073
727615486	ACC	10.119247	-1.6815561	-1.6217356
727615496	ACC	10.219746	-1.6911274	-1.6313069
727615505	ACC	10.238888	-1.6911274	-1.6121643
727615515	ACC	10.157532	-1.6815561	-1.5786648
727615524	ACC	10.061819	-1.6671991	-1.5164514
727615534	ACC	10.018748	-1.6719848	-1.4207385
727615543	ACC	10.004392	-1.6815561	-1.3202399
727615553	ACC	9.970892	-1.6911274	-1.2340983
727615562	ACC	9.913465	-1.6815561	-1.1766706
727615572	ACC	9.836894	-1.6911274	-1.1192428
727615581	ACC	9.760324	-1.6959131	-1.0426725
727615591	ACC	9.702896	-1.7198412	-1.0043873
727615600	ACC	9.707682	-1.7581264	-1.0043873
727615610	ACC	9.741181	-1.805983	-1.0091729
727615619	ACC	9.846465	-1.8825532	-1.0331012
727615629	ACC	9.932607	-1.925624	-1.0713863
727615638	ACC	9.994821	-1.9543378	-1.1096715
727615648	ACC	9.994821	-2.021337	-1.1527423
727615657	ACC	9.9756775	-2.0500507	-1.2197413
727615667	ACC	9.980463	-2.0787647	-1.2436695
727615676	ACC	10.004392	-2.1074786	-1.3154542
727615686	ACC	10.061819	-2.1218355	-1.3106686
727615695	ACC	10.085748	-2.126621	-1.2723835
727615705	ACC	10.018748	-2.0739791	-1.238884
727615714	ACC	9.95175	-2.0452652	-1.224527
727615724	ACC	9.899107	-2.059622	-1.2149557
727615733	ACC	9.846465	-2.030908	-1.2005987
727615743	ACC	9.84168	-2.0404794	-1.2005987
727615752	ACC	9.846465	-2.0452652	-1.1766706
727615762	ACC	9.856036	-2.0739791	-1.1766706
727615771	ACC	9.793823	-2.059622	-1.2149557
727615781	ACC	9.664611	-2.0404794	-1.224527
727615790	ACC	9.568898	-2.030908	-1.2675978
727615800	ACC	9.420543	-2.030908	-1.2915261
727615809	ACC	9.296116	-2.035694	-1.3154542
727615819	ACC	9.24826	-2.059622	-1.3298112
727615828	ACC	9.200403	-2.0787647	-1.3154542
727615838	ACC	9.190832	-2.1026928	-1.2723835
727615847	ACC	9.1669035	-2.0979073	-1.2580265
727615857	ACC	9.233903	-2.0931215	-1.2340983
727615866	ACC	9.296116	-2.021337	-1.2197413
727615876	ACC	9.377472	-2.00698	-1.238884
727615885	ACC	9.454042	-1.9926231	-1.3010973
727615895	ACC	9.540184	-1.9782661	-1.3393825
727615904	ACC	9.6071825	-1.9351953	-1.3633107
727615914	ACC	9.712467	-1.8681962	-1.3776677
727615923	ACC	9.836894	-1.8299111	-1.3824533
727615932	ACC	10.028319	-1.762912	-1.387239
727615942	ACC	10.21496	-1.7341982	-1.3776677
727615951	ACC	10.377672	-1.6959131	-1.3920245
727615961	ACC	10.482956	-1.6528423	-1.4207385
727615970	ACC	10.502099	-1.5954145	-1.4255241
727615980	ACC	10.449456	-1.5523437	-1.4111671
727615989	ACC	10.363315	-1.5475581	-1.4159528
727615999	ACC	10.315458	-1.5714862	-1.3968102
727616008	ACC	10.281959	-1.628914	-1.3106686
727616018	ACC	10.267602	-1.7102699	-1.2484552
727616027	ACC	10.358529	-1.791626	-1.1814562
727616037	ACC	10.468599	-1.8346968	-1.1335998
727616046	ACC	10.5690975	-1.8586249	-1.1335998
727616056	ACC	10.6408825	-1.8346968	-1.2149557
727616065	ACC	10.616954	-1.777269	-1.3106686
727616075	ACC	10.564312	-1.7006987	-1.4111671
727616084	ACC	10.535598	-1.6624135	-1.5164514
727616094	ACC	10.492527	-1.628914	-1.5930216
727616103	ACC	10.459028	-1.5858432	-1.5834504
727616113	ACC	10.454242	-1.561915	-1.588236
727616122	ACC	10.468599	-1.561915	-1.5643078
727616132	ACC	10.454242	-1.6528423	-1.4781662
727616141	ACC	10.4159565	-1.7294126	-1.358525
727616151	ACC	10.387243	-1.805983	-1.2628121
727616160	ACC	10.4016	-1.925624	-1.1575279
727616170	ACC	10.439885	-2.00698	-1.0809577
727616179	ACC	10.502099	-2.0787647	-1.0474582
727616189	ACC	10.554741	-2.1122642	-1.0474582
727616198	ACC	10.516456	-2.1026928	-1.1048858
727616208	ACC	10.454242	-2.1218355	-1.1718849
727616217	ACC	10.310673	-2.1314068	-1.1718849
727616227	ACC	10.186246	-2.169692	-1.1814562
727616236	ACC	10.057034	-2.236691	-1.1288141
727616246	ACC	10.047462	-2.3371894	-1.061815
727616255	ACC	10.167104	-2.4472594	-0.95653087
727616265	ACC	10.258031	-2.5142584	-0.8991031
727616274	ACC	10.320244	-2.4424736	-0.8847462
727616284	ACC	10.320244	-2.3419752	-0.93260264
727616293	ACC	10.238888	-2.2175484	-1.0187442
727616303	ACC	10.047462	-2.059622	-1.1240284
727616312	ACC	9.817751	-1.911267	-1.1670992
727616322	ACC	9.564112	-1.7676977	-1.1144571
727616331	ACC	9.406186	-1.7150556	-1.0043873
727616341	ACC	9.396614	-1.7341982	-0.86081797
727616350	ACC	9.678967	-1.9495523	-0.6454639
727616360	ACC	9.927821	-2.059622	-0.4971089
727616369	ACC	10.085748	-2.0021944	-0.42532423
727616379	ACC	10.200603	-2.0165513	-0.45882374
727616388	ACC	10.281959	-2.0165513	-0.61675006
727616398	ACC	10.24846	-1.9447666	-0.8033902
727616407	ACC	10.066605	-1.8155541	-0.9086744
727616417	ACC	9.923036	-1.6863418	-0.93738824
727616426	ACC	9.817751	-1.5379868	-0.92303133
727616436	ACC	9.736395	-1.4566308	-0.8847462
727616445	ACC	9.659825	-1.3513466	-0.83688974
727616455	ACC	9.635897	-1.2747762	-0.6837491
727616464	ACC	9.659825	-1.2269198	-0.5832505
727616474	ACC	9.65504	-1.1455638	-0.5688936
727616483	ACC	9.84168	-1.1694921	-0.43489552
727616493	ACC	10.162318	-1.3417753	-0.36311084
727616502	ACC	9.836894	-1.0546366	-0.21954148
727616512	ACC	10.425529	-1.1647065	-0.7268199
727616521	ACC	10.717453	-1.198206	-0.4779663
727616531	ACC	10.971092	-0.95413804	0.06281159
727616540	ACC	10.688739	-0.62871414	-0.109471634
727616550	ACC	10.770095	-0.23629123	-0.6023931
727616559	ACC	10.707881	-0.07836494	-1.1001002
727616569	ACC	10.3681	-0.030508488	-1.439881
727616578	ACC	10.305887	-0.08315059	-1.602593
727616588	ACC	9.851251	-0.111864455	-0.7890333
727616597	ACC	9.755538	-0.37507495	0.24466611
727616607	ACC	10.454242	0.22313072	1.2592229
727616616	ACC	10.4016	0.084346995	2.2498515
727616626	ACC	10.219746	0.18005991	2.838486
727616635	ACC	9.999606	0.381057	3.0059834
727616645	ACC	8.76491	0.28055847	2.7906294
727616654	ACC	10.047462	0.6969096	3.9248273
727616664	ACC	9.434899	0.42412782	4.302893
727616673	ACC	9.176475	0.32841492	4.2885365
727616683	ACC	9.276974	0.55334026	4.0971107
727616692	ACC	8.894122	0.8500503	4.02054
727616702	ACC	8.717052	0.67776704	3.6424742
727616711	ACC	8.506484	0.59641105	3.35055
727616721	ACC	8.286345	0.70169526	3.0107691
727616730	ACC	8.185846	0.8356933	3.795615
727616740	ACC	8.176275	0.7304091	4.5804605
727616749	ACC	7.9226356	0.67776704	5.0542397
727616759	ACC	7.5637126	0.5389833	5.480162
727616768	ACC	7.367501	0.25663024	6.399006
727616778	ACC	7.3340015	0.07956135	7.030711
727616787	ACC	7.1712894	0.07956135	7.1694946
727616797	ACC	6.8410797	0.11784652	7.303493
727616806	ACC	6.161518	0.07477571	7.5523467
727616816	ACC	5.4867425	0.11306087	7.9591265
727616825	ACC	5.1326046	-0.14057833	8.600403
727616835	ACC	4.7306104	-0.2745764	8.341978
727616844	ACC	4.5248275	-0.13579269	7.9112697
727616854	ACC	4.505685	0.012562319	7.868199
727616863	ACC	4.213761	0.0077766734	7.5475607
727616873	ACC	4.0797625	0.060418773	7.5571322
727616882	ACC	3.859623	0.04127619	7.5954175
727616892	ACC	3.591627	0.0077766734	7.571489
727616901	ACC	3.4097722	-0.035294134	7.69113
727616911	ACC	3.3236306	-0.054436713	7.882556
727616920	ACC	3.3044882	-0.10229317	8.112267
727616930	ACC	3.1896327	0.02213361	7.9160557
727616939	ACC	3.1513474	0.3044867	7.6193457
727616949	ACC	3.251846	0.17048861	7.3992057
727616958	ACC	3.2566316	0.11784652	7.20778
727616968	ACC	3.1800613	0.21355942	7.2508507
727616977	ACC	3.0556345	0.30927232	7.380063
727616987	ACC	2.955136	0.32841492	7.6289167
727616996	ACC	2.9790642	0.3044867	8.093124
727617006	ACC	2.9503503	0.24705894	8.514261
727617015	ACC	2.8833513	0.25663024	8.705687
727617025	ACC	2.7972097	0.24705894	8.87797
727617034	ACC	2.6009982	0.30927232	9.016754
727617044	ACC	2.4095724	0.44805604	9.107681
727617053	ACC	2.2899313	0.56769717	9.126823
727617063	ACC	2.251646	0.6681957	9.198608
727617072	ACC	2.3042881	0.68255264	9.184252
727617082	ACC	2.2995026	0.61076796	9.203394
727617091	ACC	2.1463618	0.5198407	9.2895355
727617101	ACC	2.28036	0.49112684	9.3613205
727617110	ACC	3.3523445	0.6203393	9.634102
727617120	ACC	2.7349963	0.96490574	9.428319
727617129	ACC	3.4528432	1.0366904	9.035896
727617139	ACC	4.223332	1.2329018	8.633903
727617148	ACC	4.5535417	1.3334004	8.490333
727617158	ACC	4.1467614	1.2568301	8.332407
727617167	ACC	3.1322048	1.1132607	8.452047
727617177	ACC	2.1415763	0.78783685	8.863613
727617186	ACC	1.5002998	0.4863412	9.39482
727617196	ACC	1.2897314	0.37627137	9.758529
727617205	ACC	1.4715859	0.55812585	9.806385
727617215	ACC	1.753939	0.70169526	9.681958
727617224	ACC	2.0267208	0.8644072	9.423533
727617234	ACC	2.361716	1.0319048	9.09811
727617243	ACC	2.4670002	1.0989038	8.935398
727617253	ACC	2.4335005	1.1228321	8.882756
727617262	ACC	2.2947168	1.0893325	8.997611
727617272	ACC	2.103291	1.0797613	9.189037
727617281	ACC	1.9549361	1.055833	9.270393
727617291	ACC	1.9501505	1.0319048	9.370892
727617300	ACC	1.9740787	1.0654043	9.476176
727617310	ACC	2.0410776	1.1228321	9.466604
727617319	ACC	2.1702902	1.1611172	9.433105
727617329	ACC	2.3138595	1.1659029	9.399606
727617338	ACC	2.3521447	1.1994023	9.409177
727617348	ACC	2.3377876	1.2137593	9.346964
727617357	ACC	2.28036	1.1994023	9.337392
727617367	ACC	2.0889342	1.1228321	9.380463
727617376	ACC	1.9884356	1.055833	9.69153
727617386	ACC	1.9310079	1.4817554	10.840085
727617395	ACC	2.5052853	0.093918286	10.117453
727617405	ACC	2.3282163	0.5916254	8.9928255
727617414	ACC	1.8783658	1.7497516	9.198608
727617424	ACC	2.3042881	1.6827525	8.839685
727617433	ACC	2.7206392	1.3094722	8.873184
727617443	ACC	2.7349963	1.3956138	9.744172
727617452	ACC	2.5866413	1.4003994	10.371092
