727617607	ACC	2.1655045	1.352543	9.327821
727617625	ACC	2.2181466	1.4195421	9.17468
727617644	ACC	2.0889342	1.4530416	9.055039
727617663	ACC	1.9597218	1.3477573	9.145967
727617682	ACC	1.9357935	1.2472588	9.476176
727617701	ACC	1.9884356	1.2999009	9.514461
727617720	ACC	2.1224337	1.4003994	9.260822
727617739	ACC	2.2372892	1.4099708	9.102896
727617758	ACC	2.0985055	1.3812568	9.270393
727617777	ACC	2.0075781	1.3046865	9.54796
727617796	ACC	2.050649	1.3190435	9.782457
727617815	ACC	2.065006	1.4147564	9.600603
727617834	ACC	1.9453648	1.4386846	9.380463
727617853	ACC	1.9310079	1.4003994	9.457033
727617872	ACC	1.98365	1.4099708	9.567103
727617891	ACC	2.0697916	1.4434702	9.571889
727617910	ACC	2.2037897	1.4482559	9.571889
727617929	ACC	2.103291	1.4530416	9.428319
727617948	ACC	2.0458634	1.4578272	9.256036
727617967	ACC	2.160719	1.4482559	9.313464
727617986	ACC	2.3234308	1.500898	9.39482
727618005	ACC	2.2612174	1.5439688	9.409177
727618024	ACC	2.199004	1.5296118	9.313464
727618043	ACC	2.1415763	1.4721842	9.351749
727618062	ACC	2.184647	1.4721842	9.327821
727618081	ACC	2.3138595	1.5104693	9.332606
727618100	ACC	2.3425734	1.5535401	9.299107
727618119	ACC	2.2085752	1.5583258	9.2895355
727618138	ACC	2.0937197	1.5487545	9.346964
727618157	ACC	2.0458634	1.5439688	9.500104
727618176	ACC	2.0697916	1.5726827	9.514461
727618195	ACC	2.184647	1.6157535	9.370892
727618214	ACC	2.1942184	1.6013966	9.356535
727618233	ACC	2.1224337	1.5822539	9.418748
727618252	ACC	2.1655045	1.5966109	9.461819
727618271	ACC	2.2085752	1.6205392	9.433105
727618290	ACC	2.1559331	1.6301104	9.428319
727618309	ACC	2.1942184	1.6109679	9.533604
727618328	ACC	2.1894326	1.5774683	9.58146
727618347	ACC	2.333002	1.5822539	9.457033
727618366	ACC	2.4143581	1.6875381	9.016754
727618385	ACC	2.672783	1.7306089	9.332606
727618404	ACC	2.3138595	1.5343975	9.552746
727618478	ACC	2.524428	1.5774683	8.9928255
727618488	ACC	2.3665016	1.5918252	8.882756
727618497	ACC	2.2468605	1.5583258	8.8014
727618507	ACC	2.1463618	1.515255	8.748757
727618516	ACC	2.0889342	1.515255	8.7679
727618526	ACC	2.2899313	1.6205392	8.854042
727618535	ACC	2.8259234	1.8358932	8.772686
727618545	ACC	3.2279177	1.9028922	8.739186
727618554	ACC	3.4432719	1.8646071	8.858828
727618564	ACC	3.6251264	1.7449659	9.102896
727618573	ACC	3.802195	1.7114664	9.399606
727618583	ACC	3.9888353	1.7258233	9.466604
727618592	ACC	3.859623	1.6396817	9.332606
727618602	ACC	3.8213377	1.811965	9.28475
727618611	ACC	3.5820556	1.9220347	8.916255
727618621	ACC	3.6394832	2.1900308	8.528618
727618630	ACC	4.0701914	2.4867408	8.20798
727618640	ACC	4.319045	2.472384	7.920841
727618649	ACC	4.496114	2.4149563	8.117053
727618659	ACC	4.587041	2.5489542	8.404191
727618668	ACC	4.5152564	2.7547371	8.303693
727618678	ACC	4.802395	2.7930222	8.078768
727618687	ACC	4.6396832	2.9653056	7.9304123
727618697	ACC	5.123033	2.9940193	7.72463
727618706	ACC	5.4580283	3.214159	6.9445696
727618716	ACC	5.6207404	3.4917264	6.370292
727618725	ACC	5.922236	3.6352959	5.5950174
727618735	ACC	6.195018	3.4199417	5.2025948
727618744	ACC	6.1998034	3.03709	5.8486567
727618754	ACC	5.9700923	2.6973093	6.0161543
727618763	ACC	5.773881	3.0562327	6.2554364
727618773	ACC	5.2666025	3.0993035	5.8103714
727618782	ACC	5.9174504	2.8456643	5.671588
727618792	ACC	6.687939	2.7930222	5.4466624
727618801	ACC	7.367501	2.8073792	4.886742
727618811	ACC	7.7312098	3.0753753	4.269394
727618820	ACC	8.042277	3.3672996	3.7429729
727618830	ACC	8.827123	3.4342988	3.5754752
727618839	ACC	5.5920267	3.9224346	2.4891338
727618849	ACC	6.108876	3.659224	1.8143578
727618858	ACC	6.0083776	3.8458643	2.6135604
727618868	ACC	5.898308	3.5587256	2.417349
727618877	ACC	5.8217373	3.185445	2.5082762
727618887	ACC	6.2811594	3.0610185	2.9533412
727618896	ACC	6.946364	2.9557343	2.9724839
727618906	ACC	7.6977105	2.836093	2.8528428
727618915	ACC	8.549556	2.917449	2.5609183
727618925	ACC	9.343972	3.0801609	2.2211375
727618934	ACC	10.07139	3.1280174	1.8574286
727618943	ACC	10.650454	3.03709	1.6181463
727618953	ACC	10.956735	2.9796624	1.8478572
727618962	ACC	10.913664	2.9796624	2.0823538
727618972	ACC	10.588241	3.118446	2.3216362
727618981	ACC	10.018748	3.2237303	2.4221346
727618991	ACC	8.975478	2.836093	2.3551357
727619000	ACC	7.8987074	2.8408787	2.1110678
727619010	ACC	8.88455	3.6975093	2.0584257
727619019	ACC	8.985049	3.4199417	2.4987051
727619029	ACC	9.420543	2.9653056	2.2546372
727619038	ACC	10.090533	2.8265216	2.0153549
727619048	ACC	10.3441725	2.6159534	1.7760726
727619057	ACC	10.243673	2.592025	1.5128621
727619067	ACC	10.124033	2.6542385	1.2161521
727619076	ACC	10.10489	2.620739	0.9385847
727619086	ACC	10.119247	2.592025	0.75194454
727619095	ACC	10.200603	2.5345974	0.75673014
727619105	ACC	10.3441725	2.4580271	0.7423732
727619114	ACC	10.377672	2.44367	0.60837513
727619124	ACC	10.516456	2.4149563	0.53659046
727619133	ACC	10.473385	2.3958137	0.48394838
727619143	ACC	10.358529	2.4819553	0.49830532
727619152	ACC	9.990034	2.5585256	0.46959144
727619162	ACC	9.597611	2.6446671	0.3930211
727619171	ACC	9.296116	2.620739	0.29252258
727619181	ACC	9.047262	2.5680969	0.24945176
727619190	ACC	8.91805	2.4819553	0.23988047
727619200	ACC	9.004191	2.3192434	0.23509483
727619209	ACC	9.018549	2.1900308	0.24945176
727619219	ACC	9.114262	2.1852453	0.23988047
727619228	ACC	9.233903	2.2139592	0.11066805
727619238	ACC	9.300901	2.0847468	-0.0424726
727619247	ACC	9.425328	1.96032	-0.22911277
727619257	ACC	9.3104725	1.8502501	-0.2865405
727619266	ACC	9.080762	1.7066808	-0.27218357
727619276	ACC	8.822337	1.5296118	-0.21475583
727619285	ACC	8.616554	1.338186	-0.071186475
727619295	ACC	8.410771	1.1515459	0.12981063
727619304	ACC	8.195417	0.96490574	0.24945176
727619314	ACC	7.989635	0.8021938	0.3595216
727619323	ACC	7.8699937	0.6442675	0.40259242
727619333	ACC	7.84128	0.47676992	0.40259242
727619342	ACC	7.9274216	0.42412782	0.38823548
727619352	ACC	8.257631	0.42412782	0.31166515
727619361	ACC	8.578269	0.35234314	0.14416756
727619371	ACC	8.831908	0.32841492	-0.066400826
727619380	ACC	8.965906	0.29491538	-0.253041
727619390	ACC	9.008977	0.25184458	-0.3822534
727619399	ACC	8.965906	0.15613168	-0.46839502
727619409	ACC	8.846265	0.050847482	-0.45882374
727619418	ACC	8.836694	-0.068793654	-0.46839502
727619428	ACC	9.008977	-0.18843478	-0.4109673
727619437	ACC	9.276974	-0.23629123	-0.3056831
727619447	ACC	9.430114	-0.31286156	-0.23389842
727619456	ACC	9.382257	-0.5138587	-0.50189453
727619466	ACC	9.425328	-0.44685963	-0.2961118
727619475	ACC	9.554541	-0.39900318	-0.15254244
727619485	ACC	9.559326	-0.4564309	-0.16689938
727619494	ACC	9.382257	-0.657428	-0.3152544
727619504	ACC	9.21476	-0.68135625	-0.42053857
727619513	ACC	9.162118	-0.7196414	-0.5210371
727619523	ACC	9.032906	-0.77706915	-0.56410795
727619532	ACC	9.042477	-0.887139	-0.6837491
727619542	ACC	9.138189	-1.0594223	-0.85124665
727619551	ACC	9.262616	-1.183849	-0.93738824
727619561	ACC	9.444471	-1.2939188	-1.0187442
727619570	ACC	9.58804	-1.4422739	-1.076172
727619580	ACC	9.645468	-1.5427724	-1.1431711
727619589	ACC	9.635897	-1.6480566	-1.2149557
727619599	ACC	9.597611	-1.7676977	-1.2963116
727619608	ACC	9.616755	-1.8251255	-1.3345969
727619618	ACC	9.731609	-1.8921245	-1.3154542
727619627	ACC	9.836894	-1.939981	-1.3106686
727619637	ACC	9.9038925	-1.9926231	-1.3202399
727619646	ACC	10.042677	-2.0931215	-1.3680964
727619656	ACC	10.157532	-2.169692	-1.387239
727619665	ACC	10.24846	-2.2223341	-1.387239
727619675	ACC	10.406385	-2.30369	-1.4303098
727619684	ACC	10.578669	-2.3802602	-1.439881
727619694	ACC	10.755738	-2.4568307	-1.4638093
727619703	ACC	10.889736	-2.5477579	-1.4590236
727619713	ACC	10.942378	-2.629114	-1.4207385
727619722	ACC	11.023734	-2.7343981	-1.3680964
727619732	ACC	11.114661	-2.8348966	-1.3058829
727619741	ACC	11.215159	-2.9449666	-1.1862419
727619751	ACC	11.2343025	-2.9688947	-1.0666007
727619760	ACC	11.263016	-2.9353952	-1.0283155
727619770	ACC	11.277373	-2.8779674	-1.1001002
727619779	ACC	11.219945	-2.7822545	-1.2628121
727619789	ACC	11.143375	-2.6865416	-1.4542379
727619798	ACC	10.956735	-2.5573292	-1.5978073
727619808	ACC	10.636097	-2.4424736	-1.6648064
727619817	ACC	10.291531	-2.370689	-1.588236
727619827	ACC	10.023534	-2.3754747	-1.4638093
727619836	ACC	9.80818	-2.437688	-1.3441681
727619846	ACC	9.669396	-2.5812573	-1.2340983
727619855	ACC	9.62154	-2.720041	-1.0809577
727619865	ACC	9.62154	-2.868396	-1.0283155
727619874	ACC	9.693324	-2.992823	-1.0187442
727619884	ACC	9.846465	-3.1076784	-1.0570294
727619893	ACC	10.119247	-3.2273195	-1.0522437
727619903	ACC	10.348958	-3.2656047	-1.0378869
727619912	ACC	10.4159565	-3.2560334	-1.0426725
727619922	ACC	10.425529	-3.19382	-1.1192428
727619931	ACC	10.439885	-3.1842487	-1.2771691
727619941	ACC	10.47817	-3.1172497	-1.4303098
727619950	ACC	10.487741	-3.0263224	-1.5116657
727619960	ACC	10.482956	-2.9066813	-1.5403795
727619969	ACC	10.5690975	-2.8205397	-1.4638093
727619979	ACC	10.607383	-2.7678976	-1.4111671
727619988	ACC	10.612168	-2.7678976	-1.358525
727619998	ACC	10.540383	-2.8253253	-1.2963116
727620007	ACC	10.3681	-2.89711	-1.2340983
727620017	ACC	10.152746	-2.9545379	-1.1623136
727620026	ACC	9.985249	-3.0023942	-1.076172
727620036	ACC	9.879965	-3.0358937	-1.0426725
727620045	ACC	9.860822	-3.0885358	-1.0474582
727620055	ACC	9.865608	-3.126821	-1.0809577
727620064	ACC	9.91825	-3.1794631	-1.1001002
727620074	ACC	10.052248	-3.19382	-1.0474582
727620083	ACC	10.191031	-3.1890345	-1.0474582
727620093	ACC	10.348958	-3.19382	-1.0953146
727620102	ACC	10.47817	-3.2033913	-1.1048858
727620112	ACC	10.463814	-3.165106	-1.1144571
727620121	ACC	10.4016	-3.1459637	-1.1766706
727620131	ACC	10.243673	-3.112464	-1.2197413
727620140	ACC	10.004392	-3.0406795	-1.2005987
727620150	ACC	9.760324	-2.949752	-1.1288141
727620159	ACC	9.573684	-2.9066813	-1.0091729
727620169	ACC	9.410972	-2.8779674	-0.84167534
727620178	ACC	9.300901	-2.8923244	-0.65982085
727620188	ACC	9.267402	-2.9353952	-0.41575295
727620197	ACC	9.272188	-2.9114668	-0.119042926
727620207	ACC	9.415757	-2.9306095	0.08673982
727620216	ACC	9.573684	-2.964109	0.22073789
727620226	ACC	9.674182	-3.00718	0.26859435
727620235	ACC	9.765109	-3.0885358	0.19680966
727620245	ACC	9.750752	-3.1363924	0.14895321
727620254	ACC	9.659825	-3.1555347	0.06759724
727620264	ACC	9.487542	-3.165106	-0.023330022
727620273	ACC	9.382257	-3.1316066	-0.08554341
727620283	ACC	9.406186	-3.1316066	-0.09032906
727620292	ACC	9.640682	-3.1363924	-0.05682954
727620302	ACC	10.013963	-3.2177482	0.010169496
727620311	ACC	10.353744	-3.2799616	-0.0041874396
727620321	ACC	10.660025	-3.3469608	-0.17647067
727620330	ACC	10.865808	-3.461816	-0.37746778
727620340	ACC	10.928021	-3.557529	-0.5210371
727620349	ACC	10.870593	-3.6053855	-0.6646065
727620359	ACC	10.7844515	-3.6580276	-0.70289165
727620368	ACC	10.822737	-3.7489548	-0.6550352
727620378	ACC	11.009377	-3.815954	-0.5736792
727620387	ACC	11.25823	-3.8207395	-0.5162515
727620397	ACC	11.531013	-3.7920256	-0.51146585
727620406	ACC	11.741581	-3.7537405	-0.6023931
727620416	ACC	11.866008	-3.7298124	-0.7363912
727620425	ACC	11.909079	-3.7393837	-0.95653087
727620435	ACC	11.755938	-3.7441692	-1.1001002
727620444	ACC	11.545369	-3.7920256	-1.1910275
727620454	ACC	11.454442	-3.9212382	-1.238884
727620463	ACC	11.473584	-4.0408792	-1.1814562
727620473	ACC	11.511869	-4.0648074	-1.061815
727620482	ACC	11.617154	-4.0504503	-0.99960166
727620492	ACC	11.598011	-3.9403806	-0.93738824
727620501	ACC	11.535798	-3.8350966	-0.92303133
727620511	ACC	11.459228	-3.6963127	-0.9517452
727620520	ACC	11.29173	-3.5001013	-0.9182457
727620530	ACC	10.918449	-3.3469608	-0.89431745
727620539	ACC	10.238888	-3.1220353	-0.8703892
727620549	ACC	9.626326	-2.978466	-0.83688974
727620558	ACC	9.286545	-3.00718	-0.8321041
727620568	ACC	9.300901	-2.9545379	-0.8177471
727620577	ACC	9.439685	-2.7822545	-0.74117684
727620587	ACC	9.678967	-2.6243281	-0.8177471
727620596	ACC	10.085748	-2.3994029	-0.94695956
727620606	ACC	10.377672	-2.2223341	-1.1862419
727620615	ACC	10.607383	-2.021337	-1.4781662
727620625	ACC	10.631311	-1.8538394	-1.8083757
727620634	ACC	10.54517	-1.6959131	-2.076372
727620644	ACC	10.4016	-1.6624135	-2.263012
727620653	ACC	10.10489	-1.6863418	-2.2917259
727620663	ACC	9.693324	-1.6624135	-2.2295125
727620672	ACC	9.334401	-1.643271	-2.1385853
727620682	ACC	9.119047	-1.628914	-2.033301
727620691	ACC	8.970692	-1.6241283	-1.9280169
727620701	ACC	8.88455	-1.643271	-1.9184456
727620710	ACC	8.721839	-1.6097715	-1.9136599
727620720	ACC	8.597412	-1.5906289	-1.8658035
727620729	ACC	8.525627	-1.6241283	-1.7413766
727620739	ACC	8.410771	-1.643271	-1.5930216
727620748	ACC	8.252846	-1.628914	-1.5260227
727620758	ACC	8.042277	-1.6384853	-1.5260227
727620767	ACC	7.9226356	-1.643271	-1.521237
727620777	ACC	7.7790666	-1.5571294	-1.5260227
727620786	ACC	7.5493555	-1.4518452	-1.5547365
727620796	ACC	7.3196445	-1.3657036	-1.6217356
727620805	ACC	7.1569324	-1.2556337	-1.6887345
727620815	ACC	6.9702926	-1.1455638	-1.7270198
727620824	ACC	6.836294	-1.0881361	-1.7557336
727620834	ACC	6.759724	-1.0785648	-1.7030915
727620843	ACC	6.6687965	-1.0689936	-1.5595222
727620853	ACC	6.6687965	-1.0450653	-1.387239
727620862	ACC	6.721439	-1.0211371	-1.1910275
727620872	ACC	6.855437	-0.96849495	-0.90388876
727620881	ACC	6.9990063	-0.9206385	-0.6119644
727620891	ACC	7.056434	-0.82013994	-0.43010986
727620900	ACC	7.1569324	-0.7722835	-0.41575295
727620910	ACC	7.190432	-0.65264237	-0.5306084
727620919	ACC	7.1856465	-0.5521438	-0.75553375
727620929	ACC	7.223932	-0.48993045	-0.9708878
727620938	ACC	7.32443	-0.4229314	-1.1288141
727620948	ACC	7.3435726	-0.3894319	-1.2484552
727620957	ACC	7.420143	-0.39900318	-1.3106686
727620967	ACC	7.520642	-0.44685963	-1.3537394
727620976	ACC	7.6833534	-0.49950173	-1.3824533
727620986	ACC	7.975278	-0.54735816	-1.3393825
727620995	ACC	8.257631	-0.54257256	-1.2915261
727621005	ACC	8.535198	-0.509073	-1.2675978
727621014	ACC	8.717052	-0.509073	-1.2675978
727621024	ACC	8.793623	-0.46121657	-1.3345969
727621033	ACC	8.769695	-0.44685963	-1.4494523
727621043	ACC	8.736196	-0.46121657	-1.5451652
727621052	ACC	8.7266245	-0.50428736	-1.6600207
727621062	ACC	8.784052	-0.60000026	-1.7413766
727621071	ACC	8.817552	-0.6861419	-1.7892331
727621081	ACC	8.874979	-0.77706915	-1.8705891
727621090	ACC	9.109476	-0.8919246	-1.9232312
727621100	ACC	9.315259	-0.95413804	-1.9519451
727621109	ACC	9.4636135	-0.99720883	-1.9567307
727621119	ACC	9.602397	-1.0737791	-1.9758734
727621128	ACC	9.731609	-1.1551352	-1.9950159
727621138	ACC	9.789038	-1.2269198	-2.0237298
727621147	ACC	9.817751	-1.3274183	-2.0285153
727621157	ACC	9.779466	-1.4374882	-1.9758734
727621166	ACC	9.717253	-1.5284154	-1.884946
727621176	ACC	9.683753	-1.6480566	-1.750948
727621185	ACC	9.693324	-1.777269	-1.6360924
727621195	ACC	9.765109	-1.8825532	-1.50688
727621204	ACC	9.870394	-1.9782661	-1.3441681
727621214	ACC	10.076176	-2.0835502	-1.2532408
727621223	ACC	10.258031	-2.1074786	-1.1910275
727621233	ACC	10.372886	-2.0979073	-1.0953146
727621242	ACC	10.487741	-2.021337	-1.0378869
727621252	ACC	10.506885	-1.9830518	-1.0426725
727621261	ACC	10.473385	-1.9351953	-1.061815
727621271	ACC	10.372886	-1.9064814	-1.1144571
727621280	ACC	10.281959	-1.9208384	-1.1527423
727621290	ACC	10.277173	-2.0261226	-1.2053844
727621299	ACC	10.377672	-2.1505494	-1.1527423
727621309	ACC	10.47817	-2.289333	-1.0809577
727621318	ACC	10.530812	-2.385046	-0.97567344
727621328	ACC	10.607383	-2.504687	-0.8560323
727621337	ACC	10.703095	-2.6195426	-0.68853474
727621347	ACC	10.846665	-2.681756	-0.5066802
727621356	ACC	11.057234	-2.7152555	-0.43968117
727621366	ACC	11.272588	-2.6578279	-0.4444668
727621375	ACC	11.454442	-2.5669005	-0.42053857
727621385	ACC	11.502298	-2.437688	-0.631107
727621394	ACC	11.3778715	-2.2989044	-0.8991031
727621404	ACC	11.219945	-2.1361923	-1.0953146
727621413	ACC	11.152946	-2.059622	-1.3202399
727621423	ACC	11.100305	-2.00698	-1.4255241
727621432	ACC	11.057234	-1.9782661	-1.3920245
727621442	ACC	11.047662	-1.9974087	-1.2484552
727621451	ACC	11.02852	-1.9974087	-1.0378869
727621461	ACC	11.13859	-1.9926231	-0.846461
727621470	ACC	11.191232	-1.9926231	-0.65982085
727621480	ACC	11.167303	-1.9830518	-0.5306084
727621489	ACC	11.07159	-1.9351953	-0.50189453
727621499	ACC	10.932807	-1.9016958	-0.51146585
727621508	ACC	10.765309	-1.8777676	-0.5593223
727621518	ACC	10.703095	-1.8394824	-0.631107
727621527	ACC	10.669596	-1.8490537	-0.7268199
727621537	ACC	10.583454	-1.8299111	-0.8129615
727621546	ACC	10.487741	-1.8299111	-0.9086744
727621556	ACC	10.516456	-1.8490537	-0.9661021
727621565	ACC	10.492527	-1.8538394	-0.9708878
727621575	ACC	10.473385	-1.8442681	-0.9708878
727621584	ACC	10.430314	-1.8442681	-0.93738824
727621594	ACC	10.372886	-1.8442681	-0.92303133
727621603	ACC	10.392029	-1.8251255	-0.8991031
727621613	ACC	10.425529	-1.8155541	-0.846461
727621622	ACC	10.430314	-1.7964116	-0.7890333
727621632	ACC	10.4016	-1.762912	-0.70289165
727621641	ACC	10.363315	-1.762912	-0.7268199
727621651	ACC	10.277173	-1.7724833	-0.7268199
727621660	ACC	10.200603	-1.7724833	-0.698106
727621670	ACC	10.200603	-1.7676977	-0.6119644
727621679	ACC	10.348958	-1.7868403	-0.52582276
727621689	ACC	10.497313	-1.7820547	-0.43489552
727621698	ACC	10.626525	-1.777269	-0.33918262
727621708	ACC	10.746166	-1.791626	-0.2961118
727621717	ACC	10.84188	-1.8107685	-0.32004002
727621727	ACC	10.928021	-1.7964116	-0.35353956
727621736	ACC	10.942378	-1.7724833	-0.4109673
727621746	ACC	10.928021	-1.777269	-0.45403808
727621755	ACC	10.904093	-1.791626	-0.4444668
727621765	ACC	10.870593	-1.8203398	-0.42053857
727621774	ACC	10.880164	-1.8777676	-0.35832518
727621784	ACC	10.889736	-1.9495523	-0.2865405
727621793	ACC	11.033305	-2.0261226	-0.20997019
727621803	ACC	11.253445	-2.1218355	-0.20039889
727621812	ACC	11.440085	-2.1936202	-0.22911277
727621822	ACC	11.626725	-2.2319052	-0.26261228
727621831	ACC	11.803794	-2.274976	-0.35353956
727621841	ACC	11.937792	-2.3515465	-0.52582276
727621850	ACC	11.947364	-2.385046	-0.6358926
727621860	ACC	11.85165	-2.4041886	-0.76510507
727621869	ACC	11.722438	-2.4616163	-0.8895318
727621879	ACC	11.602797	-2.5142584	-1.0235299
727621888	ACC	11.5932255	-2.5238297	-1.1527423
727621898	ACC	11.69851	-2.504687	-1.2005987
727621907	ACC	11.937792	-2.629114	-2.0668006
727621917	ACC	11.684153	-2.7296124	-2.5405796
727621926	ACC	11.727223	-3.5240295	-2.3635106
727621936	ACC	11.114661	-3.00718	-2.6793633
727621945	ACC	10.77488	-2.7248268	-2.7463622
727621955	ACC	10.789237	-2.6961129	-2.3300111
727621964	ACC	10.770095	-2.533401	-1.8083757
727621974	ACC	10.894522	-2.5477579	-1.5738791
727621983	ACC	11.129018	-2.71047	-1.4446666
727621993	ACC	11.176874	-2.7678976	-1.3010973
727622002	ACC	10.999805	-2.7918258	-1.1288141
727622012	ACC	10.794023	-2.7870402	-1.0043873
727622021	ACC	10.530812	-2.7439694	-0.927817
727622031	ACC	10.2723875	-2.6434708	-0.9086744
727622040	ACC	10.119247	-2.533401	-0.90388876
727622050	ACC	10.013963	-2.4472594	-0.7938189
727622059	ACC	9.966106	-2.4041886	-0.6693921
727622069	ACC	9.908679	-2.318047	-0.6263213
727622078	ACC	9.793823	-2.184049	-0.5880362
727622088	ACC	9.717253	-2.0021944	-0.61675006
727622097	ACC	9.650253	-1.8490537	-0.7890333
727622107	ACC	9.573684	-1.6576279	-0.994816
727622116	ACC	9.454042	-1.4757733	-1.238884
727622126	ACC	9.348758	-1.346561	-1.4303098
727622135	ACC	9.162118	-1.2412767	-1.4350954
727622145	ACC	8.937193	-1.1886346	-1.3010973
727622154	ACC	8.851051	-1.2029916	-1.1431711
727622164	ACC	8.851051	-1.2221341	-0.994816
727622173	ACC	8.7984085	-1.11685	-0.8895318
727622182	ACC	8.688339	-1.0115658	-0.846461
727622192	ACC	8.606983	-0.8775677	-0.93738824
727622201	ACC	8.559127	-0.73399836	-1.0474582
727622211	ACC	8.554341	-0.5952146	-1.1814562
727622220	ACC	8.535198	-0.40857446	-1.2628121
727622230	ACC	8.492127	-0.23629123	-1.3824533
727622239	ACC	8.477771	-0.10707881	-1.4638093
727622249	ACC	8.425129	-0.025722843	-1.5499508
727622258	ACC	8.367701	0.098703936	-1.6600207
727622268	ACC	8.329415	0.11306087	-1.7940187
727622277	ACC	8.238488	0.093918286	-1.8801605
727622287	ACC	8.085348	0.10827523	-1.9328024
727622296	ACC	7.893922	0.11306087	-1.9854445
727622306	ACC	7.7120676	0.06520442	-1.9758734
727622315	ACC	7.568498	0.055633128	-1.9232312
727622325	ACC	7.4775705	0.084346995	-1.8083757
727622334	ACC	7.396215	0.036490545	-1.7318054
727622344	ACC	7.314859	0.012562319	-1.6360924
727622353	ACC	7.2670026	-0.016151553	-1.4111671
727622363	ACC	7.3579297	-0.064008005	-1.1766706
727622372	ACC	7.5349984	-0.14536397	-1.0522437
727622382	ACC	7.6546397	-0.15972091	-1.1240284
727622391	ACC	7.5828547	-0.09750752	-1.2723835
727622401	ACC	7.5062847	-0.044865426	-1.4494523
727622410	ACC	7.5349984	-0.0017946169	-1.5786648
727622420	ACC	7.554141	0.060418773	-1.6073786
727622429	ACC	7.520642	0.07956135	-1.5786648
727622439	ACC	7.487142	0.0317049	-1.6217356
727622448	ACC	7.4679995	-0.020937199	-1.669592
727622458	ACC	7.4440713	-0.10229317	-1.669592
727622467	ACC	7.5110703	-0.18843478	-1.6073786
727622477	ACC	7.7120676	-0.2650051	-1.5643078
727622486	ACC	7.8077803	-0.3272185	-1.50688
727622496	ACC	7.8317084	-0.37986058	-1.5116657
727622505	ACC	7.783852	-0.4660022	-1.5595222
727622515	ACC	7.7790666	-0.54257256	-1.6408781
727622524	ACC	7.8221374	-0.62871414	-1.6791633
727622534	ACC	7.865208	-0.6622137	-1.6935202
727622543	ACC	8.066205	-0.738784	-1.7413766
727622553	ACC	8.2145605	-0.77706915	-1.80359
727622562	ACC	8.32463	-0.8392825	-1.8562322
727622572	ACC	8.3581295	-0.8919246	-1.899303
727622581	ACC	8.463413	-0.96849495	-1.9232312
727622591	ACC	8.602198	-1.0689936	-1.9375881
727622600	ACC	8.894122	-1.1503495	-1.8705891
727622610	ACC	9.104691	-1.183849	-1.7413766
727622619	ACC	9.195618	-1.2460624	-1.669592
727622629	ACC	9.229117	-1.3369896	-1.5978073
727622638	ACC	9.18126	-1.4518452	-1.5308083
727622648	ACC	9.123833	-1.561915	-1.4973087
727622657	ACC	9.128618	-1.6767704	-1.4494523
727622667	ACC	9.339187	-1.8490537	-1.4111671
727622676	ACC	9.611969	-1.9782661	-1.3824533
727622686	ACC	9.77468	-2.059622	-1.3824533
727622695	ACC	9.9038925	-2.179263	-1.439881
727622705	ACC	9.923036	-2.2606192	-1.4925231
727622714	ACC	9.937392	-2.3132613	-1.50688
727622724	ACC	9.946963	-2.3659034	-1.4638093
727622733	ACC	9.961321	-2.385046	-1.4063815
727622743	ACC	10.124033	-2.4329023	-1.3824533
727622752	ACC	10.296316	-2.4424736	-1.3776677
727622762	ACC	10.411171	-2.452045	-1.387239
727622771	ACC	10.439885	-2.423331	-1.3920245
727622781	ACC	10.425529	-2.4329023	-1.387239
727622790	ACC	10.396814	-2.480759	-1.3345969
727622800	ACC	10.363315	-2.504687	-1.2771691
727622809	ACC	10.339387	-2.5812573	-1.1862419
727622819	ACC	10.439885	-2.6626134	-1.1575279
727622828	ACC	10.597812	-2.7296124	-1.1048858
727622838	ACC	10.765309	-2.7631118	-1.061815
727622847	ACC	10.923235	-2.7966115	-1.061815
727622857	ACC	11.023734	-2.8348966	-1.0570294
727622866	ACC	11.162518	-2.8636105	-1.0378869
727622876	ACC	11.282159	-2.8396823	-0.8991031
727622885	ACC	11.459228	-2.777469	-0.846461
727622895	ACC	11.626725	-2.7008986	-0.6406783
727622904	ACC	11.760723	-2.667399	-0.4636094
727622914	ACC	11.875579	-2.6099713	-0.42053857
727622923	ACC	11.937792	-2.5429723	-0.4971089
727622933	ACC	11.928221	-2.4472594	-0.55453664
727622942	ACC	11.971292	-2.3802602	-0.698106
727622952	ACC	12.105289	-2.3515465	-0.927817
727622961	ACC	12.205789	-2.3754747	-1.0857433
727622971	ACC	12.306287	-2.41376	-1.2197413
727622980	ACC	12.373286	-2.4568307	-1.3920245
727622990	ACC	12.248859	-2.4759731	-1.6313069
727622999	ACC	11.956935	-2.480759	-1.7892331
727623009	ACC	11.4496565	-2.5525436	-1.9280169
727623018	ACC	10.779666	-2.629114	-1.9854445
727623028	ACC	10.176675	-2.6721847	-1.884946
727623037	ACC	9.779466	-2.7822545	-1.6600207
727623047	ACC	9.521041	-2.8636105	-1.3537394
727623056	ACC	9.329616	-2.9162526	-1.0283155
727623066	ACC	9.267402	-2.9353952	-0.7220342
727623075	ACC	9.32483	-2.9306095	-0.51146585
727623085	ACC	9.387043	-2.8636105	-0.4109673
727623094	ACC	9.473185	-2.7918258	-0.36311084
727623104	ACC	9.578469	-2.7008986	-0.39661035
727623113	ACC	9.669396	-2.653042	-0.48753762
727623123	ACC	9.722038	-2.6099713	-0.5736792
727623132	ACC	9.717253	-2.571686	-0.5832505
727623142	ACC	9.702896	-2.5094728	-0.5593223
727623151	ACC	9.688539	-2.4616163	-0.4971089
727623161	ACC	9.722038	-2.3994029	-0.43489552
727623170	ACC	9.784252	-2.3802602	-0.37746778
727623180	ACC	9.88475	-2.3754747	-0.37268212
727623189	ACC	9.990034	-2.3611178	-0.43010986
727623199	ACC	10.133604	-2.356332	-0.5401797
727623208	ACC	10.191031	-2.3276181	-0.6646065
727623218	ACC	10.305887	-2.332404	-0.7890333
727623227	ACC	10.497313	-2.3228326	-0.86560357
727623237	ACC	10.717453	-2.3419752	-1.0043873
727623246	ACC	10.822737	-2.3228326	-1.1288141
727623256	ACC	10.880164	-2.318047	-1.2819548
727623265	ACC	10.899307	-2.30369	-1.4494523
727623275	ACC	10.846665	-2.318047	-1.5834504
727623284	ACC	10.7126665	-2.3084757	-1.655235
727623294	ACC	10.564312	-2.3132613	-1.6073786
727623303	ACC	10.4016	-2.370689	-1.5020944
727623313	ACC	10.3681	-2.504687	-1.3154542
727623322	ACC	10.497313	-2.6338995	-1.1623136
727623332	ACC	10.593026	-2.720041	-1.0426725
727623341	ACC	10.717453	-2.720041	-0.87996054
727623351	ACC	10.84188	-2.6865416	-0.779462
727623360	ACC	11.023734	-2.6195426	-0.84167534
727623370	ACC	11.267802	-2.681756	-0.9517452
727623379	ACC	11.58844	-2.7822545	-1.1096715
727623389	ACC	11.832508	-2.8636105	-1.1766706
727623398	ACC	11.985648	-2.949752	-1.1623136
727623408	ACC	12.047862	-3.0502508	-1.0809577
727623417	ACC	12.076576	-3.1746774	-0.97567344
727623427	ACC	12.0430765	-3.313461	-0.8991031
727623436	ACC	11.91865	-3.4331024	-0.8321041
727623446	ACC	11.779866	-3.5336008	-0.76510507
727623455	ACC	11.669796	-3.6771703	-0.65982085
727623465	ACC	11.564512	-3.7728832	-0.6023931
727623474	ACC	11.487942	-3.8350966	-0.50189453
727623484	ACC	11.373086	-3.9164524	-0.4109673
727623493	ACC	11.301301	-3.9834516	-0.36789647
727623503	ACC	11.272588	-4.031308	-0.39661035
727623512	ACC	11.239088	-4.0408792	-0.45882374
727623522	ACC	11.172089	-4.016951	-0.55453664
727623531	ACC	11.02852	-3.9738803	-0.69332033
727623541	ACC	10.880164	-3.949952	-0.90388876
727623550	ACC	10.7844515	-3.9786658	-1.1096715
727623560	ACC	10.693524	-3.949952	-1.3058829
727623569	ACC	10.521241	-3.882953	-1.439881
727623579	ACC	10.363315	-3.7489548	-1.5116657
727623588	ACC	10.243673	-3.6293137	-1.5595222
727623598	ACC	10.157532	-3.49053	-1.6408781
727623607	ACC	10.076176	-3.3230324	-1.7270198
727623617	ACC	9.980463	-3.1698918	-1.7700906
727623626	ACC	10.004392	-3.0502508	-1.8227327
727623636	ACC	9.91825	-2.9018958	-1.8466609
727623645	ACC	9.784252	-2.7391837	-1.8897316
727623655	ACC	9.58804	-2.6004	-1.9184456
727623664	ACC	9.353543	-2.480759	-1.9854445
727623674	ACC	9.133404	-2.385046	-2.0380867
727623683	ACC	8.879765	-2.2989044	-2.0237298
727623693	ACC	8.6548395	-2.2319052	-1.9758734
727623702	ACC	8.477771	-2.1505494	-1.8945173
727623712	ACC	8.334201	-2.0787647	-1.817947
727623721	ACC	8.185846	-2.035694	-1.7892331
727623731	ACC	8.085348	-1.9974087	-1.7748762
727623740	ACC	8.066205	-1.925624	-1.7222341
727623750	ACC	8.080562	-1.8203398	-1.7222341
727623759	ACC	8.042277	-1.7054844	-1.7461623
727623769	ACC	7.9226356	-1.5858432	-1.7940187
727623778	ACC	7.8317084	-1.4566308	-1.8370895
727623788	ACC	7.7551384	-1.3274183	-1.8275183
727623797	ACC	7.702496	-1.1742777	-1.7653049
727623807	ACC	7.692925	-0.99720883	-1.7748762
727623816	ACC	7.716853	-0.8967103	-1.7940187
727623826	ACC	7.7551384	-0.8105687	-1.8370895
727623835	ACC	7.793423	-0.74835527	-1.8801605
727623845	ACC	7.812566	-0.6239285	-1.8610178
727623854	ACC	7.8317084	-0.4851448	-1.8323039
727623864	ACC	7.8317084	-0.35593235	-1.8562322
727623873	ACC	7.908279	-0.25543383	-1.8514465
727623883	ACC	7.893922	-0.13579269	-1.8275183
727623892	ACC	7.8460655	-0.025722843	-1.7988044
727623902	ACC	7.8317084	0.06999006	-1.7653049
727623911	ACC	7.8604226	0.15134603	-1.7078772
727623921	ACC	7.836494	0.17527425	-1.6169499
727623930	ACC	7.84128	0.19441684	-1.5834504
727623940	ACC	7.908279	0.18005991	-1.521237
727623949	ACC	7.9369926	0.14177474	-1.4638093
727623959	ACC	7.874779	0.18484555	-1.3824533
727623968	ACC	7.8699937	0.17527425	-1.3441681
727623978	ACC	7.8460655	0.232702	-1.3537394
727623987	ACC	7.798209	0.3044867	-1.3537394
727623997	ACC	7.783852	0.3714857	-1.3920245
727624006	ACC	7.8556366	0.381057	-1.4829519
727624016	ACC	7.9657063	0.40498522	-1.4829519
727624025	ACC	8.051848	0.42412782	-1.4446666
727624035	ACC	8.075776	0.4336991	-1.4685949
727624044	ACC	8.190632	0.35234314	-1.5260227
727624054	ACC	8.286345	0.31405798	-1.6313069
727624063	ACC	8.315059	0.3379862	-1.683949
727624073	ACC	8.348558	0.29012975	-1.7174485
727624082	ACC	8.386844	0.26141587	-1.750948
727624092	ACC	8.415557	0.21834506	-1.7940187
727624101	ACC	8.487342	0.1369891	-1.817947
727624111	ACC	8.583055	0.07956135	-1.80359
727624120	ACC	8.664411	-0.035294134	-1.7892331
727624130	ACC	8.69791	-0.116650105	-1.7844474
727624139	ACC	8.717052	-0.19800608	-1.7653049
727624149	ACC	8.712267	-0.293719	-1.7318054
727624158	ACC	8.683554	-0.4229314	-1.6743777
727624168	ACC	8.6548395	-0.5665008	-1.6313069
727624177	ACC	8.640483	-0.7004988	-1.5116657
727624187	ACC	8.630911	-0.8009974	-1.3202399
727624196	ACC	8.721839	-0.8967103	-1.1766706
727624206	ACC	8.88455	-1.0067801	-1.0331012
727624215	ACC	9.042477	-1.102493	-0.9182457
727624225	ACC	9.18126	-1.1694921	-0.8703892
727624234	ACC	9.315259	-1.2412767	-0.8847462
727624244	ACC	9.458828	-1.332204	-1.0091729
727624253	ACC	9.568898	-1.3800604	-1.1240284
727624263	ACC	9.6071825	-1.4709877	-1.2532408
727624272	ACC	9.789038	-1.5044873	-1.3537394
727624282	ACC	9.77468	-1.5954145	-1.4590236
727624291	ACC	9.784252	-1.6767704	-1.5020944
727624301	ACC	9.750752	-1.805983	-1.535594
727624310	ACC	9.77468	-1.9543378	-1.5547365
727624320	ACC	9.927821	-2.140978	-1.5690935
727624329	ACC	10.152746	-2.2558336	-1.4973087
727624339	ACC	10.253245	-2.3084757	-1.4255241
727624348	ACC	10.348958	-2.385046	-1.4159528
727624358	ACC	10.339387	-2.4424736	-1.4303098
727624367	ACC	10.301102	-2.4903302	-1.4303098
727624377	ACC	10.291531	-2.5094728	-1.3824533
727624386	ACC	10.334601	-2.5477579	-1.3154542
727624396	ACC	10.54517	-2.5860431	-1.238884
727624405	ACC	10.674382	-2.5860431	-1.1479566
727624415	ACC	10.741381	-2.6482565	-1.0857433
727624424	ACC	10.77488	-2.7296124	-1.0522437
727624434	ACC	10.660025	-2.830111	-1.0474582
727624443	ACC	10.444671	-2.8396823	-1.0139586
727624453	ACC	10.24846	-2.858825	-0.8991031
727624462	ACC	10.147961	-2.8540392	-0.80817586
727624472	ACC	10.262816	-2.8827531	-0.7363912
727624481	ACC	10.425529	-2.9066813	-0.69332033
727624491	ACC	10.502099	-2.9210382	-0.6789634
727624500	ACC	10.549955	-2.949752	-0.779462
727624510	ACC	10.554741	-3.00718	-0.93260264
727624519	ACC	10.530812	-3.0789645	-0.99960166
727624529	ACC	10.449456	-3.0933216	-1.0378869
727624538	ACC	10.286744	-3.0933216	-1.1096715
727624548	ACC	10.10489	-3.0885358	-1.224527
727624557	ACC	9.966106	-3.0502508	-1.3441681
727624567	ACC	10.047462	-3.045465	-1.439881
727624576	ACC	10.24846	-3.016751	-1.4877375
727624586	ACC	10.506885	-2.9449666	-1.5690935
727624595	ACC	10.693524	-2.9018958	-1.7030915
727624605	ACC	10.727024	-2.8492537	-1.8275183
727624614	ACC	10.631311	-2.815754	-1.9471594
727624624	ACC	10.420743	-2.8061829	-1.9710877
727624633	ACC	10.210175	-2.8396823	-1.8370895
727624643	ACC	10.004392	-2.858825	-1.6217356
727624652	ACC	9.860822	-2.8540392	-1.3968102
727624662	ACC	9.745967	-2.8875387	-1.2675978
727624671	ACC	9.683753	-2.9401808	-1.21017
727624681	ACC	9.702896	-2.964109	-1.1910275
727624690	ACC	9.812965	-3.0311081	-1.1479566
727624700	ACC	9.9756775	-3.1028929	-1.1670992
727624709	ACC	10.176675	-3.1698918	-1.2436695
727624719	ACC	10.301102	-3.2368908	-1.3537394
727624728	ACC	10.320244	-3.2703903	-1.4590236
727624738	ACC	10.243673	-3.2416766	-1.5403795
727624747	ACC	10.157532	-3.1842487	-1.588236
727624757	ACC	10.109675	-3.1076784	-1.6600207
727624766	ACC	10.195817	-3.074179	-1.7270198
727624776	ACC	10.296316	-3.0693932	-1.7605193
727624785	ACC	10.396814	-3.0502508	-1.7988044
727624795	ACC	10.468599	-3.0502508	-1.7748762
727624804	ACC	10.454242	-3.0837502	-1.6887345
727624814	ACC	10.420743	-3.1603205	-1.5930216
727624823	ACC	10.224531	-3.260819	-1.4877375
727624833	ACC	9.88475	-3.2799616	-1.2819548
727624842	ACC	9.554541	-3.3278182	-1.1096715
727624852	ACC	9.305687	-3.3852458	-0.95653087
727624861	ACC	9.209974	-3.4426737	-0.8847462
727624871	ACC	9.243474	-3.461816	-0.8560323
727624880	ACC	9.377472	-3.437888	-0.84167534
727624890	ACC	9.568898	-3.4474592	-0.927817
727624899	ACC	9.688539	-3.461816	-1.0331012
727624909	ACC	9.683753	-3.4522448	-1.1383854
727624918	ACC	9.669396	-3.4809587	-1.2819548
727624928	ACC	9.583255	-3.610171	-1.4207385
727624937	ACC	9.391829	-3.6436708	-1.4255241
727624947	ACC	9.195618	-3.557529	-1.2723835
727624956	ACC	9.109476	-3.4713874	-1.0953146
727624966	ACC	9.267402	-3.4570305	-0.9086744
727624975	ACC	9.602397	-3.4283166	-0.7746763
727624985	ACC	9.95175	-3.4426737	-0.7316055
727624994	ACC	10.176675	-3.4331024	-0.87996054
727625004	ACC	10.482956	-3.4666018	-1.0283155
727625013	ACC	10.621739	-3.5336008	-1.2293127
727625023	ACC	10.497313	-3.5479577	-1.4111671
727625032	ACC	10.234102	-3.5144582	-1.4877375
727625042	ACC	9.870394	-3.5048869	-1.4781662
727625051	ACC	9.530613	-3.4761732	-1.3537394
727625060	ACC	9.348758	-3.4713874	-1.1431711
727625070	ACC	9.458828	-3.5814574	-0.94695956
727625079	ACC	9.650253	-3.667599	-0.82731843
727625089	ACC	9.846465	-3.7106698	-0.7363912
727625098	ACC	9.994821	-3.705884	-0.6789634
727625108	ACC	10.095319	-3.6963127	-0.779462
727625117	ACC	10.205389	-3.7154553	-0.9804591
727625127	ACC	10.258031	-3.6963127	-1.1001002
727625136	ACC	10.186246	-3.6436708	-1.2340983
727625146	ACC	10.057034	-3.638885	-1.3058829
727625155	ACC	9.956535	-3.6819558	-1.2963116
727625165	ACC	9.899107	-3.6340995	-1.2436695
727625174	ACC	9.946963	-3.5431721	-1.1623136
727625184	ACC	10.013963	-3.4570305	-1.1144571
727625193	ACC	9.985249	-3.3469608	-1.1335998
727625203	ACC	9.899107	-3.2368908	-1.238884
727625212	ACC	9.812965	-3.126821	-1.3202399
727625222	ACC	9.741181	-3.0598218	-1.3489537
727625231	ACC	9.698111	-3.045465	-1.3010973
727625241	ACC	9.750752	-3.126821	-1.224527
727625250	ACC	9.712467	-3.112464	-1.1718849
727625260	ACC	9.65504	-3.0789645	-1.0809577
727625269	ACC	9.568898	-3.016751	-1.0522437
727625279	ACC	9.506684	-2.9736803	-1.0953146
727625288	ACC	9.425328	-2.8779674	-1.1670992
727625298	ACC	9.492328	-2.8396823	-1.1910275
727625307	ACC	9.6071825	-2.7391837	-1.1766706
727625317	ACC	9.717253	-2.6195426	-1.1096715
727625326	ACC	9.970892	-2.4903302	-1.090529
727625336	ACC	10.411171	-2.4711876	-1.1431711
727625345	ACC	10.846665	-2.4759731	-1.2053844
727625355	ACC	11.042876	-2.3898315	-1.224527
727625364	ACC	10.99502	-2.1984057	-1.1383854
727625374	ACC	10.870593	-2.169692	-1.3106686
727625383	ACC	10.679168	-2.0548365	-1.3776677
727625393	ACC	10.363315	-1.9639091	-1.4446666
727625402	ACC	10.07139	-1.8586249	-1.4973087
727625412	ACC	9.80818	-1.8107685	-1.5308083
727625421	ACC	9.506684	-1.8107685	-1.5260227
727625431	ACC	9.186047	-1.777269	-1.4877375
727625440	ACC	8.903693	-1.762912	-1.4207385
727625450	ACC	8.630911	-1.7198412	-1.3058829
727625459	ACC	8.425129	-1.6911274	-1.2053844
727625469	ACC	8.319844	-1.7198412	-1.1431711
727625478	ACC	8.300702	-1.762912	-1.1001002
727625488	ACC	8.276773	-1.7533408	-1.090529
727625497	ACC	8.271988	-1.7533408	-1.1240284
727625507	ACC	8.209774	-1.7246269	-1.1766706
727625516	ACC	8.142776	-1.6480566	-1.2484552
727625526	ACC	8.051848	-1.5332011	-1.3680964
727625535	ACC	7.9513497	-1.4757733	-1.50688
727625545	ACC	7.91785	-1.4039887	-1.6360924
727625554	ACC	7.9034934	-1.317847	-1.6887345
727625564	ACC	7.8987074	-1.2269198	-1.7078772
727625573	ACC	7.932207	-1.1407782	-1.7557336
727625583	ACC	8.042277	-1.0785648	-1.7892331
727625592	ACC	8.147561	-1.0163515	-1.7988044
727625602	ACC	8.181061	-1.0115658	-1.7796619
727625611	ACC	8.157132	-1.0019945	-1.7270198
727625621	ACC	8.142776	-1.0307083	-1.6743777
727625630	ACC	8.128419	-1.049851	-1.5930216
727625640	ACC	8.128419	-1.0642079	-1.5403795
727625649	ACC	8.109276	-1.0546366	-1.50688
727625659	ACC	8.118847	-1.0833504	-1.5020944
727625668	ACC	8.123632	-1.0785648	-1.5643078
727625678	ACC	8.10449	-1.0881361	-1.6217356
727625687	ACC	8.157132	-1.1072787	-1.6600207
727625697	ACC	8.2049885	-1.1072787	-1.7030915
727625706	ACC	8.343773	-1.1216356	-1.7557336
727625716	ACC	8.539984	-1.1647065	-1.80359
727625725	ACC	8.645268	-1.1264212	-1.8083757
727625735	ACC	8.659625	-1.1455638	-1.8562322
727625744	ACC	8.650054	-1.183849	-1.9184456
727625754	ACC	8.6548395	-1.2269198	-1.9519451
727625763	ACC	8.626125	-1.2604194	-1.9710877
727625773	ACC	8.659625	-1.3130615	-1.9567307
727625782	ACC	8.721839	-1.3561323	-1.9806589
727625792	ACC	8.7984085	-1.3944174	-1.9806589
727625801	ACC	8.913264	-1.4374882	-1.9854445
727625811	ACC	9.008977	-1.4901303	-1.9567307
727625820	ACC	9.06162	-1.494916	-1.9423738
727625830	ACC	9.075976	-1.5571294	-1.9615164
727625839	ACC	9.080762	-1.5810575	-1.9758734
727625849	ACC	9.037691	-1.628914	-1.9232312
727625858	ACC	9.037691	-1.6863418	-1.8658035
727625868	ACC	9.075976	-1.7485552	-1.7796619
727625877	ACC	9.133404	-1.805983	-1.6887345
727625887	ACC	9.162118	-1.8586249	-1.5690935
727625896	ACC	9.229117	-1.925624	-1.5116657
727625906	ACC	9.29133	-1.9639091	-1.4542379
727625915	ACC	9.32483	-1.9782661	-1.4446666
727625925	ACC	9.382257	-1.9974087	-1.4446666
727625934	ACC	9.434899	-2.00698	-1.4350954
727625944	ACC	9.434899	-1.9878374	-1.439881
727625953	ACC	9.454042	-2.035694	-1.4638093
727625963	ACC	9.482756	-2.088336	-1.4877375
727625972	ACC	9.492328	-2.155335	-1.4829519
727625982	ACC	9.51147	-2.179263	-1.4685949
727625991	ACC	9.51147	-2.2510478	-1.4781662
727626001	ACC	9.51147	-2.3276181	-1.5116657
727626010	ACC	9.521041	-2.3946173	-1.5308083
727626020	ACC	9.568898	-2.4711876	-1.5738791
727626029	ACC	9.702896	-2.5286152	-1.5690935
727626039	ACC	9.870394	-2.5908287	-1.5690935
727626048	ACC	9.970892	-2.5908287	-1.5738791
727626058	ACC	10.037891	-2.653042	-1.5834504
727626067	ACC	10.100104	-2.7056842	-1.535594
727626077	ACC	10.100104	-2.6865416	-1.4781662
727626086	ACC	10.07139	-2.6913273	-1.3920245
727626096	ACC	10.061819	-2.7248268	-1.3250256
727626105	ACC	10.066605	-2.7248268	-1.2436695
727626115	ACC	10.114461	-2.7535408	-1.224527
727626124	ACC	10.3441725	-2.8492537	-1.2293127
727626134	ACC	10.353744	-2.8444679	-1.2484552
727626143	ACC	10.200603	-2.801397	-1.2628121
727626153	ACC	9.999606	-2.8109684	-1.3250256
727626162	ACC	9.803394	-2.868396	-1.4063815
727626172	ACC	9.674182	-2.925824	-1.4015958
727626181	ACC	9.58804	-3.016751	-1.3441681
727626191	ACC	9.564112	-3.112464	-1.2580265
727626200	ACC	9.602397	-3.1603205	-1.1383854
727626210	ACC	9.583255	-3.2368908	-1.0235299
727626219	ACC	9.602397	-3.3230324	-0.8991031
727626229	ACC	9.611969	-3.3565319	-0.8033902
727626238	ACC	9.631111	-3.4043884	-0.7603194
727626248	ACC	9.602397	-3.4522448	-0.74117684
727626257	ACC	9.521041	-3.399603	-0.75553375
727626267	ACC	9.473185	-3.3565319	-0.8225328
727626276	ACC	9.444471	-3.2943187	-0.779462
727626286	ACC	9.47797	-3.2703903	-0.8129615
727626295	ACC	9.5353985	-3.289533	-0.8991031
727626305	ACC	9.578469	-3.3230324	-0.9517452
727626314	ACC	9.6071825	-3.3517463	-1.0187442
727626324	ACC	9.602397	-3.3661032	-0.99003035
727626333	ACC	9.583255	-3.3852458	-0.86081797
727626343	ACC	9.506684	-3.394817	-0.7890333
727626352	ACC	9.468399	-3.3900316	-0.7316055
727626362	ACC	9.473185	-3.4426737	-0.7220342
727626371	ACC	9.583255	-3.49053	-0.70289165
727626381	ACC	9.659825	-3.5144582	-0.68853474
727626390	ACC	9.793823	-3.5144582	-0.7890333
727626400	ACC	9.8321085	-3.4953158	-0.9613165
727626409	ACC	9.84168	-3.4713874	-1.1718849
727626419	ACC	9.860822	-3.4474592	-1.387239
727626428	ACC	9.822537	-3.394817	-1.5451652
727626438	ACC	9.8321085	-3.3038898	-1.6743777
727626447	ACC	9.894321	-3.2368908	-1.6791633
727626457	ACC	9.942178	-3.1555347	-1.6360924
727626466	ACC	10.042677	-3.0837502	-1.521237
727626476	ACC	10.133604	-3.0646076	-1.4111671
727626485	ACC	10.21496	-3.0406795	-1.3393825
727626495	ACC	10.205389	-3.0598218	-1.2532408
727626504	ACC	10.119247	-3.0933216	-1.1766706
727626514	ACC	9.946963	-3.1220353	-1.0953146
727626523	ACC	9.731609	-3.1698918	-0.9708878
727626533	ACC	9.516255	-3.1698918	-0.8703892
727626542	ACC	9.353543	-3.2416766	-0.80817586
727626552	ACC	9.35833	-3.3182468	-0.76510507
727626561	ACC	9.425328	-3.3661032	-0.74596244
727626571	ACC	9.439685	-3.370889	-0.7890333
727626580	ACC	9.420543	-3.3804603	-0.8847462
727626590	ACC	9.353543	-3.3756745	-0.9517452
727626599	ACC	9.3104725	-3.3517463	-1.0522437
727626609	ACC	9.396614	-3.3469608	-1.1192428
727626618	ACC	9.449257	-3.313461	-1.1431711
727626628	ACC	9.468399	-3.251248	-1.1575279
727626637	ACC	9.47797	-3.1986058	-1.1479566
727626647	ACC	9.5353985	-3.2033913	-1.1096715
727626656	ACC	9.583255	-3.2081769	-1.061815
727626666	ACC	9.726824	-3.246462	-0.9661021
727626675	ACC	9.913465	-3.251248	-0.87996054
727626685	ACC	10.109675	-3.2368908	-0.8177471
727626694	ACC	10.24846	-3.1842487	-0.76510507
727626704	ACC	10.392029	-3.1459637	-0.8033902
727626713	ACC	10.526027	-3.1028929	-0.9182457
727626723	ACC	10.626525	-3.045465	-1.0235299
727626732	ACC	10.727024	-3.00718	-1.0953146
727626742	ACC	10.750952	-2.992823	-1.1288141
727626751	ACC	10.607383	-2.9976087	-1.1096715
727626761	ACC	10.387243	-3.0119655	-1.061815
727626770	ACC	10.219746	-3.112464	-0.97567344
727626780	ACC	10.133604	-3.2081769	-0.86560357
727626789	ACC	10.114461	-3.260819	-0.7076773
727626799	ACC	10.18146	-3.222534	-0.56410795
727626808	ACC	10.334601	-3.2081769	-0.52582276
727626818	ACC	10.454242	-3.1746774	-0.57846487
727626827	ACC	10.516456	-3.1746774	-0.6789634
727626837	ACC	10.47817	-3.1698918	-0.78424764
727626846	ACC	10.4016	-3.1986058	-0.8560323
727626856	ACC	10.382458	-3.251248	-0.87996054
727626865	ACC	10.329815	-3.289533	-0.85124665
727626875	ACC	10.329815	-3.2847474	-0.8129615
727626884	ACC	10.372886	-3.2943187	-0.7746763
727626894	ACC	10.47817	-3.289533	-0.76510507
727626903	ACC	10.549955	-3.260819	-0.8177471
727626913	ACC	10.47817	-3.2081769	-0.86081797
727626922	ACC	10.420743	-3.1603205	-0.91346
727626932	ACC	10.305887	-3.1507492	-0.994816
727626941	ACC	10.234102	-3.165106	-1.0426725
727626951	ACC	10.171889	-3.1746774	-1.0474582
727626960	ACC	10.1288185	-3.165106	-1.0570294
727626970	ACC	10.042677	-3.126821	-1.0570294
727626979	ACC	9.908679	-3.0406795	-1.0953146
727626989	ACC	9.722038	-2.8827531	-1.2005987
727626998	ACC	9.635897	-2.748755	-1.3250256
727627008	ACC	9.530613	-2.6099713	-1.3776677
727627017	ACC	9.439685	-2.4616163	-1.3202399
727627027	ACC	9.425328	-2.370689	-1.2484552
727627036	ACC	9.492328	-2.332404	-1.1766706
727627046	ACC	9.645468	-2.385046	-1.0857433
727627055	ACC	9.741181	-2.4041886	-0.9708878
727627065	ACC	9.745967	-2.4281168	-0.86081797
727627074	ACC	9.631111	-2.4185455	-0.84167534
727627084	ACC	9.420543	-2.3802602	-0.927817
727627093	ACC	9.18126	-2.3419752	-1.0522437
727627103	ACC	8.99462	-2.274976	-1.1814562
727627112	ACC	8.822337	-2.1984057	-1.3202399
727627122	ACC	8.702696	-2.088336	-1.439881
727627131	ACC	8.712267	-2.00698	-1.5308083
727627141	ACC	8.874979	-2.0404794	-1.602593
727627150	ACC	8.970692	-1.9734805	-1.655235
727627160	ACC	9.047262	-1.8729819	-1.7270198
727627169	ACC	9.119047	-1.762912	-1.8370895
727627179	ACC	9.138189	-1.6576279	-1.9758734
727627188	ACC	9.099904	-1.5427724	-2.1003
727627198	ACC	9.008977	-1.4087744	-2.196013
727627207	ACC	8.860622	-1.3226327	-2.2534406
727627217	ACC	8.664411	-1.2317054	-2.2965117
727627226	ACC	8.492127	-1.1359925	-2.2438695
727627236	ACC	8.386844	-1.11685	-2.129014
727627245	ACC	8.362915	-1.1120644	-1.9232312
727627255	ACC	8.377272	-1.1455638	-1.6887345
727627264	ACC	8.444271	-1.183849	-1.4925231
727627274	ACC	8.472985	-1.183849	-1.387239
727627283	ACC	8.506484	-1.198206	-1.3393825
727627293	ACC	8.5112705	-1.2173486	-1.3106686
727627302	ACC	8.496913	-1.1886346	-1.3058829
727627312	ACC	8.429914	-1.1742777	-1.3010973
727627321	ACC	8.32463	-1.1455638	-1.2963116
727627331	ACC	8.233703	-1.1647065	-1.3010973
727627340	ACC	8.147561	-1.1694921	-1.3202399
727627350	ACC	8.13799	-1.1694921	-1.3106686
727627359	ACC	8.176275	-1.1790633	-1.2963116
727627369	ACC	8.238488	-1.1742777	-1.2771691
727627378	ACC	8.32463	-1.1742777	-1.2628121
727627387	ACC	8.405986	-1.1455638	-1.2867404
727627397	ACC	8.4682	-1.1551352	-1.3298112
727627406	ACC	8.463413	-1.1455638	-1.3824533
727627416	ACC	8.439486	-1.1551352	-1.4207385
727627425	ACC	8.415557	-1.183849	-1.439881
727627435	ACC	8.449057	-1.2125629	-1.4638093
727627444	ACC	8.477771	-1.2699906	-1.5020944
727627454	ACC	8.492127	-1.3274183	-1.5499508
727627463	ACC	8.5112705	-1.3752748	-1.5690935
727627473	ACC	8.611769	-1.3944174	-1.5595222
727627482	ACC	8.721839	-1.3896317	-1.5308083
727627492	ACC	8.831908	-1.346561	-1.535594
727627501	ACC	8.879765	-1.3274183	-1.6169499
727627511	ACC	8.874979	-1.3561323	-1.7605193
727627520	ACC	8.889337	-1.3609179	-1.8945173
727627530	ACC	8.889337	-1.3896317	-1.9615164
727627539	ACC	8.822337	-1.4614165	-1.9950159
727627549	ACC	8.750552	-1.4566308	-2.0045872
727627558	ACC	8.745767	-1.5044873	-1.9950159
727627568	ACC	8.793623	-1.5667006	-1.9950159
727627577	ACC	8.941978	-1.5906289	-1.966302
727627587	ACC	9.114262	-1.6193427	-1.9423738
727627596	ACC	9.21476	-1.6002002	-1.8945173
727627606	ACC	9.272188	-1.6193427	-1.8705891
727627615	ACC	9.3104725	-1.6384853	-1.8131614
727627625	ACC	9.300901	-1.6671991	-1.7126628
727627634	ACC	9.286545	-1.6959131	-1.5978073
727627644	ACC	9.315259	-1.7724833	-1.5020944
727627653	ACC	9.339187	-1.8681962	-1.4015958
727627663	ACC	9.363115	-1.9064814	-1.3202399
727627672	ACC	9.305687	-1.9686948	-1.2484552
727627682	ACC	9.276974	-2.0021944	-1.1718849
727627691	ACC	9.243474	-2.035694	-1.1670992
727627701	ACC	9.281759	-2.1122642	-1.1383854
727627710	ACC	9.377472	-2.1936202	-1.1048858
727627720	ACC	9.487542	-2.265405	-1.0809577
727627729	ACC	9.516255	-2.332404	-1.0953146
727627739	ACC	9.616755	-2.385046	-1.0953146
727627748	ACC	9.611969	-2.4281168	-1.1431711
727627758	ACC	9.492328	-2.41376	-1.2053844
727627767	ACC	9.415757	-2.4041886	-1.2532408
727627777	ACC	9.473185	-2.5094728	-1.3154542
727627786	ACC	9.597611	-2.6338995	-1.3920245
727627796	ACC	9.592826	-2.653042	-1.4350954
727627805	ACC	9.611969	-2.681756	-1.4207385
727627815	ACC	9.683753	-2.7152555	-1.3537394
727627824	ACC	9.722038	-2.720041	-1.2771691
727627834	ACC	9.812965	-2.7678976	-1.1958131
727627843	ACC	9.856036	-2.7822545	-1.1192428
727627853	ACC	9.875179	-2.8396823	-1.090529
727627862	ACC	9.846465	-2.89711	-1.0474582
727627872	ACC	9.798609	-3.0263224	-1.0666007
727627881	ACC	9.683753	-3.165106	-1.076172
727627891	ACC	9.492328	-3.3038898	-1.0666007
727627900	ACC	9.334401	-3.3756745	-1.0091729
727627910	ACC	9.286545	-3.49053	-0.8895318
727627919	ACC	9.391829	-3.5958142	-0.79860455
727627929	ACC	9.516255	-3.6867416	-0.74117684
727627938	ACC	9.702896	-3.6771703	-0.6837491
727627948	ACC	9.779466	-3.6436708	-0.6454639
727627957	ACC	9.803394	-3.571886	-0.6693921
727627967	ACC	9.865608	-3.5096726	-0.7316055
727627976	ACC	9.870394	-3.4761732	-0.7603194
727627986	ACC	9.879965	-3.4666018	-0.779462
727627995	ACC	9.9038925	-3.4522448	-0.8703892
727628005	ACC	9.860822	-3.461816	-0.90388876
727628014	ACC	9.80818	-3.4331024	-0.9086744
727628024	ACC	9.784252	-3.461816	-0.9421739
727628033	ACC	9.803394	-3.5048869	-0.9182457
727628043	ACC	9.908679	-3.557529	-0.85124665
727628052	ACC	10.057034	-3.6053855	-0.80817586
727628062	ACC	10.24846	-3.6245282	-0.8177471
727628071	ACC	10.387243	-3.6436708	-0.8703892
727628081	ACC	10.497313	-3.6532419	-0.99960166
727628090	ACC	10.47817	-3.6005998	-1.1383854
727628100	ACC	10.392029	-3.4713874	-1.238884
727628109	ACC	10.348958	-3.3565319	-1.3920245
727628119	ACC	10.353744	-3.260819	-1.4973087
727628128	ACC	10.3441725	-3.1794631	-1.5547365
727628138	ACC	10.301102	-3.126821	-1.5595222
727628147	ACC	10.219746	-3.0933216	-1.5499508
727628157	ACC	10.1288185	-3.0789645	-1.4781662
727628166	ACC	10.023534	-3.0550363	-1.3776677
727628176	ACC	9.879965	-3.0789645	-1.2867404
727628185	ACC	9.755538	-3.1316066	-1.1575279
727628195	ACC	9.616755	-3.165106	-0.99003035
727628204	ACC	9.51147	-3.2033913	-0.7938189
727628214	ACC	9.425328	-3.2129626	-0.5880362
727628223	ACC	9.377472	-3.2177482	-0.43489552
727628233	ACC	9.396614	-3.19382	-0.3056831
727628242	ACC	9.420543	-3.1698918	-0.23868406
727628252	ACC	9.530613	-3.1507492	-0.25782663
727628261	ACC	9.65504	-3.1746774	-0.41575295
727628271	ACC	9.688539	-3.141178	-0.65024954
727628280	ACC	9.674182	-3.112464	-0.9086744
727628290	ACC	9.616755	-3.098107	-1.1096715
727628299	ACC	9.568898	-3.0646076	-1.2675978
727628309	ACC	9.58804	-3.0598218	-1.2963116
727628318	ACC	9.659825	-3.0358937	-1.2293127
727628328	ACC	9.870394	-3.0789645	-1.1527423
727628337	ACC	10.114461	-3.126821	-1.1096715
727628347	ACC	10.234102	-3.141178	-1.0953146
727628356	ACC	10.238888	-3.1698918	-1.1240284
727628366	ACC	10.076176	-3.1890345	-1.1766706
727628375	ACC	9.875179	-3.2081769	-1.1766706
727628385	ACC	9.702896	-3.260819	-1.1048858
727628394	ACC	9.58804	-3.2943187	-0.93738824
727628404	ACC	9.578469	-3.3086755	-0.71724856
727628413	ACC	9.659825	-3.3517463	-0.5162515
727628423	ACC	9.860822	-3.4043884	-0.3822534
727628432	ACC	10.080962	-3.4522448	-0.35353956
727628442	ACC	10.224531	-3.461816	-0.4109673
727628451	ACC	10.258031	-3.4331024	-0.47318068
727628461	ACC	10.2723875	-3.423531	-0.59282184
727628470	ACC	10.219746	-3.4043884	-0.75553375
727628480	ACC	10.090533	-3.4426737	-0.92303133
727628489	ACC	9.836894	-3.4426737	-1.0426725
727628499	ACC	9.573684	-3.437888	-1.1096715
727628508	ACC	9.35833	-3.4187453	-1.0378869
727628518	ACC	9.29133	-3.370889	-0.86560357
727628527	ACC	9.454042	-3.4283166	-0.6454639
727628537	ACC	9.760324	-3.4713874	-0.47318068
727628546	ACC	10.090533	-3.49053	-0.39661035
727628556	ACC	10.4159565	-3.5240295	-0.36311084
727628565	ACC	10.688739	-3.5431721	-0.43968117
727628575	ACC	10.779666	-3.5431721	-0.631107
727628584	ACC	10.750952	-3.5096726	-0.84167534
727628594	ACC	10.66481	-3.4666018	-1.0283155
727628603	ACC	10.449456	-3.4187453	-1.1766706
727628613	ACC	10.262816	-3.370889	-1.2915261
727628622	ACC	10.124033	-3.2991042	-1.3489537
727628632	ACC	10.042677	-3.2560334	-1.3202399
727628641	ACC	10.090533	-3.2560334	-1.2675978
727628651	ACC	10.162318	-3.2273195	-1.1958131
727628660	ACC	10.191031	-3.1698918	-1.1383854
727628670	ACC	10.238888	-3.098107	-1.1335998
727628679	ACC	10.224531	-3.0406795	-1.1383854
727628689	ACC	10.1288185	-2.949752	-1.1575279
727628698	ACC	10.047462	-2.8875387	-1.1623136
727628708	ACC	9.9038925	-2.925824	-1.1479566
727628717	ACC	9.707682	-2.9449666	-1.1288141
727628727	ACC	9.540184	-2.9736803	-1.0426725
727628736	ACC	9.367901	-3.00718	-0.9613165
727628746	ACC	9.267402	-3.045465	-0.91346
727628755	ACC	9.176475	-3.0646076	-0.8703892
727628765	ACC	9.042477	-2.992823	-0.8703892
727628774	ACC	8.922835	-2.89711	-0.8895318
727628784	ACC	8.894122	-2.7966115	-0.9708878
727628793	ACC	8.922835	-2.720041	-1.061815
727628803	ACC	9.004191	-2.6578279	-1.1335998
727628812	ACC	9.037691	-2.5956144	-1.2628121
727628822	ACC	9.099904	-2.562115	-1.3680964
727628831	ACC	9.071191	-2.5238297	-1.5020944
727628841	ACC	8.970692	-2.4424736	-1.6360924
727628850	ACC	8.841479	-2.3946173	-1.736591
727628860	ACC	8.750552	-2.3419752	-1.8370895
727628869	ACC	8.702696	-2.2558336	-1.884946
727628879	ACC	8.721839	-2.184049	-1.9088743
727628888	ACC	8.73141	-2.0691934	-1.899303
727628898	ACC	8.774481	-1.9639091	-1.9423738
727628907	ACC	8.7984085	-1.8777676	-1.9806589
727628917	ACC	8.788837	-1.8394824	-2.0141585
727628926	ACC	8.717052	-1.7868403	-1.9758734
727628936	ACC	8.693125	-1.7724833	-1.8705891
727628945	ACC	8.664411	-1.7533408	-1.7557336
727628955	ACC	8.683554	-1.777269	-1.588236
727628964	ACC	8.645268	-1.7868403	-1.4973087
727628974	ACC	8.611769	-1.7964116	-1.4015958
727628983	ACC	8.559127	-1.8251255	-1.3824533
727628993	ACC	8.525627	-1.8442681	-1.3968102
727629002	ACC	8.5016985	-1.8490537	-1.4255241
727629012	ACC	8.487342	-1.8442681	-1.3680964
727629021	ACC	8.458628	-1.8011973	-1.3058829
727629031	ACC	8.477771	-1.7724833	-1.2675978
727629040	ACC	8.458628	-1.7485552	-1.238884
727629050	ACC	8.4347	-1.7246269	-1.2580265
727629059	ACC	8.4012	-1.6959131	-1.2532408
727629069	ACC	8.425129	-1.6959131	-1.2963116
727629078	ACC	8.458628	-1.6624135	-1.3393825
727629088	ACC	8.5016985	-1.6815561	-1.372882
727629097	ACC	8.516056	-1.6767704	-1.4685949
727629107	ACC	8.496913	-1.6815561	-1.5451652
727629116	ACC	8.496913	-1.6959131	-1.6313069
727629126	ACC	8.592627	-1.6959131	-1.7222341
727629135	ACC	8.673982	-1.6767704	-1.7653049
727629145	ACC	8.693125	-1.6767704	-1.7940187
727629154	ACC	8.702696	-1.6719848	-1.8466609
727629164	ACC	8.721839	-1.6863418	-1.884946
727629173	ACC	8.736196	-1.6911274	-1.9040886
727629183	ACC	8.73141	-1.7246269	-1.9184456
727629192	ACC	8.755338	-1.7724833	-1.9567307
727629202	ACC	8.769695	-1.7820547	-1.9854445
727629211	ACC	8.736196	-1.8107685	-1.9854445
727629221	ACC	8.745767	-1.8777676	-1.9902302
727629230	ACC	8.73141	-1.925624	-2.0045872
727629240	ACC	8.73141	-1.9878374	-1.9615164
727629249	ACC	8.7984085	-2.0404794	-1.899303
727629259	ACC	8.874979	-2.088336	-1.8275183
727629268	ACC	8.894122	-2.126621	-1.7557336
727629278	ACC	8.879765	-2.179263	-1.683949
727629287	ACC	8.851051	-2.2127628	-1.6169499
727629297	ACC	8.831908	-2.2462623	-1.5451652
727629306	ACC	8.841479	-2.3132613	-1.4733806
727629316	ACC	8.898908	-2.3898315	-1.439881
727629325	ACC	8.985049	-2.4568307	-1.3824533
727629335	ACC	9.066405	-2.4903302	-1.2771691
727629344	ACC	9.142975	-2.519044	-1.2197413
727629354	ACC	9.18126	-2.5573292	-1.1623136
727629363	ACC	9.219545	-2.5908287	-1.1479566
727629373	ACC	9.243474	-2.614757	-1.1766706
727629382	ACC	9.253045	-2.6243281	-1.2149557
727629392	ACC	9.296116	-2.6243281	-1.2532408
727629401	ACC	9.329616	-2.6434708	-1.3345969
727629411	ACC	9.396614	-2.6626134	-1.3537394
727629420	ACC	9.473185	-2.6913273	-1.387239
727629430	ACC	9.573684	-2.7152555	-1.4111671
727629439	ACC	9.635897	-2.7726831	-1.4446666
727629449	ACC	9.65504	-2.8253253	-1.4877375
727629458	ACC	9.597611	-2.830111	-1.4925231
727629468	ACC	9.554541	-2.8492537	-1.5164514
727629477	ACC	9.573684	-2.8827531	-1.5116657
727629487	ACC	9.559326	-2.8827531	-1.4781662
727629496	ACC	9.554541	-2.9162526	-1.4542379
727629506	ACC	9.58804	-2.9688947	-1.4207385
727629515	ACC	9.58804	-2.949752	-1.4207385
727629525	ACC	9.611969	-2.949752	-1.4638093
727629534	ACC	9.659825	-2.9688947	-1.4063815
727629544	ACC	9.65504	-2.949752	-1.3393825
727629553	ACC	9.688539	-2.9306095	-1.2771691
727629563	ACC	9.726824	-2.9545379	-1.2340983
727629572	ACC	9.717253	-2.9353952	-1.1623136
727629582	ACC	9.736395	-2.9545379	-1.1240284
727629591	ACC	9.769895	-2.9449666	-1.1096715
727629601	ACC	9.817751	-2.9306095	-1.1335998
727629610	ACC	9.889536	-2.9306095	-1.1670992
727629620	ACC	10.009177	-2.9401808	-1.2340983
727629629	ACC	10.095319	-2.9401808	-1.3106686
727629639	ACC	10.152746	-2.89711	-1.3920245
727629648	ACC	10.195817	-2.8492537	-1.4494523
727629658	ACC	10.205389	-2.7870402	-1.5116657
727629667	ACC	10.2723875	-2.7870402	-1.5308083
727629677	ACC	10.301102	-2.777469	-1.5403795
727629686	ACC	10.305887	-2.7296124	-1.4781662
727629696	ACC	10.258031	-2.681756	-1.4063815
727629705	ACC	10.224531	-2.629114	-1.3154542
727629715	ACC	10.133604	-2.5669005	-1.2197413
727629724	ACC	9.966106	-2.562115	-1.1623136
727629734	ACC	9.889536	-2.614757	-1.0857433
727629743	ACC	9.875179	-2.653042	-0.99960166
727629753	ACC	9.803394	-2.7343981	-0.90388876
727629762	ACC	9.731609	-2.7631118	-0.84167534
727629772	ACC	9.635897	-2.8540392	-0.84167534
727629781	ACC	9.516255	-2.9545379	-0.84167534
727629791	ACC	9.410972	-3.0263224	-0.8177471
727629800	ACC	9.367901	-3.0646076	-0.79860455
727629810	ACC	9.468399	-3.1172497	-0.8033902
727629819	ACC	9.640682	-3.1555347	-0.8225328
727629829	ACC	9.846465	-3.1794631	-0.89431745
727629838	ACC	9.946963	-3.1028929	-1.0283155
727629847	ACC	9.990034	-3.0215368	-1.2484552
727629857	ACC	9.95175	-2.9306095	-1.5020944
727629866	ACC	9.908679	-2.8923244	-1.6648064
727629876	ACC	9.870394	-2.8444679	-1.7461623
727629885	ACC	9.851251	-2.8253253	-1.7413766
727629895	ACC	9.851251	-2.8253253	-1.6217356
727629904	ACC	9.822537	-2.801397	-1.4207385
727629914	ACC	9.760324	-2.7966115	-1.2197413
727629923	ACC	9.698111	-2.7870402	-1.076172
727629933	ACC	9.631111	-2.7726831	-0.9421739
727629942	ACC	9.631111	-2.7726831	-0.7938189
727629952	ACC	9.635897	-2.7439694	-0.7076773
727629961	ACC	9.678967	-2.7726831	-0.61675006
727629971	ACC	9.717253	-2.777469	-0.5688936
727629980	ACC	9.760324	-2.830111	-0.549751
727629990	ACC	9.84168	-2.8636105	-0.5449654
727629999	ACC	9.9038925	-2.8827531	-0.5736792
727630009	ACC	9.956535	-2.8827531	-0.6023931
727630018	ACC	9.961321	-2.9066813	-0.65982085
727630028	ACC	9.889536	-2.9353952	-0.779462
727630037	ACC	9.789038	-2.949752	-0.8321041
727630047	ACC	9.712467	-2.9832516	-0.8560323
727630056	ACC	9.698111	-3.0263224	-0.9086744
727630066	ACC	9.683753	-3.0358937	-0.9517452
727630075	ACC	9.674182	-3.0693932	-0.9613165
727630085	ACC	9.674182	-3.074179	-0.994816
727630094	ACC	9.645468	-3.074179	-1.0235299
727630104	ACC	9.640682	-3.074179	-0.99003035
727630113	ACC	9.631111	-3.098107	-0.93738824
727630123	ACC	9.65504	-3.126821	-0.8703892
727630132	ACC	9.722038	-3.2129626	-0.79860455
727630142	ACC	9.736395	-3.2273195	-0.71246296
727630151	ACC	9.712467	-3.2321053	-0.6646065
727630161	ACC	9.736395	-3.260819	-0.6406783
727630170	ACC	9.717253	-3.3086755	-0.68853474
727630180	ACC	9.722038	-3.3661032	-0.68853474
727630189	ACC	9.750752	-3.3852458	-0.7076773
727630199	ACC	9.875179	-3.4187453	-0.7363912
727630208	ACC	9.9756775	-3.4761732	-0.76989067
727630218	ACC	10.018748	-3.5001013	-0.8225328
727630227	ACC	9.980463	-3.4857445	-0.91346
727630237	ACC	9.91825	-3.5001013	-0.95653087
727630246	ACC	9.803394	-3.4809587	-1.0235299
727630256	ACC	9.626326	-3.4857445	-1.0331012
727630265	ACC	9.434899	-3.5001013	-0.9613165
727630275	ACC	9.329616	-3.5527434	-0.86081797
727630284	ACC	9.348758	-3.6723845	-0.7746763
727630294	ACC	9.391829	-3.7250266	-0.6837491
727630303	ACC	9.415757	-3.7680974	-0.6406783
727630313	ACC	9.425328	-3.7633119	-0.65982085
727630322	ACC	9.35833	-3.7633119	-0.76989067
727630332	ACC	9.243474	-3.7250266	-0.9421739
727630341	ACC	9.138189	-3.7489548	-1.076172
727630351	ACC	9.157332	-3.8350966	-1.2197413
727630360	ACC	9.209974	-3.868596	-1.3058829
727630370	ACC	9.205189	-3.758526	-1.3633107
727630379	ACC	9.200403	-3.6580276	-1.4255241
727630389	ACC	9.195618	-3.5001013	-1.50688
727630398	ACC	9.0951185	-3.3373895	-1.5930216
727630408	ACC	8.95155	-3.2416766	-1.6743777
727630417	ACC	8.755338	-3.2033913	-1.683949
727630427	ACC	8.535198	-3.1794631	-1.5978073
727630436	ACC	8.4012	-3.2799616	-1.4207385
727630446	ACC	8.367701	-3.423531	-1.1910275
727630455	ACC	8.362915	-3.5479577	-1.0139586
727630465	ACC	8.4682	-3.6723845	-0.93260264
727630474	ACC	8.544769	-3.7441692	-0.9182457
727630484	ACC	8.549556	-3.7489548	-1.0235299
727630493	ACC	8.525627	-3.7154553	-1.2005987
727630503	ACC	8.530413	-3.6723845	-1.4111671
727630512	ACC	8.606983	-3.6723845	-1.5690935
727630522	ACC	8.664411	-3.6149569	-1.736591
727630531	ACC	8.707481	-3.557529	-1.8610178
727630541	ACC	8.760123	-3.5048869	-1.9615164
727630550	ACC	8.855837	-3.5096726	-2.0859432
727630560	ACC	8.975478	-3.5288153	-2.224727
727630569	ACC	9.0951185	-3.5240295	-2.2965117
727630579	ACC	9.243474	-3.519244	-2.3635106
727630588	ACC	9.396614	-3.4809587	-2.425724
727630598	ACC	9.473185	-3.423531	-2.4687948
727630607	ACC	9.501899	-3.3852458	-2.4592235
727630617	ACC	9.434899	-3.3182468	-2.4065814
727630626	ACC	9.29133	-3.251248	-2.344368
727630636	ACC	9.099904	-3.2368908	-2.2055843
727630645	ACC	8.874979	-3.251248	-1.9710877
727630655	ACC	8.664411	-3.289533	-1.7030915
727630664	ACC	8.458628	-3.3373895	-1.5020944
727630674	ACC	8.32463	-3.4426737	-1.2963116
727630683	ACC	8.238488	-3.4953158	-1.090529
727630693	ACC	8.157132	-3.5336008	-0.89431745
727630702	ACC	8.128419	-3.557529	-0.76989067
727630712	ACC	8.161918	-3.5814574	-0.7076773
727630721	ACC	8.166703	-3.5527434	-0.65982085
727630731	ACC	8.166703	-3.5048869	-0.69332033
727630740	ACC	8.219346	-3.409174	-0.8177471
727630750	ACC	8.271988	-3.2991042	-1.0091729
727630759	ACC	8.420342	-3.246462	-1.2867404
727630769	ACC	8.597412	-3.1890345	-1.4733806
727630778	ACC	8.740981	-3.141178	-1.6265212
727630788	ACC	8.817552	-3.0885358	-1.7653049
727630797	ACC	8.865408	-3.0646076	-1.8753748
727630807	ACC	8.874979	-3.0550363	-1.9615164
727630816	ACC	8.831908	-3.016751	-1.9854445
727630826	ACC	8.803194	-3.0215368	-2.0045872
727630835	ACC	8.855837	-3.074179	-1.966302
727630845	ACC	8.88455	-3.098107	-1.8897316
727630854	ACC	8.941978	-3.0837502	-1.7892331
727630864	ACC	9.013762	-3.1220353	-1.7126628
727630873	ACC	9.018549	-3.1172497	-1.6360924
727630883	ACC	9.0233345	-3.1316066	-1.5930216
727630892	ACC	9.032906	-3.141178	-1.5690935
727630902	ACC	9.013762	-3.165106	-1.5595222
727630911	ACC	9.004191	-3.1555347	-1.5020944
727630921	ACC	9.013762	-3.19382	-1.4638093
727630930	ACC	9.02812	-3.222534	-1.4111671
727630940	ACC	9.037691	-3.1986058	-1.3393825
727630949	ACC	9.056833	-3.222534	-1.2915261
727630959	ACC	9.0951185	-3.2560334	-1.2771691
727630968	ACC	9.1669035	-3.2991042	-1.2675978
727630978	ACC	9.21476	-3.3086755	-1.2580265
727630987	ACC	9.272188	-3.3086755	-1.2532408
727630997	ACC	9.3200445	-3.289533	-1.2484552
727631006	ACC	9.343972	-3.2799616	-1.238884
727631016	ACC	9.377472	-3.275176	-1.2532408
727631025	ACC	9.387043	-3.260819	-1.2532408
727631035	ACC	9.401401	-3.2943187	-1.2532408
727631044	ACC	9.410972	-3.3038898	-1.2532408
727631054	ACC	9.406186	-3.3373895	-1.2628121
727631063	ACC	9.406186	-3.3804603	-1.224527
727631073	ACC	9.391829	-3.3852458	-1.1814562
727631082	ACC	9.382257	-3.3852458	-1.1479566
727631092	ACC	9.372686	-3.3613176	-1.0809577
727631101	ACC	9.35833	-3.3565319	-1.090529
727631111	ACC	9.372686	-3.3469608	-1.0953146
727631120	ACC	9.329616	-3.3278182	-1.1144571
727631130	ACC	9.24826	-3.2847474	-1.1288141
727631139	ACC	9.157332	-3.222534	-1.1144571
727631149	ACC	9.142975	-3.2273195	-1.1192428
727631158	ACC	9.128618	-3.2273195	-1.1192428
727631168	ACC	9.119047	-3.2177482	-1.1144571
727631177	ACC	9.06162	-3.222534	-1.0474582
727631187	ACC	9.013762	-3.2656047	-1.0235299
727631196	ACC	9.0233345	-3.313461	-0.99960166
727631206	ACC	8.985049	-3.3182468	-0.94695956
727631215	ACC	8.99462	-3.3565319	-0.8703892
727631225	ACC	9.013762	-3.399603	-0.84167534
727631234	ACC	9.047262	-3.4139597	-0.8560323
727631244	ACC	9.0951185	-3.4570305	-0.8895318
727631253	ACC	9.099904	-3.5001013	-0.9421739
727631263	ACC	9.119047	-3.5144582	-1.0091729
727631272	ACC	9.157332	-3.519244	-1.0953146
727631282	ACC	9.138189	-3.5336008	-1.1479566
727631291	ACC	9.1669035	-3.5048869	-1.1862419
727631301	ACC	9.219545	-3.5048869	-1.21017
727631310	ACC	9.262616	-3.437888	-1.1766706
727631320	ACC	9.3104725	-3.399603	-1.1288141
727631329	ACC	9.339187	-3.3565319	-1.1335998
727631339	ACC	9.276974	-3.3373895	-1.1575279
727631348	ACC	9.200403	-3.3230324	-1.1431711
727631358	ACC	9.128618	-3.3326037	-1.1383854
727631367	ACC	9.047262	-3.3565319	-1.1288141
727631377	ACC	8.970692	-3.4474592	-1.0426725
727631386	ACC	8.941978	-3.4953158	-0.9661021
727631396	ACC	8.91805	-3.586243	-0.8895318
727631405	ACC	8.970692	-3.6293137	-0.8225328
727631415	ACC	9.047262	-3.6963127	-0.76989067
727631424	ACC	9.090333	-3.6963127	-0.76989067
727631434	ACC	9.1669035	-3.7154553	-0.86560357
727631443	ACC	9.296116	-3.7106698	-1.0091729
727631453	ACC	9.430114	-3.7010984	-1.238884
727631462	ACC	9.554541	-3.705884	-1.4638093
727631472	ACC	9.702896	-3.6628132	-1.588236
727631481	ACC	9.812965	-3.5671003	-1.6743777
727631491	ACC	9.913465	-3.49053	-1.7796619
727631500	ACC	9.937392	-3.4426737	-1.8466609
727631510	ACC	9.894321	-3.409174	-1.8705891
727631519	ACC	9.793823	-3.3804603	-1.8466609
727631529	ACC	9.741181	-3.4139597	-1.736591
727631538	ACC	9.726824	-3.4426737	-1.5260227
727631548	ACC	9.698111	-3.4426737	-1.2915261
727631557	ACC	9.664611	-3.437888	-1.1288141
727631567	ACC	9.554541	-3.49053	-1.0426725
727631576	ACC	9.487542	-3.5288153	-0.95653087
727631586	ACC	9.425328	-3.5671003	-0.8991031
727631595	ACC	9.382257	-3.5766716	-0.8991031
727631605	ACC	9.3200445	-3.571886	-0.8751749
727631614	ACC	9.276974	-3.5527434	-0.91346
727631624	ACC	9.229117	-3.5479577	-0.9708878
727631633	ACC	9.190832	-3.5479577	-0.99003035
727631643	ACC	9.24826	-3.557529	-1.0474582
727631652	ACC	9.229117	-3.5383866	-1.090529
727631662	ACC	9.195618	-3.5048869	-1.090529
727631671	ACC	9.114262	-3.4953158	-1.0857433
727631681	ACC	9.052048	-3.4570305	-1.0378869
727631690	ACC	9.052048	-3.4522448	-0.9661021
727631700	ACC	9.066405	-3.4761732	-0.8847462
727631709	ACC	9.186047	-3.5001013	-0.84167534
727631719	ACC	9.3104725	-3.5096726	-0.83688974
727631728	ACC	9.387043	-3.5001013	-0.8703892
727631738	ACC	9.415757	-3.4570305	-0.86081797
727631747	ACC	9.516255	-3.4139597	-0.8895318
727631757	ACC	9.516255	-3.370889	-0.91346
727631766	ACC	9.430114	-3.3373895	-0.94695956
727631776	ACC	9.415757	-3.3278182	-0.8991031
727631785	ACC	9.406186	-3.3565319	-0.7890333
727631795	ACC	9.406186	-3.4139597	-0.6550352
727631804	ACC	9.434899	-3.519244	-0.55453664
727631814	ACC	9.5353985	-3.5958142	-0.50189453
727631823	ACC	9.688539	-3.6340995	-0.50189453
727631833	ACC	9.77468	-3.6293137	-0.57846487
727631842	ACC	9.870394	-3.5958142	-0.74596244
727631852	ACC	9.932607	-3.5431721	-0.9182457
727631861	ACC	9.927821	-3.4570305	-1.0474582
727631871	ACC	9.860822	-3.4043884	-1.1862419
727631880	ACC	9.726824	-3.342175	-1.2436695
727631890	ACC	9.58804	-3.2943187	-1.2532408
727631899	ACC	9.47797	-3.3900316	-1.2149557
727631909	ACC	9.396614	-3.49053	-1.1766706
727631918	ACC	9.3104725	-3.5383866	-1.0474582
727631928	ACC	9.243474	-3.5958142	-0.9182457
727631937	ACC	9.190832	-3.6580276	-0.8225328
727631947	ACC	9.162118	-3.7106698	-0.75553375
727631956	ACC	9.138189	-3.7393837	-0.71246296
727631966	ACC	9.186047	-3.734598	-0.6789634
727631975	ACC	9.315259	-3.7489548	-0.6550352
727631985	ACC	9.47797	-3.7250266	-0.7220342
727631994	ACC	9.650253	-3.6915271	-0.8321041
727632004	ACC	9.717253	-3.586243	-0.94695956
727632013	ACC	9.707682	-3.4139597	-1.0426725
727632023	ACC	9.650253	-3.2560334	-1.224527
727632032	ACC	9.568898	-3.1316066	-1.3968102
727632042	ACC	9.387043	-3.0311081	-1.5164514
727632051	ACC	9.209974	-2.9976087	-1.5834504
727632061	ACC	9.075976	-2.9976087	-1.5164514
727632070	ACC	8.980264	-3.0119655	-1.3393825
727632080	ACC	8.961121	-3.0502508	-1.1479566
727632089	ACC	8.956335	-3.141178	-0.98524475
727632099	ACC	9.037691	-3.1890345	-0.8847462
727632108	ACC	9.171689	-3.260819	-0.9613165
727632118	ACC	9.3104725	-3.2943187	-1.0857433
727632127	ACC	9.439685	-3.3038898	-1.2532408
727632137	ACC	9.540184	-3.2560334	-1.4685949
727632146	ACC	9.559326	-3.1698918	-1.750948
727632156	ACC	9.602397	-3.0837502	-1.9998015
727632165	ACC	9.578469	-3.0311081	-2.2151556
727632175	ACC	9.549755	-2.9736803	-2.3682961
727632184	ACC	9.549755	-2.9306095	-2.440081
727632194	ACC	9.525827	-2.9449666	-2.464009
727632203	ACC	9.516255	-2.949752	-2.4065814
727632213	ACC	9.516255	-2.992823	-2.3012972
727632222	ACC	9.602397	-3.0837502	-2.1433709
727632232	ACC	9.635897	-3.1555347	-1.899303
727632241	ACC	9.6071825	-3.1842487	-1.6456637
727632251	ACC	9.549755	-3.19382	-1.4446666
727632260	ACC	9.501899	-3.1890345	-1.3393825
727632270	ACC	9.430114	-3.1842487	-1.2963116
727632279	ACC	9.281759	-3.141178	-1.238884
727632289	ACC	9.123833	-3.0789645	-1.2005987
727632298	ACC	9.018549	-3.0119655	-1.2005987
727632307	ACC	8.970692	-2.9545379	-1.2053844
727632317	ACC	9.018549	-2.9401808	-1.1958131
727632326	ACC	8.989835	-2.89711	-1.1670992
727632336	ACC	8.965906	-2.8109684	-1.1527423
727632345	ACC	8.989835	-2.748755	-1.1766706
727632355	ACC	9.013762	-2.7152555	-1.2005987
727632364	ACC	8.999406	-2.6769702	-1.238884
727632374	ACC	8.961121	-2.6243281	-1.2628121
727632383	ACC	8.874979	-2.6004	-1.3010973
727632393	ACC	8.76491	-2.5573292	-1.3154542
727632402	ACC	8.69791	-2.5669005	-1.3633107
727632412	ACC	8.673982	-2.6051857	-1.3968102
727632421	ACC	8.597412	-2.614757	-1.4207385
727632431	ACC	8.506484	-2.653042	-1.4207385
727632440	ACC	8.482556	-2.7056842	-1.4255241
727632450	ACC	8.472985	-2.7535408	-1.4111671
727632459	ACC	8.425129	-2.7870402	-1.4063815
727632469	ACC	8.472985	-2.8205397	-1.3824533
727632478	ACC	8.492127	-2.8444679	-1.3633107
727632488	ACC	8.472985	-2.8109684	-1.3345969
727632497	ACC	8.4682	-2.8109684	-1.3441681
727632507	ACC	8.4682	-2.7870402	-1.3058829
727632516	ACC	8.453842	-2.7343981	-1.2915261
727632526	ACC	8.453842	-2.7008986	-1.2580265
727632535	ACC	8.449057	-2.6961129	-1.224527
727632545	ACC	8.463413	-2.7056842	-1.2053844
727632554	ACC	8.559127	-2.7152555	-1.1862419
727632564	ACC	8.645268	-2.7726831	-1.1431711
727632573	ACC	8.688339	-2.801397	-1.1001002
727632583	ACC	8.740981	-2.8444679	-1.0522437
727632592	ACC	8.784052	-2.9018958	-1.0713863
727632602	ACC	8.774481	-2.925824	-1.061815
727632611	ACC	8.7266245	-2.9066813	-1.0331012
727632621	ACC	8.645268	-2.89711	-1.0666007
727632630	ACC	8.535198	-2.8923244	-1.0857433
727632640	ACC	8.5016985	-2.8827531	-1.1192428
727632649	ACC	8.611769	-2.8827531	-1.1431711
727632659	ACC	8.836694	-2.8779674	-1.2005987
727632668	ACC	9.018549	-2.8444679	-1.2771691
727632678	ACC	9.162118	-2.801397	-1.4063815
727632687	ACC	9.262616	-2.7439694	-1.5595222
727632697	ACC	9.334401	-2.667399	-1.7174485
727632706	ACC	9.497113	-2.5429723	-1.7700906
727632716	ACC	9.84168	-2.4472594	-1.8227327
727632725	ACC	10.109675	-2.2462623	-1.7892331
727632735	ACC	10.51167	-1.9926231	-1.8466609
727632744	ACC	10.913664	-1.7198412	-1.9184456
727632754	ACC	11.320444	-1.5188441	-1.9806589
727632763	ACC	11.650654	-1.2460624	-2.018944
727632773	ACC	11.904293	-0.92542416	-2.0572293
727632782	ACC	12.105289	-0.61435723	-1.9328024
727632792	ACC	12.866207	-0.4564309	-1.5690935
727632801	ACC	13.512269	-0.23629123	-0.9613165
727632811	ACC	13.899907	0.012562319	-0.50189453
727632820	ACC	14.244473	0.42891344	-0.23868406
727632830	ACC	14.378471	0.7495517	-0.08554341
727632839	ACC	14.373686	0.9170493	-0.5880362
727632849	ACC	13.990834	1.1228321	-0.7938189
727632858	ACC	13.3687	1.4003994	-0.41575295
727632868	ACC	13.92862	1.8023937	0.6418747
727632877	ACC	12.784851	1.7497516	0.76630145
727632887	ACC	12.51207	1.8933209	0.6945168
727632896	ACC	12.282358	1.9986051	0.48394838
727632906	ACC	12.14836	1.8406788	1.0534402
727632915	ACC	11.751152	1.8837496	1.2592229
727632925	ACC	9.439685	2.079961	0.66101724
727632934	ACC	12.358929	1.9938195	2.513062
727632944	ACC	10.84188	1.9076779	2.8049862
727632953	ACC	10.7844515	1.783251	2.7044878
727632963	ACC	10.674382	2.0177476	2.6997023
727632972	ACC	10.54517	1.7306089	3.1016963
727632982	ACC	10.291531	1.7018951	3.5946178
727632991	ACC	9.803394	1.7928224	3.7573297
727633001	ACC	9.5353985	1.7497516	4.0731826
727633010	ACC	9.190832	1.6779668	3.9056847
727633020	ACC	8.736196	1.7688942	4.025326
727633029	ACC	8.755338	1.7353946	4.1784663
727633039	ACC	8.922835	1.5822539	3.886542
727633048	ACC	9.075976	1.4338989	3.5324044
727633058	ACC	9.080762	1.338186	3.3122647
727633067	ACC	8.874979	1.3046865	3.1830523
727633077	ACC	8.62134	1.2233306	3.144767
727633086	ACC	8.300702	1.0797613	3.8004005
727633096	ACC	7.645068	1.1371889	4.6378884
727633105	ACC	7.353144	1.0606186	4.838886
727633115	ACC	7.1186476	0.7639086	5.236094
727633124	ACC	7.0468626	0.6969096	5.532804
727633134	ACC	6.91765	0.5772685	5.939584
727633143	ACC	6.8315086	0.4432704	6.044868
727633153	ACC	6.640083	0.33320054	6.193223
727633162	ACC	6.3338017	0.3188436	5.977869
727633172	ACC	6.099305	0.22791636	5.9060845
727633181	ACC	5.788238	0.1369891	5.695516
727633191	ACC	5.4293146	0.12263216	5.2983074
727633200	ACC	4.9459643	0.24227329	5.2073803
727633210	ACC	4.7449675	0.26141587	5.3222356
727633219	ACC	4.7545385	0.31405798	5.5280185
727633229	ACC	5.3766723	-0.12622139	5.7720866
727633238	ACC	5.276174	-0.09272188	5.7146587
727633248	ACC	4.7306104	0.25184458	5.6668024
727633257	ACC	4.328616	0.14177474	5.9730835
727633267	ACC	4.031906	-0.035294134	6.198009
727633276	ACC	4.156333	-0.18364914	6.7244296
727633286	ACC	5.209175	-0.42771706	6.8919272
727633295	ACC	4.8119664	-0.064008005	6.7722864
727633305	ACC	5.0416775	-0.16450655	6.9589267
727633314	ACC	5.343173	-0.044865426	6.8871417
727633324	ACC	5.1469617	0.20877378	6.867999
727633333	ACC	5.0416775	0.2853441	6.9876404
727633343	ACC	5.0943193	0.18005991	7.3417783
727633352	ACC	5.1852465	0.16570297	7.518847
727633362	ACC	5.0847483	0.3475575	7.8442707
727633371	ACC	4.8789654	0.42891344	8.016554
727633381	ACC	4.6636114	0.52941203	8.150552
727633390	ACC	4.113262	0.7686943	8.332407
727633400	ACC	3.6873398	0.9314062	8.485547
727633409	ACC	3.548556	0.37627137	8.614759
727633419	ACC	3.0747771	0.7256235	8.758329
727633428	ACC	3.0269206	0.8356933	9.160323
727633438	ACC	2.9886355	0.63948184	9.260822
727633447	ACC	2.9359934	0.7304091	9.485747
727633457	ACC	3.0987053	0.78783685	9.409177
727633466	ACC	3.4719856	0.86919284	9.275179
727633476	ACC	4.098905	1.0175478	9.083753
727633485	ACC	4.6061835	1.2281163	8.648259
727633495	ACC	4.7880383	1.4195421	8.107481
727633504	ACC	4.7832522	1.5487545	7.667202
727633514	ACC	4.634897	1.5726827	7.4662046
727633523	ACC	4.342973	1.5487545	7.5571322
727633533	ACC	4.0797625	1.3812568	7.9160557
727633542	ACC	3.8739798	1.2568301	8.42812
727633552	ACC	3.7256248	1.218545	8.87797
727633561	ACC	3.7016966	1.218545	9.136395
727633571	ACC	3.8500516	1.2472588	9.040682
727633580	ACC	4.074977	1.2951152	8.944969
727633590	ACC	4.2520456	1.7306089	9.677173
727633599	ACC	4.9363933	0.9409775	8.102695
727633609	ACC	4.5726843	1.5822539	7.3178496
727633618	ACC	4.371687	2.2091734	7.518847
727633628	ACC	4.6301117	1.7066808	7.50449
727633637	ACC	4.5248275	1.6444674	7.9112697
727633647	ACC	4.2664027	1.8215362	8.452047
727633656	ACC	4.237689	1.7641085	8.600403
727633666	ACC	4.2759743	1.7114664	8.6961155
727633675	ACC	4.141976	1.6827525	8.911469
727633685	ACC	3.8931224	1.6731812	9.198608
