727541218	ACC	2.4478576	2.7834508	8.42812
727541227	ACC	2.8498518	2.2857437	9.399606
727541237	ACC	1.7252251	2.3958137	8.844471
727541246	ACC	2.7397819	2.228316	10.136595
727541256	ACC	3.5150564	2.2905295	10.390234
727541265	ACC	3.979264	2.3048863	10.749158
727541275	ACC	4.1898327	2.228316	9.906884
727541284	ACC	4.031906	2.25703	8.72483
727541294	ACC	3.8261235	2.4484558	7.748558
727541303	ACC	3.6059837	2.5298119	7.6193457
727541313	ACC	3.4719856	2.405385	7.3178496
727541322	ACC	2.792424	2.7547371	7.3609204
727541332	ACC	2.1272194	3.013162	8.600403
727541341	ACC	2.132005	3.242873	7.0450683
727541351	ACC	1.5433706	3.6544385	7.289136
727541360	ACC	0.91166544	5.1332026	7.179066
727541370	ACC	0.21296121	7.463812	7.083353
727541379	ACC	-0.9068798	9.598209	6.322436
727541389	ACC	-2.1367905	10.555339	5.2073803
727541398	ACC	-2.605784	10.277771	4.211966
727541408	ACC	-0.863809	7.6073813	4.3316073
727541417	ACC	3.0460632	4.1330028	5.154738
727541427	ACC	3.749553	3.9128633	5.64766
727541436	ACC	3.3236306	4.400999	6.4851475
727541446	ACC	3.6346977	4.4632125	7.7820573
727541455	ACC	4.2664027	4.1904306	8.078768
727541465	ACC	4.395615	4.3962135	8.36112
727541474	ACC	4.06062	4.458427	8.274979
727541484	ACC	4.0941195	4.391428	7.370492
727541493	ACC	4.9363933	4.6115675	6.815357
727541503	ACC	5.3623157	4.171288	7.72463
727541512	ACC	5.5968122	4.195216	7.710273
727541522	ACC	5.5968122	4.156931	7.289136
727541531	ACC	4.4147577	3.7932222	7.0546393
727541541	ACC	3.6921253	4.214359	7.09771
727541550	ACC	4.338187	4.2239304	7.2699933
727541560	ACC	4.132405	3.6017964	7.1216383
727541569	ACC	3.615555	4.2478585	7.0450683
727541579	ACC	3.4863427	4.8029933	7.5667033
727541588	ACC	3.5724843	4.453641	7.42792
727541598	ACC	3.8739798	3.7980077	7.3178496
727541607	ACC	4.1371903	3.2524443	7.437491
727541617	ACC	4.1850467	3.3003006	7.370492
727541626	ACC	4.3908296	3.7740796	6.925427
727541636	ACC	4.5487556	3.9990048	6.3655066
727541645	ACC	4.965107	4.319643	5.5423756
727541655	ACC	6.0227346	4.491926	5.063811
727541664	ACC	6.8219376	4.161717	5.6524453
727541674	ACC	6.3864436	3.9080775	4.915456
727541683	ACC	5.9700923	4.080361	4.5708895
727541693	ACC	5.4293146	4.3244286	5.331807
727541702	ACC	5.802595	3.6352959	5.5710893
727541712	ACC	5.6303115	4.3483567	5.7433724
727541721	ACC	5.9748783	4.731209	5.628517
727541731	ACC	6.5922265	4.4488554	5.432306
727541740	ACC	6.798009	4.252644	5.341378
727541750	ACC	6.558727	4.4201417	5.4227343
727541759	ACC	6.06102	4.391428	5.91087
727541768	ACC	6.5635123	4.5014977	6.399006
727541778	ACC	6.721439	4.2574296	7.5906315
727541787	ACC	6.678368	4.195216	8.274979
727541797	ACC	6.745367	4.343571	8.576474
727541806	ACC	6.754938	4.7024946	9.002397
727541816	ACC	6.984649	4.3483567	8.825328
727541825	ACC	6.491728	5.0901318	8.825328
727541835	ACC	6.1806607	5.401199	8.485547
727541844	ACC	6.218946	5.1667023	8.389834
727541854	ACC	6.458228	4.874778	8.274979
727541863	ACC	6.5778694	4.9657054	8.298907
727541873	ACC	6.769295	5.075775	8.274979
727541882	ACC	7.0899334	5.051847	8.308478
727541892	ACC	7.420143	4.9752765	8.485547
727541901	ACC	7.520642	4.9657054	8.528618
727541911	ACC	7.5254273	4.879564	8.566903
727541920	ACC	7.578069	4.7599225	8.442476
727541930	ACC	7.472785	4.6498528	8.112267
727541939	ACC	7.3052874	4.6115675	7.8346996
727541949	ACC	7.1569324	4.697709	7.5667033
727541958	ACC	6.9655066	4.6546383	7.384849
727541968	ACC	6.7262244	4.5302114	7.2029943
727541977	ACC	6.439086	4.5158544	7.049854
727541987	ACC	6.151947	4.44407	6.9062843
727541996	ACC	6.1040907	4.286144	6.8105717
727542006	ACC	6.1854467	4.104289	6.9589267
727542015	ACC	6.1854467	3.9990048	7.164709
727542025	ACC	6.0370917	3.9415772	7.2269225
727542034	ACC	5.8935223	3.8458643	6.9972115
727542044	ACC	5.7451673	3.7980077	6.619146
727542053	ACC	5.505885	3.726223	6.3272214
727542063	ACC	5.261817	3.659224	6.02094
727542072	ACC	5.1756754	3.577868	5.776872
727542082	ACC	5.194818	3.510869	5.5663037
727542091	ACC	5.304888	3.4390843	5.341378
727542101	ACC	5.4484572	3.362514	5.2313085
727542110	ACC	5.5298133	3.266801	5.1738806
727542120	ACC	5.8073807	3.1280174	5.283951
727542129	ACC	6.084948	3.0610185	5.2983074
727542139	ACC	6.4008007	3.0897322	5.2313085
727542148	ACC	6.8602223	3.132803	5.0685964
727542158	ACC	7.1377897	3.1758738	4.805386
727542167	ACC	7.300502	3.185445	4.657031
727542177	ACC	7.3627152	3.2189445	4.599603
727542186	ACC	7.314859	3.2620156	4.6283174
727542196	ACC	7.257431	3.2907293	4.814957
727542205	ACC	7.176075	3.3146574	5.1212387
727542215	ACC	7.391429	3.295515	5.547161
727542224	ACC	7.568498	3.3003006	5.843871
727542234	ACC	7.463214	3.3529427	5.939584
727542243	ACC	7.3100734	3.3577285	5.9300127
727542253	ACC	7.0612197	3.3768709	5.858228
727542262	ACC	6.826723	3.3338	5.7433724
727542272	ACC	6.6975107	3.2620156	5.64766
727542281	ACC	6.62094	3.1519456	5.5663037
727542291	ACC	6.6257257	3.0610185	5.4753766
727542300	ACC	6.6448684	2.9796624	5.3796635
727542310	ACC	6.6735826	2.8456643	5.2456656
727542319	ACC	6.582655	2.702095	5.063811
727542329	ACC	6.458228	2.5585256	4.896313
727542338	ACC	6.262017	2.3575284	4.752744
727542348	ACC	5.9653068	2.1182463	4.6522455
727542357	ACC	5.582455	1.9363917	4.551747
727542367	ACC	5.343173	1.634896	4.403392
727542376	ACC	5.2809596	1.3716856	4.360321
727542386	ACC	5.2426744	1.1419746	4.3124647
727542395	ACC	5.2570314	0.97926265	4.202395
727542405	ACC	5.3479586	0.92662054	3.9008992
727542414	ACC	5.682954	0.83090764	3.4797623
727542424	ACC	6.161518	0.82612205	3.135196
727542433	ACC	6.5443697	0.92183495	2.742773
727542443	ACC	6.8985076	0.9457632	2.3886352
727542452	ACC	7.243074	0.8500503	2.096711
727542462	ACC	7.5637126	0.67776704	1.8909281
727542471	ACC	7.793423	0.46241298	1.905285
727542481	ACC	8.099705	0.26141587	2.0201404
727542490	ACC	8.463413	0.0317049	2.2642083
727542500	ACC	8.73141	-0.1788635	2.541776
727542509	ACC	8.908479	-0.30329028	2.7044878
727542519	ACC	8.980264	-0.36550367	2.690131
727542528	ACC	8.932407	-0.41814575	2.4269204
727542538	ACC	8.91805	-0.509073	2.000998
727542547	ACC	8.95155	-0.509073	1.6851454
727542557	ACC	9.209974	-0.55692947	1.4315062
727542566	ACC	9.573684	-0.6622137	1.3214363
727542576	ACC	10.057034	-0.7148558	1.2879368
727542585	ACC	10.396814	-0.7052845	1.3022938
727542595	ACC	10.559526	-0.7004988	1.2544373
727542604	ACC	10.521241	-0.7052845	1.082154
727542614	ACC	10.444671	-0.77706915	0.9385847
727542623	ACC	10.492527	-0.87278205	0.8285148
727542633	ACC	10.516456	-0.9732806	0.8045866
727542642	ACC	10.559526	-1.0689936	0.81894356
727542652	ACC	10.688739	-1.1120644	0.7423732
727542661	ACC	10.765309	-1.1455638	0.6658029
727542671	ACC	10.84188	-1.1503495	0.5174479
727542680	ACC	10.99502	-1.1886346	0.36909288
727542690	ACC	11.215159	-1.2556337	0.26859435
727542699	ACC	11.301301	-1.198206	0.34516466
727542709	ACC	11.306087	-1.2364911	0.33559337
727542718	ACC	11.243874	-1.2317054	0.40737805
727542728	ACC	11.267802	-1.3417753	0.47916272
727542737	ACC	11.296515	-1.4422739	0.5940182
727542747	ACC	11.25823	-1.4709877	0.79501534
727542756	ACC	11.210374	-1.5475581	0.9385847
727542766	ACC	11.243874	-1.6193427	1.0725827
727542775	ACC	11.306087	-1.6815561	1.1395818
727542785	ACC	11.344372	-1.7150556	1.1826526
727542794	ACC	11.444871	-1.7341982	1.230509
727542804	ACC	11.511869	-1.7198412	1.2735798
727542813	ACC	11.569298	-1.7389839	1.2544373
727542823	ACC	11.636296	-1.7006987	1.1156535
727542832	ACC	11.660225	-1.7102699	0.95772725
727542842	ACC	11.669796	-1.7389839	0.8141579
727542851	ACC	11.7463665	-1.7533408	0.68494546
727542861	ACC	11.770294	-1.7868403	0.60837513
727542870	ACC	11.813365	-1.7676977	0.5605187
727542880	ACC	11.808579	-1.7581264	0.51266223
727542889	ACC	11.717652	-1.7341982	0.50787663
727542899	ACC	11.511869	-1.6767704	0.50787663
727542908	ACC	11.363515	-1.6719848	0.503091
727542918	ACC	11.3683	-1.7246269	0.47916272
727542927	ACC	11.406586	-1.7341982	0.56530434
727542937	ACC	11.330015	-1.6815561	0.69930243
727542946	ACC	11.224731	-1.6480566	0.799801
727542956	ACC	11.13859	-1.6815561	0.8045866
727542965	ACC	11.018949	-1.7102699	0.78065836
727542975	ACC	10.899307	-1.6767704	0.799801
727542984	ACC	10.798809	-1.6863418	0.8141579
727542994	ACC	10.7126665	-1.7150556	0.8572287
727543003	ACC	10.602597	-1.777269	0.89072824
727543013	ACC	10.449456	-1.8155541	0.85244304
727543022	ACC	10.258031	-1.8299111	0.87637126
727543032	ACC	10.085748	-1.8442681	0.8811569
727543041	ACC	9.913465	-1.8825532	0.87637126
727543051	ACC	9.745967	-1.8586249	0.8668
727543060	ACC	9.635897	-1.8442681	0.8859426
727543070	ACC	9.635897	-1.8346968	0.8859426
727543079	ACC	9.674182	-1.8299111	0.9098708
727543089	ACC	9.731609	-1.8155541	0.91465646
727543098	ACC	9.803394	-1.7964116	0.8955139
727543108	ACC	9.860822	-1.7581264	0.85244304
727543117	ACC	9.894321	-1.7533408	0.77587277
727543127	ACC	9.927821	-1.7198412	0.6418747
727543136	ACC	9.961321	-1.6911274	0.5461618
727543146	ACC	9.980463	-1.6624135	0.50787663
727543155	ACC	10.052248	-1.6719848	0.48394838
727543165	ACC	10.124033	-1.6624135	0.53180486
727543174	ACC	10.238888	-1.6767704	0.5844469
727543184	ACC	10.291531	-1.6815561	0.63230336
727543193	ACC	10.334601	-1.6719848	0.5988039
727543203	ACC	10.411171	-1.6863418	0.5174479
727543212	ACC	10.425529	-1.7054844	0.421735
727543222	ACC	10.444671	-1.7102699	0.40737805
727543231	ACC	10.372886	-1.7389839	0.421735
727543241	ACC	10.329815	-1.8011973	0.421735
727543250	ACC	10.339387	-1.8729819	0.49351966
727543260	ACC	10.382458	-1.8394824	0.5605187
727543269	ACC	10.430314	-1.7868403	0.61794645
727543279	ACC	10.588241	-1.7246269	0.58923256
727543288	ACC	10.880164	-1.7102699	0.5796613
727543298	ACC	11.172089	-1.6959131	0.5844469
727543307	ACC	11.636296	-1.7389839	0.6801598
727543317	ACC	12.004791	-1.8155541	0.718445
727543326	ACC	12.330215	-1.911267	0.6897311
727543336	ACC	12.579068	-2.0261226	0.58923256
727543345	ACC	12.674782	-2.1505494	0.46959144
727543355	ACC	12.631711	-2.2701905	0.3499503
727543364	ACC	12.449856	-2.385046	0.21595225
727543374	ACC	12.234502	-2.466402	0.12023934
727543383	ACC	11.966506	-2.5477579	0.05802595
727543393	ACC	11.703296	-2.6195426	-0.0041874396
727543402	ACC	11.507084	-2.6243281	-0.109471634
727543412	ACC	11.392229	-2.6578279	-0.19561325
727543421	ACC	11.25823	-2.6626134	-0.19082761
727543431	ACC	11.090733	-2.6004	-0.15732808
727543440	ACC	10.908878	-2.5908287	-0.18125631
727543450	ACC	10.7126665	-2.6099713	-0.20997019
727543459	ACC	10.516456	-2.6004	-0.24825534
727543469	ACC	10.411171	-2.6482565	-0.23868406
727543478	ACC	10.320244	-2.6386852	-0.20039889
727543488	ACC	10.262816	-2.6195426	-0.18125631
727543497	ACC	10.21496	-2.6338995	-0.18604197
727543507	ACC	10.124033	-2.5764718	-0.20997019
727543516	ACC	9.990034	-2.4999015	-0.25782663
727543526	ACC	9.803394	-2.4329023	-0.33918262
727543535	ACC	9.611969	-2.3132613	-0.39661035
727543545	ACC	9.4636135	-2.1936202	-0.3822534
727543554	ACC	9.396614	-2.1074786	-0.37746778
727543564	ACC	9.382257	-2.088336	-0.3487539
727543573	ACC	9.363115	-2.0835502	-0.30089745
727543583	ACC	9.257831	-2.059622	-0.2434697
727543592	ACC	9.056833	-1.9926231	-0.26261228
727543602	ACC	8.860622	-1.8921245	-0.28175488
727543611	ACC	8.740981	-1.7964116	-0.3056831
727543621	ACC	8.736196	-1.7006987	-0.3152544
727543630	ACC	8.721839	-1.6049858	-0.29132617
727543640	ACC	8.69791	-1.5332011	-0.3152544
727543649	ACC	8.640483	-1.5140585	-0.30089745
727543659	ACC	8.592627	-1.4853446	-0.2961118
727543668	ACC	8.559127	-1.4518452	-0.2961118
727543678	ACC	8.592627	-1.4279169	-0.27218357
727543687	ACC	8.573483	-1.3704891	-0.18604197
727543697	ACC	8.559127	-1.265205	-0.09990034
727543706	ACC	8.549556	-1.2125629	-0.21475583
727543716	ACC	8.482556	-1.1072787	-0.26739794
727543725	ACC	8.4012	-1.0019945	-0.37268212
727543735	ACC	8.367701	-0.9637093	-0.48753762
727543744	ACC	8.348558	-0.91585284	-0.5449654
727543754	ACC	8.386844	-0.88235337	-0.51146585
727543763	ACC	8.4012	-0.8536395	-0.45403808
727543773	ACC	8.4012	-0.8105687	-0.35832518
727543782	ACC	8.362915	-0.76749784	-0.27696922
727543792	ACC	8.300702	-0.69571316	-0.18125631
727543801	ACC	8.319844	-0.58564335	-0.10468599
727543811	ACC	8.310273	-0.51864433	-0.0424726
727543820	ACC	8.300702	-0.42771706	0.010169496
727543830	ACC	8.281559	-0.31764722	0.024526432
727543839	ACC	8.276773	-0.25543383	0.053240303
727543849	ACC	8.32463	-0.20279172	0.05802595
727543858	ACC	8.372486	-0.14536397	0.091525465
727543868	ACC	8.458628	-0.08793623	0.10109676
727543877	ACC	8.568698	-0.0735793	0.06759724
727543887	ACC	8.683554	-0.016151553	0.053240303
727543896	ACC	8.774481	0.046061836	0.03888337
727543906	ACC	8.8701935	0.07477571	-0.008973085
727543915	ACC	8.970692	0.050847482	-0.0951147
727543925	ACC	8.975478	0.11784652	-0.1477568
727543934	ACC	8.961121	0.17048861	-0.20518455
727543944	ACC	8.99462	0.17048861	-0.31046873
727543953	ACC	9.042477	0.14656039	-0.38703907
727543963	ACC	9.052048	0.16091733	-0.44925246
727543972	ACC	9.104691	0.14177474	-0.5210371
727543982	ACC	9.162118	0.1274178	-0.549751
727543991	ACC	9.133404	0.11784652	-0.5832505
727544001	ACC	9.128618	0.07477571	-0.6454639
727544010	ACC	9.042477	-0.0065802624	-0.71724856
727544020	ACC	8.941978	-0.08793623	-0.7890333
727544029	ACC	8.812766	-0.17407785	-0.846461
727544039	ACC	8.7266245	-0.28414768	-0.8321041
727544048	ACC	8.635697	-0.37507495	-0.8321041
727544058	ACC	8.606983	-0.4851448	-0.7746763
727544067	ACC	8.539984	-0.6047859	-0.7363912
727544077	ACC	8.429914	-0.7052845	-0.698106
727544086	ACC	8.310273	-0.8009974	-0.61675006
727544096	ACC	8.243274	-0.88235337	-0.5210371
727544105	ACC	8.228917	-0.9732806	-0.42053857
727544115	ACC	8.224132	-1.0642079	-0.3056831
727544124	ACC	8.243274	-1.1934203	-0.21954148
727544134	ACC	8.29113	-1.3274183	-0.15254244
727544143	ACC	8.3581295	-1.4327025	-0.14297116
727544153	ACC	8.391629	-1.5188441	-0.1381855
727544162	ACC	8.396415	-1.6049858	-0.123828575
727544172	ACC	8.415557	-1.6863418	-0.12861422
727544181	ACC	8.516056	-1.7868403	-0.16211374
727544191	ACC	8.606983	-1.911267	-0.253041
727544200	ACC	8.717052	-1.9974087	-0.2961118
727544210	ACC	8.822337	-2.1074786	-0.38703907
727544219	ACC	8.956335	-2.184049	-0.47318068
727544229	ACC	9.114262	-2.2606192	-0.48275197
727544238	ACC	9.3104725	-2.3371894	-0.50189453
727544248	ACC	9.47797	-2.3994029	-0.5449654
727544257	ACC	9.635897	-2.437688	-0.59760743
727544267	ACC	9.760324	-2.4903302	-0.6358926
727544276	ACC	9.836894	-2.5142584	-0.71724856
727544286	ACC	9.899107	-2.5381866	-0.82731843
727544295	ACC	10.009177	-2.5764718	-0.91346
727544305	ACC	10.114461	-2.6195426	-0.9708878
727544314	ACC	10.186246	-2.6051857	-0.994816
727544324	ACC	10.24846	-2.5956144	-1.0235299
727544333	ACC	10.277173	-2.6099713	-1.0713863
727544343	ACC	10.363315	-2.6099713	-1.1096715
727544352	ACC	10.459028	-2.6004	-1.1623136
727544362	ACC	10.54517	-2.5669005	-1.1479566
727544371	ACC	10.688739	-2.5477579	-1.0713863
727544381	ACC	10.894522	-2.629114	-0.98524475
727544390	ACC	11.057234	-2.748755	-0.927817
727544400	ACC	11.157732	-2.7726831	-0.87996054
727544409	ACC	11.229517	-2.7870402	-0.84167534
727544419	ACC	11.286944	-2.7870402	-0.69332033
727544428	ACC	11.344372	-2.8061829	-0.5210371
727544438	ACC	11.382657	-2.8109684	-0.3822534
727544447	ACC	11.353944	-2.815754	-0.16689938
727544457	ACC	11.286944	-2.7631118	0.1585245
727544466	ACC	11.167303	-2.667399	0.33559337
727544476	ACC	11.162518	-2.5573292	0.39780676
727544485	ACC	11.215159	-2.6051857	0.22073789
727544495	ACC	11.239088	-2.6865416	-0.1381855
727544504	ACC	11.023734	-2.6961129	-0.5162515
727544514	ACC	10.669596	-2.748755	-0.90388876
727544523	ACC	10.301102	-2.9593234	-1.2293127
727544533	ACC	9.88475	-3.1698918	-1.3250256
727544542	ACC	9.406186	-3.2799616	-1.2149557
727544552	ACC	9.02812	-3.3613176	-0.8895318
727544561	ACC	8.803194	-3.3661032	-0.4636094
727544571	ACC	8.683554	-3.3326037	-0.109471634
727544580	ACC	8.707481	-3.313461	0.12981063
727544590	ACC	8.8701935	-3.3613176	0.23988047
727544599	ACC	9.104691	-3.3565319	0.23030917
727544609	ACC	9.35833	-3.3804603	0.081954174
727544618	ACC	9.568898	-3.4043884	-0.20518455
727544628	ACC	9.755538	-3.4043884	-0.43968117
727544637	ACC	9.851251	-3.3038898	-0.5593223
727544647	ACC	9.91825	-3.165106	-0.68853474
727544656	ACC	9.994821	-3.0598218	-0.8225328
727544666	ACC	10.162318	-3.0023942	-0.92303133
727544675	ACC	10.258031	-2.9832516	-1.0043873
727544685	ACC	10.348958	-3.0789645	-1.0043873
727544694	ACC	10.296316	-3.1986058	-0.9182457
727544704	ACC	10.229317	-3.3613176	-0.6789634
727544713	ACC	10.047462	-3.437888	-0.43010986
727544723	ACC	9.827323	-3.4666018	-0.27218357
727544732	ACC	9.58804	-3.5048869	-0.17647067
727544742	ACC	9.401401	-3.5336008	-0.16211374
727544751	ACC	9.253045	-3.5001013	-0.19082761
727544760	ACC	9.195618	-3.461816	-0.3056831
727544770	ACC	9.205189	-3.4570305	-0.43010986
727544779	ACC	9.238688	-3.4570305	-0.55453664
727544789	ACC	9.272188	-3.4713874	-0.5880362
727544798	ACC	9.267402	-3.4522448	-0.59282184
727544808	ACC	9.18126	-3.4474592	-0.6023931
727544817	ACC	9.114262	-3.4331024	-0.57846487
727544827	ACC	9.071191	-3.437888	-0.42532423
727544836	ACC	9.104691	-3.4474592	-0.30089745
727544846	ACC	9.099904	-3.423531	-0.23868406
727544855	ACC	9.162118	-3.4283166	-0.2434697
727544865	ACC	9.18126	-3.4187453	-0.2961118
727544874	ACC	9.157332	-3.4139597	-0.38703907
727544884	ACC	9.171689	-3.3804603	-0.44925246
727544893	ACC	9.262616	-3.3900316	-0.4971089
727544903	ACC	9.329616	-3.3565319	-0.51146585
727544912	ACC	9.410972	-3.3230324	-0.5162515
727544922	ACC	9.47797	-3.3086755	-0.5832505
727544931	ACC	9.616755	-3.3469608	-0.6789634
727544941	ACC	9.717253	-3.394817	-0.5401797
727544950	ACC	9.678967	-3.437888	-0.36789647
727544960	ACC	9.564112	-3.4953158	-0.19082761
727544969	ACC	9.473185	-3.5144582	-0.028115666
727544979	ACC	9.47797	-3.5431721	0.11066805
727544988	ACC	9.473185	-3.5766716	0.1585245
727544998	ACC	9.501899	-3.5527434	0.2111666
727545007	ACC	9.554541	-3.5527434	0.19680966
727545017	ACC	9.616755	-3.5766716	0.07716853
727545026	ACC	9.65504	-3.6340995	-0.023330022
727545036	ACC	9.688539	-3.6293137	-0.12861422
727545045	ACC	9.674182	-3.638885	-0.20039889
727545055	ACC	9.549755	-3.5958142	-0.20997019
727545064	ACC	9.540184	-3.5958142	-0.21954148
727545074	ACC	9.506684	-3.6005998	-0.18604197
727545083	ACC	9.521041	-3.5336008	-0.14297116
727545093	ACC	9.58804	-3.5383866	-0.12861422
727545102	ACC	9.578469	-3.5001013	-0.15254244
727545112	ACC	9.5353985	-3.4426737	-0.123828575
727545121	ACC	9.578469	-3.4331024	-0.0951147
727545131	ACC	9.616755	-3.4283166	-0.052043892
727545140	ACC	9.659825	-3.4666018	0.03888337
727545150	ACC	9.65504	-3.5431721	0.029312078
727545159	ACC	9.58804	-3.6149569	0.029312078
727545169	ACC	9.501899	-3.6149569	0.03888337
727545178	ACC	9.434899	-3.5623147	0.019740786
727545188	ACC	9.458828	-3.5048869	-0.008973085
727545197	ACC	9.564112	-3.4474592	0.048454657
727545207	ACC	9.626326	-3.4043884	0.048454657
727545216	ACC	9.683753	-3.3613176	-0.032901313
727545226	ACC	9.698111	-3.3565319	-0.052043892
727545235	ACC	9.678967	-3.3469608	-0.061615184
727545245	ACC	9.669396	-3.342175	-0.10468599
727545254	ACC	9.702896	-3.3756745	-0.061615184
727545264	ACC	9.736395	-3.3613176	-0.023330022
727545273	ACC	9.731609	-3.3373895	5.9820566E-4
727545283	ACC	9.726824	-3.313461	-0.052043892
727545292	ACC	9.702896	-3.3086755	-0.17647067
727545302	ACC	9.568898	-3.251248	-0.26261228
727545311	ACC	9.47797	-3.2129626	-0.31046873
727545321	ACC	9.353543	-3.1890345	-0.32482567
727545330	ACC	9.205189	-3.1698918	-0.31046873
727545340	ACC	9.109476	-3.1746774	-0.253041
727545349	ACC	9.0951185	-3.2177482	-0.119042926
727545359	ACC	9.138189	-3.2321053	0.005383851
727545368	ACC	9.243474	-3.2129626	0.091525465
727545378	ACC	9.415757	-3.1794631	0.15373886
727545387	ACC	9.597611	-3.1028929	0.1058824
727545397	ACC	9.836894	-3.045465	-0.0424726
727545406	ACC	10.066605	-2.9736803	-0.19561325
727545416	ACC	10.229317	-2.8779674	-0.45403808
727545425	ACC	10.325029	-2.8061829	-0.67417777
727545435	ACC	10.377672	-2.777469	-0.86081797
727545444	ACC	10.387243	-2.801397	-0.9708878
727545454	ACC	10.406385	-2.8205397	-0.9421739
727545463	ACC	10.387243	-2.8348966	-0.8991031
727545473	ACC	10.411171	-2.8444679	-0.8321041
727545482	ACC	10.425529	-2.8540392	-0.779462
727545492	ACC	10.430314	-2.868396	-0.7938189
727545501	ACC	10.406385	-2.8731818	-0.8321041
727545511	ACC	10.315458	-2.8253253	-0.8033902
727545520	ACC	10.258031	-2.777469	-0.76989067
727545530	ACC	10.253245	-2.7631118	-0.76510507
727545539	ACC	10.224531	-2.7535408	-0.7268199
727545549	ACC	10.152746	-2.7296124	-0.67417777
727545558	ACC	10.052248	-2.748755	-0.59760743
727545568	ACC	9.9038925	-2.7631118	-0.5449654
727545577	ACC	9.784252	-2.7296124	-0.46839502
727545587	ACC	9.707682	-2.6865416	-0.39182472
727545596	ACC	9.683753	-2.6099713	-0.39661035
727545606	ACC	9.683753	-2.5573292	-0.45403808
727545615	ACC	9.674182	-2.5142584	-0.51146585
727545625	ACC	9.683753	-2.4711876	-0.56410795
727545634	ACC	9.707682	-2.4089742	-0.6023931
727545644	ACC	9.659825	-2.3659034	-0.57846487
727545653	ACC	9.568898	-2.318047	-0.5401797
727545663	ACC	9.401401	-2.2797618	-0.48753762
727545672	ACC	9.152547	-2.2319052	-0.43489552
727545682	ACC	8.908479	-2.2031915	-0.401396
727545691	ACC	8.673982	-2.1936202	-0.3487539
727545701	ACC	8.516056	-2.126621	-0.32004002
727545710	ACC	8.367701	-2.0404794	-0.2961118
727545720	ACC	8.305488	-2.0452652	-0.32961133
727545729	ACC	8.238488	-1.9591235	-0.34396824
727545739	ACC	8.228917	-1.8490537	-0.3822534
727545748	ACC	8.262417	-1.7581264	-0.44925246
727545758	ACC	8.305488	-1.6767704	-0.56410795
727545767	ACC	8.305488	-1.6049858	-0.6646065
727545777	ACC	8.271988	-1.5092729	-0.71246296
727545786	ACC	8.276773	-1.4566308	-0.79860455
727545796	ACC	8.334201	-1.4087744	-0.8177471
727545805	ACC	8.386844	-1.3944174	-0.7890333
727545815	ACC	8.420342	-1.3369896	-0.69332033
727545824	ACC	8.453842	-1.332204	-0.631107
727545834	ACC	8.4682	-1.3226327	-0.56410795
727545843	ACC	8.463413	-1.3034902	-0.5306084
727545853	ACC	8.4682	-1.2699906	-0.5066802
727545862	ACC	8.492127	-1.2364911	-0.5401797
727545872	ACC	8.573483	-1.1934203	-0.55453664
727545881	ACC	8.645268	-1.1647065	-0.5880362
727545891	ACC	8.688339	-1.1407782	-0.59760743
727545900	ACC	8.750552	-1.1120644	-0.6550352
727545910	ACC	8.788837	-1.102493	-0.71246296
727545919	ACC	8.831908	-1.0929217	-0.7603194
727545929	ACC	8.903693	-1.0689936	-0.79860455
727545938	ACC	8.932407	-1.0929217	-0.8560323
727545948	ACC	8.913264	-1.0833504	-0.91346
727545957	ACC	8.88455	-1.0833504	-0.93738824
727545967	ACC	8.860622	-1.0785648	-0.9421739
727545976	ACC	8.874979	-1.102493	-0.9421739
727545986	ACC	8.932407	-1.1264212	-0.8991031
727545995	ACC	9.02812	-1.1455638	-0.84167534
727546005	ACC	9.042477	-1.1790633	-0.779462
727546014	ACC	9.075976	-1.2412767	-0.71724856
727546024	ACC	9.080762	-1.317847	-0.65024954
727546033	ACC	9.085547	-1.3752748	-0.5736792
727546043	ACC	9.104691	-1.4327025	-0.4971089
727546052	ACC	9.114262	-1.4853446	-0.44925246
727546062	ACC	9.128618	-1.4997016	-0.39661035
727546071	ACC	9.138189	-1.5571294	-0.33918262
727546081	ACC	9.119047	-1.5810575	-0.32482567
727546090	ACC	9.138189	-1.6049858	-0.3056831
727546100	ACC	9.157332	-1.628914	-0.31046873
727546109	ACC	9.1669035	-1.6767704	-0.31046873
727546119	ACC	9.205189	-1.7198412	-0.32482567
727546128	ACC	9.219545	-1.7724833	-0.33918262
727546138	ACC	9.253045	-1.8921245	-0.34396824
727546147	ACC	9.286545	-1.9734805	-0.33439696
727546157	ACC	9.238688	-1.9830518	-0.24825534
727546166	ACC	9.267402	-1.9926231	-0.22432712
727546176	ACC	9.348758	-2.021337	-0.21954148
727546185	ACC	9.439685	-2.0548365	-0.20518455
727546195	ACC	9.564112	-2.0691934	-0.20518455
727546204	ACC	9.645468	-2.0979073	-0.24825534
727546214	ACC	9.750752	-2.0979073	-0.33439696
727546223	ACC	9.812965	-2.140978	-0.43010986
727546233	ACC	9.875179	-2.1744776	-0.52582276
727546242	ACC	9.913465	-2.184049	-0.6263213
727546252	ACC	9.889536	-2.1936202	-0.7268199
727546261	ACC	9.865608	-2.207977	-0.8321041
727546271	ACC	9.875179	-2.2510478	-0.927817
727546280	ACC	9.946963	-2.332404	-1.0283155
727546290	ACC	10.100104	-2.3994029	-1.1048858
727546299	ACC	10.167104	-2.4568307	-1.1001002
727546309	ACC	10.10489	-2.4472594	-1.090529
727546318	ACC	10.114461	-2.4855444	-1.0713863
727546328	ACC	10.080962	-2.5238297	-1.0378869
727546337	ACC	10.004392	-2.5477579	-0.97567344
727546347	ACC	9.95175	-2.5956144	-0.86560357
727546356	ACC	9.95175	-2.6482565	-0.74596244
727546366	ACC	9.95175	-2.7008986	-0.65982085
727546375	ACC	9.990034	-2.7296124	-0.5688936
727546385	ACC	10.037891	-2.7822545	-0.5306084
727546394	ACC	10.076176	-2.7678976	-0.4971089
727546404	ACC	10.028319	-2.6721847	-0.5210371
727546413	ACC	10.037891	-2.437688	-0.7890333
727546423	ACC	10.162318	-2.3467607	-1.3154542
727546432	ACC	10.325029	-2.2319052	-1.7940187
727546442	ACC	10.51167	-2.2462623	-2.2821546
727546451	ACC	10.588241	-2.2606192	-2.4065814
727546461	ACC	10.54517	-2.356332	-2.1481566
727546470	ACC	10.339387	-2.533401	-1.5930216
727546480	ACC	10.033105	-2.7248268	-0.69332033
727546489	ACC	9.755538	-2.8923244	0.11066805
727546499	ACC	9.501899	-2.830111	0.6562316
727546508	ACC	9.497113	-2.7535408	0.718445
727546518	ACC	9.674182	-2.8636105	0.46959144
727546527	ACC	9.836894	-2.9401808	0.23030917
727546537	ACC	9.937392	-2.8444679	0.03888337
727546546	ACC	9.980463	-2.777469	-0.21475583
727546556	ACC	10.023534	-2.7152555	-0.46839502
727546565	ACC	9.980463	-2.7008986	-0.65024954
727546575	ACC	9.860822	-2.6099713	-0.7507481
727546584	ACC	9.8321085	-2.5956144	-0.78424764
727546594	ACC	9.765109	-2.5812573	-0.7316055
727546603	ACC	9.736395	-2.6338995	-0.5880362
727546613	ACC	9.750752	-2.7248268	-0.3822534
727546622	ACC	9.726824	-2.748755	-0.24825534
727546632	ACC	9.698111	-2.8109684	-0.119042926
727546641	ACC	9.635897	-2.858825	-0.05682954
727546651	ACC	9.573684	-2.830111	0.019740786
727546660	ACC	9.578469	-2.7966115	0.03888337
727546670	ACC	9.62154	-2.8061829	0.029312078
727546679	ACC	9.583255	-2.8061829	-0.052043892
727546689	ACC	9.444471	-2.7678976	-0.15254244
727546698	ACC	9.243474	-2.777469	-0.253041
727546708	ACC	9.066405	-2.7870402	-0.32961133
727546717	ACC	8.941978	-2.777469	-0.3056831
727546727	ACC	8.898908	-2.7822545	-0.23389842
727546736	ACC	8.903693	-2.7822545	-0.07597212
727546746	ACC	8.970692	-2.7726831	0.07238288
727546755	ACC	9.02812	-2.748755	0.17288144
727546765	ACC	9.032906	-2.720041	0.2973082
727546774	ACC	9.066405	-2.7008986	0.38344982
727546784	ACC	9.0951185	-2.6626134	0.42652065
727546793	ACC	9.109476	-2.6578279	0.46002015
727546803	ACC	9.123833	-2.6004	0.48394838
727546812	ACC	9.176475	-2.5525436	0.52223355
727546822	ACC	9.29133	-2.5381866	0.5509474
727546831	ACC	9.32483	-2.4855444	0.50787663
727546841	ACC	9.343972	-2.4424736	0.43130627
727546850	ACC	9.434899	-2.423331	0.31166515
727546860	ACC	9.525827	-2.437688	0.18245272
727546869	ACC	9.626326	-2.4281168	0.07238288
727546879	ACC	9.784252	-2.4281168	0.04366901
727546888	ACC	9.889536	-2.3994029	-0.0041874396
727546898	ACC	10.004392	-2.370689	-0.061615184
727546907	ACC	10.100104	-2.3754747	-0.16689938
727546917	ACC	10.133604	-2.3419752	-0.22432712
727546926	ACC	10.167104	-2.3228326	-0.32961133
727546936	ACC	10.176675	-2.2845473	-0.36311084
727546945	ACC	10.124033	-2.2606192	-0.3487539
727546955	ACC	10.18146	-2.356332	-0.31046873
727546964	ACC	10.267602	-2.4185455	-0.27218357
727546974	ACC	10.24846	-2.4041886	-0.22911277
727546983	ACC	10.286744	-2.3994029	-0.20518455
727546993	ACC	10.325029	-2.3946173	-0.22432712
727547002	ACC	10.2723875	-2.3371894	-0.30089745
727547012	ACC	10.176675	-2.3276181	-0.38703907
727547021	ACC	9.966106	-2.289333	-0.45882374
727547031	ACC	9.798609	-2.2989044	-0.43968117
727547040	ACC	9.683753	-2.3802602	-0.39661035
727547050	ACC	9.722038	-2.4999015	-0.26261228
727547059	ACC	9.9038925	-2.6961129	-0.09032906
727547069	ACC	10.10489	-2.801397	0.07238288
727547078	ACC	10.325029	-2.830111	0.16331014
727547088	ACC	10.502099	-2.815754	0.18723837
727547097	ACC	10.674382	-2.777469	0.12981063
727547107	ACC	10.73181	-2.681756	-0.052043892
727547116	ACC	10.683953	-2.6195426	-0.27218357
727547126	ACC	10.607383	-2.5669005	-0.49232325
727547135	ACC	10.4159565	-2.5525436	-0.6693921
727547145	ACC	10.205389	-2.5429723	-0.7363912
727547154	ACC	10.090533	-2.5908287	-0.69332033
727547164	ACC	10.066605	-2.6961129	-0.5401797
727547173	ACC	10.119247	-2.801397	-0.31046873
727547183	ACC	10.296316	-2.9401808	-0.08554341
727547192	ACC	10.444671	-3.0263224	0.053240303
727547202	ACC	10.573883	-2.964109	0.10109676
727547211	ACC	10.660025	-2.9114668	0.014955142
727547221	ACC	10.6408825	-2.8253253	-0.15732808
727547230	ACC	10.526027	-2.7008986	-0.42532423
727547240	ACC	10.411171	-2.6626134	-0.6263213
727547249	ACC	10.291531	-2.6386852	-0.74596244
727547259	ACC	10.147961	-2.614757	-0.7363912
727547268	ACC	9.999606	-2.6482565	-0.6263213
727547278	ACC	9.980463	-2.7391837	-0.51146585
727547287	ACC	9.970892	-2.8109684	-0.3822534
727547297	ACC	9.851251	-2.7918258	-0.27696922
727547306	ACC	9.827323	-2.720041	-0.22911277
727547316	ACC	9.865608	-2.6434708	-0.2961118
727547325	ACC	9.84168	-2.5956144	-0.42053857
727547335	ACC	9.793823	-2.5286152	-0.52582276
727547344	ACC	9.698111	-2.4855444	-0.5688936
727547354	ACC	9.62154	-2.4616163	-0.5688936
727547363	ACC	9.568898	-2.466402	-0.57846487
727547373	ACC	9.530613	-2.4759731	-0.6119644
727547382	ACC	9.468399	-2.480759	-0.6550352
727547392	ACC	9.391829	-2.437688	-0.7220342
727547401	ACC	9.305687	-2.3994029	-0.79860455
727547411	ACC	9.24826	-2.3276181	-0.90388876
727547420	ACC	9.229117	-2.2701905	-1.0139586
727547430	ACC	9.195618	-2.2031915	-1.076172
727547439	ACC	9.205189	-2.179263	-1.1048858
727547449	ACC	9.195618	-2.155335	-1.0426725
727547458	ACC	9.233903	-2.1505494	-0.94695956
727547468	ACC	9.219545	-2.1649063	-0.846461
727547477	ACC	9.171689	-2.1744776	-0.74596244
727547487	ACC	9.109476	-2.1457636	-0.65982085
727547496	ACC	9.075976	-2.1314068	-0.6646065
727547506	ACC	9.066405	-2.1601207	-0.6837491
727547515	ACC	9.042477	-2.1361923	-0.7220342
727547525	ACC	8.975478	-2.1218355	-0.7746763
727547534	ACC	8.894122	-2.0787647	-0.8129615
727547544	ACC	8.7984085	-2.030908	-0.8033902
727547553	ACC	8.736196	-1.9926231	-0.7603194
727547563	ACC	8.693125	-1.9591235	-0.6837491
727547572	ACC	8.626125	-1.911267	-0.59282184
727547582	ACC	8.62134	-1.8729819	-0.52582276
727547591	ACC	8.606983	-1.8346968	-0.4971089
727547601	ACC	8.6548395	-1.8394824	-0.49232325
727547610	ACC	8.645268	-1.8011973	-0.5306084
727547620	ACC	8.597412	-1.7676977	-0.55453664
727547629	ACC	8.568698	-1.7198412	-0.5688936
727547639	ACC	8.573483	-1.6911274	-0.6406783
727547648	ACC	8.630911	-1.6911274	-0.7268199
727547658	ACC	8.673982	-1.6767704	-0.7890333
727547667	ACC	8.673982	-1.6480566	-0.8225328
727547677	ACC	8.678768	-1.643271	-0.82731843
727547686	ACC	8.774481	-1.643271	-0.82731843
727547696	ACC	8.807981	-1.6193427	-0.7938189
727547705	ACC	8.803194	-1.614557	-0.74117684
727547715	ACC	8.817552	-1.5810575	-0.70289165
727547724	ACC	8.865408	-1.5714862	-0.65024954
727547734	ACC	8.874979	-1.561915	-0.61675006
727547743	ACC	8.894122	-1.5523437	-0.6119644
727547753	ACC	8.908479	-1.5188441	-0.631107
727547762	ACC	8.941978	-1.5332011	-0.6693921
727547772	ACC	8.941978	-1.4997016	-0.698106
727547781	ACC	8.99462	-1.4901303	-0.76989067
727547791	ACC	8.95155	-1.480559	-0.8177471
727547800	ACC	8.932407	-1.494916	-0.83688974
727547810	ACC	8.95155	-1.4853446	-0.84167534
727547819	ACC	8.980264	-1.5475581	-0.85124665
727547829	ACC	9.047262	-1.5762719	-0.85124665
727547838	ACC	9.056833	-1.5810575	-0.78424764
727547848	ACC	9.066405	-1.5714862	-0.71724856
727547857	ACC	9.066405	-1.6336997	-0.69332033
727547867	ACC	9.090333	-1.6624135	-0.65024954
727547876	ACC	9.128618	-1.6815561	-0.6358926
727547886	ACC	9.157332	-1.6767704	-0.5593223
727547895	ACC	9.233903	-1.6863418	-0.549751
727547905	ACC	9.29133	-1.7198412	-0.5832505
727547914	ACC	9.343972	-1.7341982	-0.6358926
727547924	ACC	9.286545	-1.7437695	-0.6837491
727547933	ACC	9.262616	-1.7676977	-0.7603194
727547943	ACC	9.272188	-1.8203398	-0.79860455
727547952	ACC	9.300901	-1.8634106	-0.8225328
727547962	ACC	9.343972	-1.8777676	-0.76510507
727547971	ACC	9.454042	-1.9304097	-0.69332033
727547981	ACC	9.564112	-1.9734805	-0.6789634
727547990	ACC	9.635897	-2.00698	-0.6454639
727548000	ACC	9.698111	-2.035694	-0.6119644
727548009	ACC	9.688539	-2.0691934	-0.61675006
727548019	ACC	9.635897	-2.0739791	-0.65024954
727548028	ACC	9.62154	-2.1218355	-0.6693921
727548038	ACC	9.611969	-2.184049	-0.69332033
727548047	ACC	9.578469	-2.1888344	-0.71246296
727548057	ACC	9.554541	-2.2031915	-0.68853474
727548066	ACC	9.573684	-2.2175484	-0.6550352
727548076	ACC	9.6071825	-2.2319052	-0.65024954
727548085	ACC	9.611969	-2.2510478	-0.6550352
727548095	ACC	9.650253	-2.265405	-0.65024954
727548104	ACC	9.717253	-2.2989044	-0.67417777
727548114	ACC	9.726824	-2.3419752	-0.71724856
727548123	ACC	9.750752	-2.3946173	-0.71724856
727548133	ACC	9.750752	-2.4329023	-0.7268199
727548142	ACC	9.765109	-2.4855444	-0.71724856
727548152	ACC	9.779466	-2.4999015	-0.6646065
727548161	ACC	9.798609	-2.504687	-0.631107
727548171	ACC	9.8321085	-2.5381866	-0.6119644
727548180	ACC	9.822537	-2.5094728	-0.6119644
727548190	ACC	9.817751	-2.4999015	-0.6263213
727548199	ACC	9.822537	-2.4759731	-0.631107
727548209	ACC	9.846465	-2.4999015	-0.6693921
727548218	ACC	9.870394	-2.4903302	-0.67417777
727548228	ACC	9.846465	-2.4999015	-0.67417777
727548237	ACC	9.88475	-2.5429723	-0.65024954
727548247	ACC	9.923036	-2.5573292	-0.6550352
727548256	ACC	9.899107	-2.5669005	-0.6358926
727548266	ACC	9.9038925	-2.5764718	-0.5832505
727548275	ACC	9.908679	-2.6099713	-0.61675006
727548285	ACC	9.923036	-2.614757	-0.6406783
727548294	ACC	9.894321	-2.6099713	-0.631107
727548304	ACC	9.91825	-2.5908287	-0.6263213
727548313	ACC	10.004392	-2.614757	-0.6646065
727548323	ACC	10.066605	-2.614757	-0.71246296
727548332	ACC	10.109675	-2.6004	-0.779462
727548342	ACC	10.119247	-2.5860431	-0.8991031
727548351	ACC	10.061819	-2.533401	-1.0235299
727548361	ACC	10.009177	-2.519044	-1.0857433
727548370	ACC	10.018748	-2.5238297	-1.1335998
727548380	ACC	10.018748	-2.4903302	-1.1144571
727548389	ACC	10.042677	-2.519044	-1.0043873
727548399	ACC	10.066605	-2.5477579	-0.8560323
727548408	ACC	10.061819	-2.5429723	-0.7268199
727548418	ACC	10.047462	-2.571686	-0.6789634
727548427	ACC	10.018748	-2.6051857	-0.59282184
727548437	ACC	9.961321	-2.5860431	-0.5449654
727548446	ACC	9.923036	-2.5764718	-0.5210371
727548456	ACC	9.88475	-2.562115	-0.4971089
727548465	ACC	9.913465	-2.5908287	-0.5066802
727548475	ACC	9.923036	-2.6051857	-0.4971089
727548484	ACC	9.889536	-2.6195426	-0.48275197
727548494	ACC	9.875179	-2.6099713	-0.4779663
727548503	ACC	9.836894	-2.614757	-0.50189453
727548513	ACC	9.822537	-2.6099713	-0.5066802
727548522	ACC	9.812965	-2.5956144	-0.48753762
727548532	ACC	9.803394	-2.5812573	-0.48753762
727548541	ACC	9.769895	-2.5477579	-0.48753762
727548551	ACC	9.755538	-2.5286152	-0.44925246
727548560	ACC	9.683753	-2.4951158	-0.39661035
727548570	ACC	9.6071825	-2.4855444	-0.3822534
727548579	ACC	9.521041	-2.4903302	-0.33439696
727548589	ACC	9.468399	-2.5142584	-0.253041
727548598	ACC	9.454042	-2.533401	-0.19561325
727548608	ACC	9.487542	-2.5381866	-0.13339986
727548617	ACC	9.516255	-2.5764718	-0.09032906
727548627	ACC	9.549755	-2.5860431	-0.08075777
727548636	ACC	9.51147	-2.5525436	-0.119042926
727548646	ACC	9.410972	-2.533401	-0.109471634
727548655	ACC	9.363115	-2.5238297	-0.09990034
727548665	ACC	9.32483	-2.5238297	-0.10468599
727548674	ACC	9.300901	-2.5477579	-0.08554341
727548684	ACC	9.305687	-2.5860431	-0.023330022
727548693	ACC	9.367901	-2.6386852	-0.01375873
727548703	ACC	9.382257	-2.6386852	5.9820566E-4
727548712	ACC	9.387043	-2.6626134	-0.0041874396
727548722	ACC	9.406186	-2.6865416	-0.008973085
727548731	ACC	9.434899	-2.7152555	-0.037686955
727548740	ACC	9.473185	-2.748755	-0.0951147
727548750	ACC	9.549755	-2.7726831	-0.11425728
727548759	ACC	9.559326	-2.7918258	-0.119042926
727548769	ACC	9.635897	-2.7870402	-0.09990034
727548778	ACC	9.698111	-2.7678976	-0.0951147
727548788	ACC	9.726824	-2.7439694	-0.0951147
727548797	ACC	9.760324	-2.7343981	-0.0951147
727548807	ACC	9.779466	-2.7678976	-0.05682954
727548816	ACC	9.77468	-2.7726831	-0.0041874396
727548826	ACC	9.745967	-2.8061829	0.014955142
727548835	ACC	9.669396	-2.8253253	0.005383851
727548845	ACC	9.616755	-2.830111	0.005383851
727548854	ACC	9.525827	-2.8253253	0.010169496
727548864	ACC	9.420543	-2.8061829	0.029312078
727548873	ACC	9.367901	-2.815754	0.048454657
727548883	ACC	9.305687	-2.868396	0.06281159
727548892	ACC	9.267402	-2.89711	0.034097724
727548902	ACC	9.296116	-2.9832516	0.019740786
727548911	ACC	9.415757	-3.0358937	0.014955142
727548921	ACC	9.468399	-3.0119655	0.005383851
727548930	ACC	9.559326	-2.9066813	-0.0424726
727548940	ACC	9.674182	-2.815754	-0.09032906
727548949	ACC	9.77468	-2.720041	-0.19561325
727548959	ACC	9.8321085	-2.6099713	-0.28175488
727548968	ACC	9.80818	-2.5142584	-0.3056831
727548978	ACC	9.793823	-2.4711876	-0.26739794
727548987	ACC	9.894321	-2.5956144	-0.22911277
727548997	ACC	9.937392	-2.6865416	-0.19082761
727549006	ACC	9.923036	-2.6769702	-0.14297116
727549016	ACC	9.999606	-2.6769702	-0.071186475
727549025	ACC	10.124033	-2.614757	-0.047258247
727549035	ACC	10.205389	-2.4855444	-0.09990034
727549044	ACC	10.387243	-2.3898315	-0.10468599
727549054	ACC	10.688739	-2.289333	-0.09032906
727549063	ACC	10.99502	-2.184049	-0.008973085
727549073	ACC	11.248659	-2.1314068	0.04366901
727549082	ACC	11.382657	-2.1505494	0.12502499
727549092	ACC	11.353944	-2.2031915	0.2015953
727549101	ACC	11.167303	-2.265405	0.26859435
727549111	ACC	10.794023	-2.2941186	0.34037903
727549120	ACC	10.459028	-2.3515465	0.35473597
727549130	ACC	10.18146	-2.3946173	0.34037903
727549139	ACC	10.037891	-2.4759731	0.3595216
727549149	ACC	9.985249	-2.480759	0.34037903
727549158	ACC	9.990034	-2.4616163	0.3164508
727549168	ACC	10.13839	-2.4711876	0.2015953
727549177	ACC	10.219746	-2.437688	-0.023330022
727549187	ACC	10.191031	-2.3419752	-0.29132617
727549196	ACC	10.147961	-2.2797618	-0.5401797
727549206	ACC	10.037891	-2.184049	-0.779462
727549215	ACC	9.899107	-2.0979073	-0.98524475
727549225	ACC	9.736395	-2.059622	-1.0953146
727549234	ACC	9.5353985	-2.0021944	-1.1001002
727549244	ACC	9.410972	-2.021337	-1.0043873
727549253	ACC	9.267402	-2.059622	-0.8895318
727549263	ACC	9.1669035	-2.0548365	-0.6837491
727549272	ACC	9.1669035	-2.0404794	-0.44925246
727549282	ACC	9.276974	-2.0261226	-0.27218357
727549291	ACC	9.348758	-1.9495523	-0.18125631
727549301	ACC	9.458828	-1.8969102	-0.12861422
727549310	ACC	9.506684	-1.8442681	-0.12861422
727549320	ACC	9.454042	-1.7581264	-0.21475583
727549329	ACC	9.382257	-1.6767704	-0.3152544
727549339	ACC	9.29133	-1.6049858	-0.35832518
727549348	ACC	9.224331	-1.5906289	-0.36789647
727549358	ACC	9.262616	-1.6193427	-0.41575295
727549367	ACC	9.286545	-1.6336997	-0.43489552
727549377	ACC	9.286545	-1.5810575	-0.401396
727549386	ACC	9.3104725	-1.5427724	-0.37746778
727549396	ACC	9.367901	-1.4709877	-0.38703907
727549405	ACC	9.377472	-1.3752748	-0.42532423
727549415	ACC	9.348758	-1.3226327	-0.44925246
727549424	ACC	9.296116	-1.2556337	-0.49232325
727549434	ACC	9.224331	-1.2029916	-0.5449654
727549443	ACC	9.123833	-1.1934203	-0.5688936
727549453	ACC	9.042477	-1.1742777	-0.56410795
727549462	ACC	8.956335	-1.1742777	-0.59282184
727549472	ACC	8.903693	-1.1790633	-0.62153566
727549481	ACC	8.894122	-1.183849	-0.5880362
727549491	ACC	8.91805	-1.1790633	-0.5593223
727549500	ACC	8.980264	-1.1407782	-0.5066802
727549510	ACC	9.004191	-1.0689936	-0.4971089
727549519	ACC	9.032906	-1.0833504	-0.52582276
727549529	ACC	9.06162	-1.0402796	-0.549751
727549538	ACC	8.989835	-1.0115658	-0.59282184
727549548	ACC	8.946764	-0.99720883	-0.631107
727549557	ACC	8.908479	-0.97806627	-0.6646065
727549567	ACC	8.879765	-1.0163515	-0.6406783
727549576	ACC	8.831908	-1.0211371	-0.61675006
727549586	ACC	8.817552	-1.0450653	-0.59282184
727549595	ACC	8.803194	-1.0546366	-0.5306084
727549605	ACC	8.831908	-1.0785648	-0.52582276
727549614	ACC	8.788837	-1.0977074	-0.5066802
727549624	ACC	8.760123	-1.102493	-0.50189453
727549633	ACC	8.76491	-1.1216356	-0.5066802
727549643	ACC	8.779266	-1.1599208	-0.56410795
727549652	ACC	8.803194	-1.1407782	-0.5736792
727549662	ACC	8.841479	-1.1886346	-0.5593223
727549671	ACC	8.879765	-1.2077773	-0.56410795
727549681	ACC	8.865408	-1.2364911	-0.5880362
727549690	ACC	8.822337	-1.2556337	-0.60717875
727549700	ACC	8.807981	-1.3034902	-0.6023931
727549709	ACC	8.745767	-1.3034902	-0.62153566
727549719	ACC	8.736196	-1.3226327	-0.631107
727549728	ACC	8.769695	-1.3800604	-0.6406783
727549738	ACC	8.774481	-1.3944174	-0.6454639
727549747	ACC	8.807981	-1.3896317	-0.6358926
727549757	ACC	8.88455	-1.4470595	-0.6023931
727549766	ACC	8.946764	-1.4614165	-0.56410795
727549776	ACC	8.985049	-1.4374882	-0.5066802
727549785	ACC	9.008977	-1.4901303	-0.45882374
727549795	ACC	9.032906	-1.5332011	-0.45403808
727549804	ACC	9.0233345	-1.5906289	-0.4444668
727549814	ACC	9.0233345	-1.6480566	-0.39182472
727549823	ACC	9.075976	-1.6959131	-0.3487539
727549833	ACC	9.056833	-1.7485552	-0.26261228
727549842	ACC	9.080762	-1.762912	-0.15732808
727549852	ACC	9.099904	-1.791626	-0.0951147
727549861	ACC	9.138189	-1.8681962	-0.07597212
727549871	ACC	9.152547	-1.9064814	-0.08554341
727549880	ACC	9.147761	-1.939981	-0.071186475
727549890	ACC	9.209974	-1.9926231	-0.052043892
727549899	ACC	9.24826	-2.030908	-0.061615184
727549909	ACC	9.348758	-2.0739791	-0.05682954
727549918	ACC	9.482756	-2.140978	-0.052043892
727549928	ACC	9.573684	-2.184049	-0.061615184
727549937	ACC	9.674182	-2.2175484	-0.066400826
727549947	ACC	9.698111	-2.2031915	-0.09990034
727549956	ACC	9.717253	-2.207977	-0.15732808
727549966	ACC	9.707682	-2.2319052	-0.23389842
727549975	ACC	9.674182	-2.207977	-0.23868406
727549985	ACC	9.736395	-2.2127628	-0.20039889
727549994	ACC	9.9756775	-2.2941186	-0.1477568
727550004	ACC	10.291531	-2.356332	-0.10468599
727550013	ACC	10.583454	-2.385046	-0.0424726
727550023	ACC	10.727024	-2.3276181	-0.01375873
727550032	ACC	10.750952	-2.2414765	-0.0424726
727550042	ACC	10.770095	-2.184049	-0.1477568
727550051	ACC	10.765309	-2.1744776	-0.23389842
727550061	ACC	10.703095	-2.1457636	-0.30089745
727550070	ACC	10.588241	-2.1122642	-0.33439696
727550080	ACC	10.497313	-2.1314068	-0.32961133
727550089	ACC	10.449456	-2.1888344	-0.31046873
727550099	ACC	10.387243	-2.2271197	-0.23868406
727550108	ACC	10.291531	-2.265405	-0.15732808
727550118	ACC	10.147961	-2.30369	-0.071186475
727550127	ACC	10.061819	-2.332404	-0.032901313
727550137	ACC	9.966106	-2.3276181	-0.01375873
727550146	ACC	9.865608	-2.3371894	0.014955142
727550156	ACC	9.765109	-2.3515465	0.019740786
727550165	ACC	9.678967	-2.3467607	0.019740786
727550175	ACC	9.583255	-2.370689	0.024526432
727550184	ACC	9.578469	-2.41376	0.04366901
727550194	ACC	9.5353985	-2.4185455	-0.0041874396
727550203	ACC	9.501899	-2.4089742	-0.066400826
727550213	ACC	9.482756	-2.3994029	-0.119042926
727550222	ACC	9.521041	-2.4089742	-0.17168503
727550232	ACC	9.54497	-2.4041886	-0.23868406
727550241	ACC	9.578469	-2.3898315	-0.27696922
727550251	ACC	9.65504	-2.4041886	-0.32482567
727550260	ACC	9.722038	-2.437688	-0.36311084
727550270	ACC	9.779466	-2.4329023	-0.41575295
727550279	ACC	9.875179	-2.4281168	-0.4636094
727550289	ACC	9.889536	-2.4089742	-0.4971089
727550298	ACC	9.942178	-2.4041886	-0.51146585
727550308	ACC	9.956535	-2.3898315	-0.5210371
727550317	ACC	10.009177	-2.3898315	-0.52582276
727550327	ACC	10.076176	-2.3802602	-0.5210371
727550336	ACC	10.076176	-2.318047	-0.48753762
727550346	ACC	10.090533	-2.2989044	-0.4779663
727550355	ACC	10.152746	-2.3802602	-0.45882374
727550365	ACC	10.21496	-2.437688	-0.42053857
727550374	ACC	10.24846	-2.437688	-0.36311084
727550384	ACC	10.2723875	-2.4424736	-0.2865405
727550393	ACC	10.277173	-2.4281168	-0.20997019
727550403	ACC	10.219746	-2.41376	-0.1477568
727550412	ACC	10.200603	-2.3946173	-0.123828575
727550422	ACC	10.18146	-2.4089742	-0.109471634
727550431	ACC	10.191031	-2.4089742	-0.061615184
727550441	ACC	10.162318	-2.41376	-0.0424726
727550450	ACC	10.13839	-2.423331	-0.0424726
727550460	ACC	10.157532	-2.4616163	-0.066400826
727550469	ACC	10.124033	-2.4759731	-0.0951147
727550479	ACC	10.018748	-2.480759	-0.10468599
727550488	ACC	9.923036	-2.4951158	-0.08554341
727550498	ACC	9.84168	-2.5094728	-0.0951147
727550507	ACC	9.745967	-2.4951158	-0.08554341
727550517	ACC	9.683753	-2.5142584	-0.066400826
727550526	ACC	9.65504	-2.5429723	-0.061615184
727550536	ACC	9.659825	-2.5573292	-0.066400826
727550545	ACC	9.674182	-2.5429723	-0.08554341
727550555	ACC	9.659825	-2.533401	-0.109471634
727550564	ACC	9.688539	-2.5381866	-0.1477568
727550574	ACC	9.631111	-2.533401	-0.18125631
727550583	ACC	9.5353985	-2.5477579	-0.22432712
727550593	ACC	9.420543	-2.5477579	-0.23389842
727550602	ACC	9.305687	-2.5764718	-0.19561325
727550612	ACC	9.296116	-2.667399	-0.13339986
727550621	ACC	9.329616	-2.777469	-0.061615184
727550631	ACC	9.387043	-2.8540392	0.005383851
727550640	ACC	9.401401	-2.8636105	0.04366901
727550650	ACC	9.458828	-2.858825	0.07716853
727550659	ACC	9.439685	-2.7918258	0.10109676
727550669	ACC	9.521041	-2.748755	0.11545369
727550678	ACC	9.707682	-2.7296124	0.10109676
727550688	ACC	9.937392	-2.7535408	0.1058824
727550697	ACC	10.162318	-2.7535408	0.14895321
727550707	ACC	10.4016	-2.7918258	0.22073789
727550716	ACC	10.51167	-2.8205397	0.24466611
727550726	ACC	10.530812	-2.7918258	0.26859435
727550735	ACC	10.554741	-2.801397	0.2542374
727550745	ACC	10.535598	-2.830111	0.19680966
727550754	ACC	10.444671	-2.7918258	0.10109676
727550764	ACC	10.301102	-2.7870402	0.03888337
727550773	ACC	10.076176	-2.7678976	-0.008973085
727550783	ACC	9.91825	-2.801397	-0.032901313
727550792	ACC	9.817751	-2.858825	-0.01375873
727550802	ACC	9.779466	-2.8923244	0.05802595
727550811	ACC	9.755538	-2.9353952	0.12502499
727550821	ACC	9.722038	-2.9114668	0.19680966
727550830	ACC	9.674182	-2.8779674	0.20638095
727550840	ACC	9.602397	-2.858825	0.19202402
727550849	ACC	9.6071825	-2.9018958	0.12502499
727550859	ACC	9.578469	-2.8923244	0.034097724
727550868	ACC	9.58804	-2.9162526	-0.028115666
727550878	ACC	9.678967	-3.0023942	-0.061615184
727550887	ACC	9.750752	-3.0502508	-0.1381855
727550897	ACC	9.760324	-3.0023942	-0.27218357
727550906	ACC	9.779466	-2.9593234	-0.36789647
727550916	ACC	9.803394	-2.9114668	-0.4636094
727550925	ACC	9.779466	-2.8205397	-0.5736792
727550935	ACC	9.80818	-2.8109684	-0.67417777
727550944	ACC	9.899107	-2.8827531	-0.76510507
727550954	ACC	9.966106	-2.9401808	-0.76989067
727550963	ACC	9.961321	-2.9880373	-0.76510507
727550973	ACC	9.980463	-3.0119655	-0.78424764
727550982	ACC	9.956535	-3.0119655	-0.8225328
727550992	ACC	9.923036	-2.9832516	-0.8560323
727551001	ACC	9.822537	-2.8875387	-0.89431745
727551011	ACC	9.702896	-2.8061829	-0.94695956
727551020	ACC	9.549755	-2.720041	-0.9661021
727551030	ACC	9.439685	-2.6865416	-0.99003035
727551039	ACC	9.343972	-2.6578279	-0.9517452
727551049	ACC	9.21476	-2.6769702	-0.86560357
727551058	ACC	9.176475	-2.7439694	-0.71246296
727551068	ACC	9.18126	-2.8253253	-0.5832505
727551077	ACC	9.123833	-2.858825	-0.48753762
727551087	ACC	9.042477	-2.830111	-0.36789647
727551096	ACC	9.037691	-2.815754	-0.28175488
727551106	ACC	9.047262	-2.7631118	-0.2865405
727551115	ACC	9.013762	-2.6578279	-0.32482567
727551125	ACC	8.989835	-2.571686	-0.3822534
727551134	ACC	8.970692	-2.5286152	-0.5162515
727551144	ACC	8.965906	-2.4999015	-0.68853474
727551153	ACC	8.946764	-2.5238297	-0.8225328
727551163	ACC	8.927621	-2.533401	-0.89431745
727551172	ACC	8.91805	-2.4999015	-0.92303133
727551182	ACC	8.908479	-2.4759731	-0.9182457
727551191	ACC	8.956335	-2.452045	-0.85124665
727551201	ACC	8.970692	-2.4711876	-0.76989067
727551210	ACC	8.961121	-2.423331	-0.6693921
727551220	ACC	8.970692	-2.4041886	-0.6119644
727551229	ACC	8.937193	-2.370689	-0.5593223
727551239	ACC	8.88455	-2.385046	-0.55453664
727551248	ACC	8.803194	-2.3419752	-0.52582276
727551258	ACC	8.740981	-2.3467607	-0.5210371
727551267	ACC	8.774481	-2.370689	-0.55453664
727551277	ACC	8.822337	-2.3659034	-0.5688936
727551286	ACC	8.769695	-2.3132613	-0.5832505
727551296	ACC	8.807981	-2.2797618	-0.62153566
727551305	ACC	8.836694	-2.2606192	-0.70289165
727551315	ACC	8.841479	-2.2558336	-0.7603194
727551324	ACC	8.827123	-2.2414765	-0.8033902
727551334	ACC	8.822337	-2.2223341	-0.86081797
727551343	ACC	8.851051	-2.2271197	-0.8895318
727551353	ACC	8.846265	-2.2271197	-0.89431745
727551362	ACC	8.831908	-2.2319052	-0.86560357
727551372	ACC	8.855837	-2.2510478	-0.79860455
727551381	ACC	8.8701935	-2.2558336	-0.7363912
727551391	ACC	8.903693	-2.2606192	-0.698106
727551400	ACC	8.908479	-2.2845473	-0.6550352
727551410	ACC	8.879765	-2.3467607	-0.62153566
727551419	ACC	8.879765	-2.356332	-0.57846487
727551429	ACC	8.913264	-2.4041886	-0.549751
727551438	ACC	8.980264	-2.4281168	-0.50189453
727551448	ACC	9.013762	-2.4089742	-0.4779663
727551457	ACC	9.042477	-2.41376	-0.43968117
727551467	ACC	9.075976	-2.4041886	-0.4636094
727551476	ACC	9.047262	-2.3946173	-0.49232325
727551486	ACC	9.018549	-2.3898315	-0.51146585
727551495	ACC	8.999406	-2.4089742	-0.51146585
727551505	ACC	8.985049	-2.423331	-0.47318068
727551514	ACC	9.037691	-2.452045	-0.3822534
727551524	ACC	9.147761	-2.4951158	-0.28175488
727551533	ACC	9.200403	-2.5286152	-0.24825534
727551543	ACC	9.253045	-2.5477579	-0.253041
727551552	ACC	9.233903	-2.5477579	-0.23868406
727551562	ACC	9.224331	-2.5238297	-0.30089745
727551571	ACC	9.205189	-2.5094728	-0.36311084
727551581	ACC	9.18126	-2.4951158	-0.43489552
727551590	ACC	9.162118	-2.480759	-0.4971089
727551600	ACC	9.21476	-2.4999015	-0.5306084
727551609	ACC	9.262616	-2.5381866	-0.5593223
727551619	ACC	9.305687	-2.5764718	-0.6023931
727551628	ACC	9.35833	-2.5860431	-0.60717875
727551638	ACC	9.391829	-2.6338995	-0.5832505
727551647	ACC	9.425328	-2.6482565	-0.5401797
727551657	ACC	9.4636135	-2.6482565	-0.51146585
727551666	ACC	9.482756	-2.681756	-0.4636094
727551676	ACC	9.568898	-2.7152555	-0.43489552
727551685	ACC	9.650253	-2.7343981	-0.43968117
727551695	ACC	9.62154	-2.7056842	-0.43968117
727551704	ACC	9.602397	-2.7248268	-0.46839502
727551714	ACC	9.602397	-2.720041	-0.51146585
727551723	ACC	9.6071825	-2.7152555	-0.5306084
727551733	ACC	9.631111	-2.7439694	-0.5688936
727551742	ACC	9.659825	-2.7726831	-0.50189453
727551752	ACC	9.712467	-2.8253253	-0.3822534
727551761	ACC	9.707682	-2.8253253	-0.35353956
727551771	ACC	9.736395	-2.8348966	-0.34396824
727551780	ACC	9.750752	-2.8492537	-0.3822534
727551790	ACC	9.755538	-2.8061829	-0.45882374
727551799	ACC	9.765109	-2.6721847	-0.68853474
727551809	ACC	9.798609	-2.6099713	-0.927817
727551818	ACC	9.856036	-2.6913273	-0.93738824
727551828	ACC	9.8321085	-2.7248268	-0.7316055
727551837	ACC	9.769895	-2.7918258	-0.4109673
727551847	ACC	9.798609	-2.8492537	-0.25782663
727551856	ACC	9.865608	-2.9162526	-0.28175488
727551866	ACC	9.966106	-3.0023942	-0.23868406
727551875	ACC	10.07139	-3.016751	-0.16689938
727551885	ACC	10.119247	-3.00718	-0.052043892
727551894	ACC	10.090533	-2.978466	0.005383851
727551904	ACC	9.966106	-2.964109	-0.0041874396
727551913	ACC	9.817751	-2.9306095	-0.028115666
727551923	ACC	9.693324	-2.9018958	0.010169496
727551932	ACC	9.602397	-2.8731818	0.06759724
727551942	ACC	9.540184	-2.858825	0.14895321
727551951	ACC	9.554541	-2.8396823	0.22073789
727551961	ACC	9.530613	-2.8061829	0.28773692
727551970	ACC	9.525827	-2.777469	0.33080772
727551980	ACC	9.516255	-2.7439694	0.3164508
727551989	ACC	9.492328	-2.71047	0.31166515
727551999	ACC	9.521041	-2.681756	0.2973082
727552008	ACC	9.564112	-2.6721847	0.28773692
727552018	ACC	9.659825	-2.6051857	0.24466611
727552027	ACC	9.765109	-2.5429723	0.17766708
727552037	ACC	9.817751	-2.5142584	0.081954174
727552046	ACC	9.84168	-2.4999015	-0.018544376
727552056	ACC	9.846465	-2.452045	-0.1381855
727552065	ACC	9.856036	-2.41376	-0.17168503
727552075	ACC	9.894321	-2.4185455	-0.19561325
727552084	ACC	9.942178	-2.423331	-0.17647067
727552094	ACC	10.004392	-2.3994029	-0.12861422
727552103	ACC	10.047462	-2.356332	-0.07597212
727552113	ACC	10.109675	-2.3419752	-0.05682954
727552122	ACC	10.109675	-2.3467607	-0.071186475
727552132	ACC	10.1288185	-2.3276181	-0.109471634
727552141	ACC	10.133604	-2.356332	-0.1477568
727552151	ACC	10.195817	-2.370689	-0.19082761
727552160	ACC	10.234102	-2.332404	-0.16689938
727552170	ACC	10.325029	-2.3515465	-0.16211374
727552179	ACC	10.396814	-2.3228326	-0.17168503
727552189	ACC	10.396814	-2.3419752	-0.21954148
727552198	ACC	10.430314	-2.370689	-0.22432712
727552208	ACC	10.420743	-2.437688	-0.22911277
727552217	ACC	10.4016	-2.4903302	-0.20039889
727552227	ACC	10.396814	-2.5956144	-0.15254244
727552236	ACC	10.377672	-2.667399	-0.10468599
727552246	ACC	10.320244	-2.6769702	-0.09032906
727552255	ACC	10.253245	-2.7008986	-0.0951147
727552265	ACC	10.219746	-2.720041	-0.12861422
727552274	ACC	10.13839	-2.720041	-0.19082761
727552284	ACC	9.999606	-2.7008986	-0.20039889
727552293	ACC	9.80818	-2.6721847	-0.18125631
727552303	ACC	9.62154	-2.6769702	-0.1381855
727552312	ACC	9.564112	-2.777469	-0.09032906
727552322	ACC	9.626326	-2.8827531	-0.066400826
727552331	ACC	9.736395	-2.9210382	-0.10468599
727552341	ACC	9.879965	-2.9353952	-0.18125631
727552350	ACC	9.9756775	-2.9018958	-0.33918262
727552360	ACC	10.023534	-2.8636105	-0.61675006
727552369	ACC	9.994821	-2.8109684	-0.927817
727552379	ACC	9.91825	-2.7678976	-1.1910275
727552388	ACC	9.846465	-2.7056842	-1.387239
727552398	ACC	9.812965	-2.7152555	-1.4111671
727552407	ACC	9.817751	-2.7056842	-1.2436695
727552417	ACC	9.899107	-2.8396823	-1.2436695
727552426	ACC	9.9038925	-2.8875387	-1.0139586
727552436	ACC	9.875179	-2.9018958	-0.67417777
727552445	ACC	9.88475	-3.00718	-0.36789647
727552455	ACC	9.870394	-3.0358937	-0.09032906
727552464	ACC	9.894321	-3.0646076	0.13938192
727552474	ACC	9.961321	-3.1076784	0.2638087
727552483	ACC	10.013963	-3.1459637	0.3786642
727552493	ACC	10.004392	-3.1363924	0.47916272
727552502	ACC	9.932607	-3.1220353	0.53180486
727552512	ACC	9.822537	-3.1076784	0.49830532
727552521	ACC	9.678967	-3.0693932	0.40259242
727552531	ACC	9.640682	-3.1076784	0.31166515
727552540	ACC	9.77468	-3.222534	0.19680966
727552550	ACC	9.865608	-3.2368908	0.12502499
727552559	ACC	9.990034	-3.1746774	0.10109676
727552569	ACC	10.1288185	-3.1220353	0.03888337
727552578	ACC	10.243673	-3.0358937	-0.0951147
727552588	ACC	10.229317	-2.978466	-0.22911277
727552597	ACC	10.13839	-2.9018958	-0.35353956
727552607	ACC	9.980463	-2.8827531	-0.4636094
727552616	ACC	9.860822	-2.949752	-0.4971089
727552626	ACC	9.798609	-3.0550363	-0.5162515
727552635	ACC	9.702896	-3.098107	-0.50189453
727552645	ACC	9.669396	-3.098107	-0.46839502
727552654	ACC	9.635897	-3.098107	-0.40618163
727552664	ACC	9.583255	-3.0550363	-0.401396
727552673	ACC	9.497113	-2.9976087	-0.42532423
727552683	ACC	9.391829	-2.978466	-0.50189453
727552692	ACC	9.224331	-2.9353952	-0.549751
727552702	ACC	8.999406	-2.868396	-0.6023931
727552711	ACC	8.788837	-2.8444679	-0.6119644
727552721	ACC	8.688339	-2.815754	-0.5736792
727552730	ACC	8.606983	-2.801397	-0.5162515
727552740	ACC	8.58784	-2.7678976	-0.45882374
727552749	ACC	8.554341	-2.7343981	-0.39661035
727552759	ACC	8.539984	-2.6721847	-0.4109673
727552768	ACC	8.516056	-2.5860431	-0.4971089
727552778	ACC	8.4347	-2.5094728	-0.5688936
727552787	ACC	8.4012	-2.4329023	-0.6263213
727552797	ACC	8.420342	-2.3994029	-0.698106
727552806	ACC	8.477771	-2.3946173	-0.74117684
727552816	ACC	8.516056	-2.3467607	-0.71724856
727552825	ACC	8.530413	-2.2989044	-0.68853474
727552835	ACC	8.559127	-2.274976	-0.6550352
727552844	ACC	8.58784	-2.2510478	-0.65982085
727552854	ACC	8.626125	-2.2223341	-0.6693921
727552863	ACC	8.6548395	-2.2031915	-0.70289165
727552873	ACC	8.69791	-2.2271197	-0.7746763
727552882	ACC	8.750552	-2.207977	-0.8321041
727552892	ACC	8.76491	-2.179263	-0.8991031
727552901	ACC	8.73141	-2.1218355	-0.9182457
727552911	ACC	8.721839	-2.088336	-0.9517452
727552920	ACC	8.750552	-2.0644078	-0.92303133
727552930	ACC	8.807981	-2.0117657	-0.8847462
727552939	ACC	8.898908	-1.9878374	-0.80817586
727552949	ACC	8.985049	-1.9686948	-0.75553375
727552958	ACC	8.985049	-1.9447666	-0.7220342
727552968	ACC	9.02812	-1.939981	-0.71724856
727552977	ACC	9.013762	-1.9351953	-0.71246296
727552987	ACC	8.989835	-1.8921245	-0.71246296
727552996	ACC	9.0233345	-1.8873389	-0.70289165
727553006	ACC	9.104691	-1.9016958	-0.69332033
727553015	ACC	9.18126	-1.9016958	-0.70289165
727553025	ACC	9.267402	-1.925624	-0.7363912
727553034	ACC	9.334401	-1.9208384	-0.74117684
727553044	ACC	9.396614	-1.925624	-0.74117684
727553053	ACC	9.449257	-1.925624	-0.74596244
727553063	ACC	9.454042	-1.939981	-0.7316055
727553072	ACC	9.54497	-1.9304097	-0.74596244
727553082	ACC	9.549755	-1.9304097	-0.7220342
727553091	ACC	9.51147	-1.9543378	-0.6789634
727553101	ACC	9.473185	-1.9591235	-0.6550352
727553110	ACC	9.454042	-1.9782661	-0.59282184
727553120	ACC	9.415757	-1.9830518	-0.55453664
727553129	ACC	9.387043	-1.9926231	-0.4971089
727553139	ACC	9.35833	-2.030908	-0.44925246
727553148	ACC	9.334401	-2.0404794	-0.401396
727553158	ACC	9.339187	-2.0644078	-0.3822534
727553167	ACC	9.35833	-2.0691934	-0.40618163
727553177	ACC	9.363115	-2.059622	-0.44925246
727553186	ACC	9.382257	-2.059622	-0.49232325
727553196	ACC	9.382257	-2.0548365	-0.5593223
727553205	ACC	9.391829	-2.0644078	-0.61675006
727553215	ACC	9.439685	-2.0500507	-0.65982085
727553224	ACC	9.47797	-2.0452652	-0.6789634
727553234	ACC	9.54497	-2.0404794	-0.6693921
727553243	ACC	9.568898	-2.035694	-0.6693921
727553253	ACC	9.626326	-2.0452652	-0.6789634
727553262	ACC	9.6071825	-2.0500507	-0.6789634
727553271	ACC	9.573684	-2.0500507	-0.6693921
727553281	ACC	9.578469	-2.0835502	-0.65024954
727553290	ACC	9.559326	-2.1122642	-0.6023931
727553300	ACC	9.568898	-2.184049	-0.55453664
727553309	ACC	9.549755	-2.2031915	-0.4779663
727553319	ACC	9.554541	-2.2462623	-0.4636094
727553328	ACC	9.51147	-2.265405	-0.42532423
727553338	ACC	9.497113	-2.30369	-0.40618163
727553347	ACC	9.501899	-2.332404	-0.39661035
727553357	ACC	9.506684	-2.3802602	-0.37268212
727553366	ACC	9.492328	-2.3946173	-0.36311084
727553376	ACC	9.501899	-2.41376	-0.35832518
727553385	ACC	9.521041	-2.452045	-0.37746778
727553395	ACC	9.592826	-2.480759	-0.3822534
727553404	ACC	9.626326	-2.480759	-0.37746778
727553414	ACC	9.626326	-2.4951158	-0.3822534
727553423	ACC	9.616755	-2.5286152	-0.42532423
727553433	ACC	9.592826	-2.5764718	-0.4636094
727553442	ACC	9.611969	-2.6243281	-0.48753762
727553452	ACC	9.674182	-2.667399	-0.4971089
727553461	ACC	9.722038	-2.7008986	-0.48275197
727553471	ACC	9.779466	-2.6913273	-0.48275197
727553480	ACC	9.822537	-2.6913273	-0.5066802
727553490	ACC	9.827323	-2.6865416	-0.5401797
727553499	ACC	9.80818	-2.667399	-0.57846487
727553509	ACC	9.750752	-2.667399	-0.631107
727553518	ACC	9.688539	-2.6721847	-0.6646065
727553528	ACC	9.631111	-2.7056842	-0.698106
727553537	ACC	9.650253	-2.7583263	-0.69332033
727553547	ACC	9.669396	-2.7870402	-0.67417777
727553556	ACC	9.678967	-2.815754	-0.6550352
727553566	ACC	9.669396	-2.8109684	-0.6693921
727553575	ACC	9.674182	-2.7966115	-0.70289165
727553585	ACC	9.640682	-2.777469	-0.74596244
727553594	ACC	9.602397	-2.748755	-0.76510507
727553604	ACC	9.559326	-2.720041	-0.779462
727553613	ACC	9.559326	-2.7056842	-0.8703892
727553623	ACC	9.473185	-2.6482565	-0.8560323
727553632	ACC	9.406186	-2.6195426	-0.80817586
727553642	ACC	9.329616	-2.6004	-0.7938189
727553651	ACC	9.286545	-2.614757	-0.7316055
727553661	ACC	9.296116	-2.6243281	-0.6789634
727553670	ACC	9.334401	-2.6386852	-0.6119644
727553680	ACC	9.420543	-2.6434708	-0.5593223
727553689	ACC	9.51147	-2.6865416	-0.56410795
727553699	ACC	9.5353985	-2.6626134	-0.5880362
727553708	ACC	9.573684	-2.6243281	-0.60717875
727553718	ACC	9.626326	-2.5908287	-0.6789634
727553727	ACC	9.669396	-2.562115	-0.7507481
727553737	ACC	9.707682	-2.5477579	-0.76989067
727553746	ACC	9.798609	-2.562115	-0.76989067
727553756	ACC	9.889536	-2.6051857	-0.74117684
727553765	ACC	9.942178	-2.6195426	-0.65024954
727553775	ACC	9.9756775	-2.6004	-0.59760743
727553784	ACC	10.028319	-2.614757	-0.5401797
727553794	ACC	10.042677	-2.6195426	-0.4779663
727553803	ACC	10.061819	-2.6051857	-0.4444668
727553813	ACC	10.047462	-2.571686	-0.40618163
727553822	ACC	10.028319	-2.5908287	-0.3822534
727553832	ACC	10.028319	-2.6099713	-0.33918262
727553841	ACC	10.047462	-2.6243281	-0.25782663
727553851	ACC	10.047462	-2.6769702	-0.20518455
727553860	ACC	10.07139	-2.7152555	-0.16689938
727553870	ACC	10.047462	-2.7152555	-0.12861422
727553879	ACC	10.013963	-2.7296124	-0.07597212
727553889	ACC	9.990034	-2.7248268	-0.09032906
727553898	ACC	9.966106	-2.720041	-0.10468599
727553908	ACC	9.946963	-2.7678976	-0.16211374
727553917	ACC	9.894321	-2.830111	-0.25782663
727553927	ACC	9.8321085	-2.8636105	-0.31046873
727553936	ACC	9.784252	-2.9114668	-0.32482567
727553946	ACC	9.717253	-2.949752	-0.3152544
727553955	ACC	9.707682	-2.9593234	-0.26261228
727553965	ACC	9.722038	-2.9401808	-0.20997019
727553974	ACC	9.741181	-2.9210382	-0.16211374
727553984	ACC	9.765109	-2.8875387	-0.123828575
727553993	ACC	9.793823	-2.8348966	-0.08554341
727554003	ACC	9.755538	-2.7870402	-0.061615184
727554012	ACC	9.722038	-2.7918258	-0.0424726
727554022	ACC	9.678967	-2.777469	-0.0041874396
727554031	ACC	9.6071825	-2.801397	0.048454657
727554041	ACC	9.6071825	-2.8061829	0.13459627
727554050	ACC	9.664611	-2.8731818	0.23030917
727554060	ACC	9.798609	-2.9066813	0.33559337
727554069	ACC	9.899107	-2.964109	0.36430725
727554079	ACC	10.018748	-2.9401808	0.33080772
727554088	ACC	10.057034	-2.8731818	0.31166515
727554098	ACC	10.037891	-2.815754	0.21595225
727554107	ACC	9.966106	-2.7248268	0.06759724
727554117	ACC	9.870394	-2.6051857	-0.032901313
727554126	ACC	9.812965	-2.5477579	-0.047258247
727554136	ACC	9.879965	-2.5860431	-0.01375873
727554145	ACC	10.07139	-2.7152555	0.053240303
727554155	ACC	10.238888	-2.7822545	0.08673982
727554164	ACC	10.315458	-2.7631118	0.1058824
727554174	ACC	10.329815	-2.7008986	0.07716853
727554183	ACC	10.329815	-2.629114	-0.0424726
727554193	ACC	10.353744	-2.562115	-0.19561325
727554202	ACC	10.363315	-2.4568307	-0.3487539
727554212	ACC	10.392029	-2.3754747	-0.42053857
727554221	ACC	10.4016	-2.318047	-0.48275197
727554231	ACC	10.406385	-2.274976	-0.48753762
727554240	ACC	10.425529	-2.2701905	-0.4779663
727554250	ACC	10.459028	-2.289333	-0.45403808
727554259	ACC	10.406385	-2.2271197	-0.41575295
727554269	ACC	10.339387	-2.1601207	-0.36789647
727554278	ACC	10.3441725	-2.1074786	-0.3822534
727554288	ACC	10.449456	-2.0644078	-0.38703907
727554297	ACC	10.554741	-1.939981	-0.3822534
727554307	ACC	10.655239	-1.8107685	-0.39182472
727554316	ACC	10.722239	-1.7102699	-0.47318068
727554326	ACC	10.760524	-1.6336997	-0.5306084
727554335	ACC	10.7844515	-1.5762719	-0.55453664
727554345	ACC	10.760524	-1.5188441	-0.50189453
727554354	ACC	10.655239	-1.4518452	-0.40618163
727554364	ACC	10.578669	-1.4566308	-0.35832518
727554373	ACC	10.521241	-1.3992031	-0.27218357
727554383	ACC	10.411171	-1.2939188	-0.253041
727554392	ACC	10.454242	-1.2125629	-0.33439696
727554402	ACC	10.6408825	-1.1694921	-0.38703907
727554411	ACC	10.722239	-1.0546366	-0.29132617
727554421	ACC	10.679168	-0.9062816	-0.21475583
727554430	ACC	10.741381	-0.8105687	-0.109471634
727554440	ACC	10.741381	-0.76749784	-0.0041874396
727554449	ACC	10.928021	-0.62871414	0.14416756
727554459	ACC	11.143375	-0.5521438	0.27816564
727554468	ACC	11.411371	-0.4325027	0.34037903
727554478	ACC	11.339586	-0.293719	0.37387854
727554487	ACC	11.119447	-0.1692922	0.3930211
727554497	ACC	10.832308	-0.13100705	0.3595216
727554506	ACC	10.516456	-0.025722843	0.3786642
727554516	ACC	10.267602	0.07477571	0.56530434
727554525	ACC	10.219746	0.14177474	0.79501534
727554535	ACC	10.420743	0.232702	1.0295119
727554544	ACC	10.444671	0.32841492	1.3022938
727554554	ACC	10.487741	0.4001996	1.3214363
727554563	ACC	10.387243	0.6442675	1.378864
727554573	ACC	10.54517	0.7639086	1.311865
727554582	ACC	10.597812	0.83090764	1.2257234
727554592	ACC	10.363315	0.85483587	1.5607185
727554601	ACC	10.07139	1.0654043	1.6803597
727554611	ACC	9.836894	1.2137593	1.6181463
727554620	ACC	9.65504	1.1802598	1.7760726
727554630	ACC	9.281759	1.1563315	2.0919251
727554639	ACC	8.865408	1.2759727	2.3790638
727554649	ACC	8.539984	1.3238292	2.6231318
727554658	ACC	8.228917	1.4961123	2.8480573
727554668	ACC	8.248059	1.7641085	3.106482
727554677	ACC	8.219346	1.7736797	2.9533412
727554687	ACC	8.133204	1.7593229	2.6566312
727554696	ACC	8.085348	1.7545372	2.7667012
727554706	ACC	7.7312098	1.931606	3.3553355
727554715	ACC	6.9894347	2.1708884	3.8386858
727554725	ACC	7.223932	1.96032	4.1353955
727554734	ACC	7.1569324	1.8406788	4.4464626
727554744	ACC	6.649654	2.2235305	4.666602
727554753	ACC	6.3864436	2.4149563	4.752744
727554763	ACC	5.879165	2.4101706	4.6283174
727554772	ACC	5.845666	2.391028	4.953741
727554782	ACC	5.9653068	2.1421745	5.4705906
727554791	ACC	5.6781683	2.1852453	5.61416
727554801	ACC	5.515456	2.2761726	5.145167
727554810	ACC	5.3096733	2.4340987	5.408377
727554820	ACC	5.410172	2.3048863	5.886942
727554829	ACC	5.1900325	2.2235305	5.681159
727554839	ACC	4.65404	2.4149563	5.3700924
727554848	ACC	4.4147577	2.4963121	5.499305
727554858	ACC	4.180261	2.4149563	5.6763735
727554867	ACC	4.1850467	2.4005992	6.049654
727554877	ACC	4.2185464	2.391028	6.341578
727554886	ACC	4.0510488	2.44367	6.3367925
727554896	ACC	3.993621	2.5106692	6.1070814
727554905	ACC	3.888337	2.5345974	5.9491553
727554915	ACC	3.830909	2.539383	6.1788664
727554924	ACC	3.8500516	2.4197419	6.470791
727554934	ACC	3.6586258	2.4915266	6.681359
727554943	ACC	3.7304106	2.5106692	6.9062843
727554953	ACC	3.7878382	2.501098	7.0402822
727554962	ACC	3.845266	2.5728827	6.9589267
727554972	ACC	3.7830527	2.6638098	6.858428
727554981	ACC	3.6634114	2.7643085	6.882356
727554991	ACC	3.495914	2.8265216	6.8345
727555000	ACC	3.2997024	2.888735	6.815357
727555010	ACC	3.3140593	2.9413772	6.9541407
727555019	ACC	3.4337006	2.9653056	7.1886373
727555029	ACC	3.438486	2.9557343	7.4039917
727555038	ACC	3.5581272	2.9030921	7.772486
727555048	ACC	3.7591243	2.7834508	8.461619
727555057	ACC	3.7830527	2.7643085	9.031111
727555067	ACC	3.7543387	2.8695927	9.366106
727555076	ACC	4.587041	3.0418758	9.47139
727555086	ACC	4.989035	3.2189445	8.949755
727555095	ACC	4.922036	3.4103706	8.758329
727555105	ACC	5.1086764	3.3816566	8.715259
727555114	ACC	5.3240304	3.3768709	8.576474
727555124	ACC	5.0943193	3.4151561	8.609974
727555133	ACC	4.7784667	3.3242288	8.65783
727555143	ACC	4.304688	3.132803	8.858828
727555152	ACC	3.6777685	2.9509485	9.232108
727555162	ACC	3.103491	2.8073792	9.591031
727555171	ACC	2.7637103	2.687738	9.835099
727555181	ACC	2.644069	2.6015964	9.916455
727555190	ACC	2.5627131	2.5298119	9.940384
727555200	ACC	2.524428	2.4867408	9.84467
727555209	ACC	2.3808584	2.5345974	9.705887
727555219	ACC	2.2468605	2.5585256	9.543175
727555228	ACC	2.2037897	2.5585256	9.375677
727555238	ACC	2.3569303	2.5968108	9.236894
727555247	ACC	2.644069	2.7738798	8.935398
727555257	ACC	3.0077782	2.8456643	8.495118
727555266	ACC	3.2422748	2.9126635	8.09791
727555276	ACC	3.35713	3.0227332	7.9591265
727555285	ACC	3.3236306	3.0753753	7.9304123
727555295	ACC	3.2709885	3.0323045	8.073982
727555304	ACC	3.2279177	2.9413772	8.385049
727555314	ACC	3.1465619	2.8935208	8.729615
727555323	ACC	3.1369905	2.864807	9.016754
727555333	ACC	3.1465619	2.8456643	9.131609
727555342	ACC	3.1752756	2.9078777	8.983254
727555352	ACC	3.2279177	2.917449	8.710473
727555361	ACC	3.2853456	2.888735	8.495118
727555371	ACC	3.2997024	2.8552356	8.47119
727555380	ACC	3.2709885	2.8456643	8.528618
727555390	ACC	3.3044882	2.864807	8.595617
727555399	ACC	3.3714871	2.8408787	8.653045
727555409	ACC	3.414558	2.8600214	8.710473
727555418	ACC	3.4097722	2.8456643	8.672188
727555428	ACC	3.318845	2.8121648	8.643474
727555437	ACC	3.1513474	2.7499514	8.672188
727555447	ACC	2.9120653	2.74038	8.69133
727555456	ACC	2.8163524	2.716452	8.739186
727555466	ACC	2.8833513	2.7068806	9.088538
727555475	ACC	3.0795627	2.9796624	9.25125
727555485	ACC	3.65384	2.5489542	8.475976
727555494	ACC	3.6011982	2.8456643	7.906484
727555504	ACC	3.4863427	3.1902308	7.98784
727555513	ACC	3.6059837	2.9748766	8.102695
727555523	ACC	3.5437703	2.8456643	8.389834
727555532	ACC	3.385844	2.9748766	8.830113
727555542	ACC	3.3619158	2.8983064	9.122038
