727663236	ACC	2.4861426	1.9794625	9.509675
727663255	ACC	2.6105695	2.0225334	9.399606
727663274	ACC	2.725425	2.1421745	9.208179
727663293	ACC	2.7732813	2.2139592	9.169894
727663312	ACC	2.6871397	2.175674	9.265608
727663331	ACC	2.5914268	2.079961	9.2895355
727663350	ACC	2.629712	2.056033	9.385248
727663369	ACC	2.754139	2.0416758	9.399606
727663388	ACC	2.8689942	2.1182463	9.184252
727663407	ACC	2.87378	2.161317	9.026325
727663426	ACC	2.8115666	2.1326032	9.050254
727663445	ACC	2.7493532	2.079961	9.093325
727663464	ACC	2.6871397	2.0368903	9.126823
727663483	ACC	2.8259234	2.108675	9.069396
727663502	ACC	2.9455647	2.1804597	8.959326
727663521	ACC	2.806781	2.1804597	8.9210415
727663540	ACC	2.6488547	2.137389	8.98804
727663559	ACC	2.6392834	2.0847468	9.040682
727663578	ACC	2.6105695	2.094318	9.026325
727663597	ACC	2.6249263	2.1230319	9.035896
727663616	ACC	2.7684958	2.1134605	9.739387
727663635	ACC	2.7110682	1.8311075	8.643474
727663766	ACC	3.0460632	2.0608184	8.944969
727663776	ACC	3.1657043	1.8933209	8.423334
727663785	ACC	3.2709885	1.8454645	8.150552
727663795	ACC	3.4097722	1.8263218	7.906484
727663804	ACC	3.5581272	1.8358932	7.494919
727663814	ACC	3.6921253	1.8215362	7.1742806
727663823	ACC	3.7591243	1.7736797	6.8727846
727663833	ACC	3.7830527	1.8502501	6.8727846
727663842	ACC	3.6634114	1.8311075	6.652645
727663852	ACC	3.5533416	1.811965	6.341578
727663861	ACC	3.6203406	1.9555343	6.126224
727663871	ACC	3.8117664	2.0321047	5.977869
727663880	ACC	4.065406	2.1038892	5.8247285
727663890	ACC	4.5008993	2.2235305	5.7816577
727663899	ACC	4.9698925	2.324029	5.709873
727663909	ACC	5.3718867	2.405385	5.5663037
727663918	ACC	5.5537415	2.4867408	5.413163
727663928	ACC	5.6590257	2.5202405	5.212166
727663937	ACC	5.802595	2.6303103	4.7862434
727663947	ACC	6.1040907	2.9365916	4.42732
727663956	ACC	6.4821568	3.429513	3.886542
727663966	ACC	7.204789	3.6544385	3.202195
727663975	ACC	7.2765737	4.008576	2.484348
727663985	ACC	7.6163545	4.319643	2.0727825
727663994	ACC	7.7120676	4.4488554	1.6468602
727664003	ACC	7.5637126	4.616353	1.5463617
727664013	ACC	7.798209	4.6115675	1.689931
727664022	ACC	7.8891363	4.6450667	1.9627128
727664032	ACC	8.396415	4.673781	2.3599212
727664041	ACC	8.707481	4.6642094	2.6470602
727664051	ACC	9.071191	4.6546383	2.8049862
727664060	ACC	9.209974	4.3579283	2.5704896
727664070	ACC	9.090333	4.458427	2.2594228
727664079	ACC	9.300901	5.104489	2.6374888
727664089	ACC	9.444471	5.319843	2.5178475
727664098	ACC	9.894321	5.1140604	2.8002007
727664108	ACC	10.224531	5.1762733	2.9198418
727664117	ACC	10.329815	5.3772707	2.6853452
727664127	ACC	10.353744	5.3676996	2.417349
727664136	ACC	10.301102	5.3533425	2.0057836
727664146	ACC	10.186246	5.4634123	1.8813568
727664155	ACC	11.286944	5.2145586	2.3982065
727664165	ACC	8.520842	5.7026944	0.9816555
727664174	ACC	9.769895	5.640481	0.80937225
727664184	ACC	10.281959	5.209773	1.326222
727664193	ACC	9.894321	5.0183473	1.4458631
727664203	ACC	9.683753	5.03749	1.0869397
727664212	ACC	9.458828	4.9226346	1.0773684
727664222	ACC	9.51147	4.7599225	1.0917253
727664231	ACC	9.755538	4.6546383	0.8955139
727664241	ACC	10.028319	4.4632125	0.62751776
727664250	ACC	10.176675	4.2335014	0.40737805
727664260	ACC	10.358529	4.03729	0.26859435
727664269	ACC	10.171889	3.8985064	0.10109676
727664279	ACC	9.980463	3.7692938	0.03888337
727664288	ACC	9.698111	3.63051	0.005383851
727664298	ACC	9.449257	3.3768709	0.024526432
727664307	ACC	9.1669035	3.1567314	0.04366901
727664317	ACC	8.922835	2.9509485	0.11545369
727664326	ACC	8.659625	2.7547371	0.28295127
727664336	ACC	8.487342	2.5345974	0.4648058
727664345	ACC	8.3581295	2.309672	0.6897311
727664355	ACC	8.090134	2.1230319	0.8428718
727664364	ACC	7.9369926	1.8598214	0.96729857
727664374	ACC	7.8221374	1.5774683	0.98644114
727664383	ACC	7.745567	1.2999009	1.0582259
727664393	ACC	7.5493555	1.0893325	1.0103694
727664402	ACC	7.501499	0.8739785	0.9194421
727664412	ACC	7.463214	0.7112665	0.7375876
727664421	ACC	7.3579297	0.60598236	0.5461618
727664431	ACC	7.21436	0.45762733	0.26859435
727664440	ACC	7.0803623	0.40498522	-0.032901313
727664450	ACC	7.070791	0.29012975	-0.20518455
727664459	ACC	7.1808605	0.14656039	-0.33918262
727664469	ACC	7.501499	-0.0017946169	-0.38703907
727664478	ACC	7.769495	-0.116650105	-0.28175488
727664488	ACC	8.02792	-0.19800608	-0.19082761
727664497	ACC	8.157132	-0.2745764	-0.066400826
727664507	ACC	8.157132	-0.3702893	-0.119042926
727664516	ACC	8.181061	-0.48035914	-0.27696922
727664526	ACC	8.319844	-0.63828546	-0.39661035
727664535	ACC	8.487342	-0.7962117	-0.4779663
727664545	ACC	8.578269	-0.88235337	-0.5353941
727664554	ACC	8.568698	-0.95413804	-0.5066802
727664564	ACC	8.563912	-1.0450653	-0.52582276
727664573	ACC	8.539984	-1.1120644	-0.55453664
727664583	ACC	8.482556	-1.1886346	-0.5210371
727664592	ACC	8.583055	-1.2939188	-0.43489552
727664602	ACC	8.779266	-1.4039887	-0.3822534
727664611	ACC	8.88455	-1.4997016	-0.32961133
727664621	ACC	8.898908	-1.5954145	-0.32482567
727664630	ACC	8.841479	-1.6911274	-0.39661035
727664640	ACC	8.817552	-1.8346968	-0.52582276
727664649	ACC	9.037691	-1.9974087	-0.56410795
727664659	ACC	9.377472	-2.184049	-0.57846487
727664668	ACC	9.683753	-2.3132613	-0.5306084
727664678	ACC	9.899107	-2.3946173	-0.59282184
727664687	ACC	9.961321	-2.480759	-0.6693921
727664697	ACC	9.908679	-2.5525436	-0.6646065
727664706	ACC	10.018748	-2.7008986	-0.76510507
727664716	ACC	10.353744	-2.8109684	-0.8560323
727664725	ACC	10.9375925	-2.868396	-0.75553375
727664735	ACC	11.129018	-2.8492537	-0.71246296
727664744	ACC	11.282159	-2.8109684	-0.71246296
727664754	ACC	11.32523	-2.7726831	-0.8177471
727664763	ACC	11.483156	-2.8253253	-0.99003035
727664773	ACC	11.58844	-2.9210382	-1.2149557
727664782	ACC	11.913864	-3.045465	-1.2963116
727664792	ACC	12.306287	-3.0885358	-1.2580265
727664801	ACC	12.684353	-3.0885358	-1.1910275
727664811	ACC	12.880565	-3.0263224	-1.1862419
727664820	ACC	13.048062	-2.949752	-1.1623136
727664830	ACC	13.210773	-2.8779674	-1.1814562
727664839	ACC	13.440485	-2.8492537	-1.2484552
727664849	ACC	13.694124	-2.8253253	-1.358525
727664858	ACC	13.703695	-2.7678976	-1.588236
727664868	ACC	13.47877	-2.681756	-1.8945173
727664877	ACC	13.210773	-2.7439694	-2.114657
727664887	ACC	12.784851	-2.8779674	-2.1385853
727664896	ACC	12.234502	-2.9162526	-2.0045872
727664906	ACC	11.617154	-3.00718	-1.7796619
727664915	ACC	11.109876	-3.0885358	-1.4781662
727664925	ACC	10.77488	-3.1459637	-1.1383854
727664934	ACC	10.602597	-3.1603205	-0.93738824
727664944	ACC	10.473385	-3.1794631	-0.8895318
727664953	ACC	10.334601	-3.1842487	-0.95653087
727664963	ACC	10.205389	-3.19382	-1.090529
727664972	ACC	10.10489	-3.19382	-1.1575279
727664982	ACC	9.9756775	-3.1316066	-1.1144571
727664991	ACC	9.84168	-3.0550363	-1.0331012
727665001	ACC	9.717253	-2.978466	-1.1001002
727665010	ACC	9.597611	-2.964109	-1.1479566
727665020	ACC	9.54497	-2.9688947	-1.1383854
727665029	ACC	9.454042	-2.9353952	-1.1670992
727665039	ACC	9.501899	-2.8636105	-1.1288141
727665048	ACC	9.573684	-2.8348966	-1.0666007
727665058	ACC	9.707682	-2.7822545	-1.061815
727665067	ACC	9.765109	-2.7152555	-1.1527423
727665077	ACC	9.779466	-2.7296124	-1.2293127
727665086	ACC	9.765109	-2.7631118	-1.2340983
727665096	ACC	9.736395	-2.7726831	-1.2723835
727665105	ACC	9.702896	-2.7822545	-1.2675978
727665115	ACC	9.635897	-2.777469	-1.2340983
727665124	ACC	9.674182	-2.8875387	-1.1862419
727665134	ACC	9.58804	-2.9976087	-1.1575279
727665143	ACC	9.492328	-3.0263224	-0.97567344
727665153	ACC	9.516255	-3.0311081	-0.71724856
727665162	ACC	9.717253	-3.0550363	-0.5736792
727665172	ACC	9.870394	-3.0646076	-0.45403808
727665181	ACC	9.999606	-3.0502508	-0.401396
727665191	ACC	10.109675	-3.1507492	-0.45403808
727665200	ACC	10.076176	-3.2799616	-0.48275197
727665210	ACC	10.023534	-3.3469608	-0.48753762
727665219	ACC	9.95175	-3.4474592	-0.5162515
727665229	ACC	9.765109	-3.49053	-0.5736792
727665238	ACC	9.525827	-3.49053	-0.65982085
727665248	ACC	9.343972	-3.4761732	-0.7076773
727665257	ACC	9.315259	-3.4857445	-0.7746763
727665267	ACC	9.286545	-3.4713874	-0.7890333
727665276	ACC	9.243474	-3.4426737	-0.70289165
727665286	ACC	9.176475	-3.4139597	-0.71246296
727665295	ACC	9.071191	-3.4331024	-0.62153566
727665305	ACC	9.099904	-3.4283166	-0.4971089
727665314	ACC	9.24826	-3.4713874	-0.36311084
727665324	ACC	9.492328	-3.5336008	-0.30089745
727665333	ACC	9.698111	-3.4666018	-0.19082761
727665343	ACC	9.927821	-3.3661032	-0.15254244
727665352	ACC	10.210175	-3.3469608	-0.31046873
727665362	ACC	10.425529	-3.2416766	-0.40618163
727665371	ACC	10.616954	-3.2273195	-0.39661035
727665381	ACC	11.018949	-3.260819	-0.5832505
727665390	ACC	11.2343025	-3.275176	-0.6406783
727665400	ACC	11.373086	-3.2991042	-0.71246296
727665409	ACC	11.454442	-3.3469608	-0.76510507
727665419	ACC	11.507084	-3.3469608	-0.846461
727665428	ACC	11.55494	-3.423531	-0.9708878
727665438	ACC	11.598011	-3.5383866	-0.9708878
727665447	ACC	11.617154	-3.6197424	-0.91346
727665457	ACC	11.741581	-3.6628132	-0.8560323
727665466	ACC	11.990435	-3.7537405	-0.7603194
727665476	ACC	12.239287	-3.7441692	-0.7746763
727665485	ACC	12.4833555	-3.705884	-0.84167534
727665495	ACC	12.626925	-3.6771703	-1.0091729
727665504	ACC	12.626925	-3.6340995	-1.1958131
727665514	ACC	12.488141	-3.6005998	-1.4303098
727665523	ACC	12.253645	-3.557529	-1.6265212
727665533	ACC	11.990435	-3.5766716	-1.736591
727665542	ACC	11.73201	-3.6484563	-1.7126628
727665552	ACC	11.440085	-3.7250266	-1.6169499
727665561	ACC	11.076376	-3.7489548	-1.5164514
727665571	ACC	10.794023	-3.7393837	-1.3920245
727665580	ACC	10.593026	-3.7250266	-1.2580265
727665590	ACC	10.454242	-3.720241	-1.1288141
727665599	ACC	10.353744	-3.6963127	-1.0522437
727665609	ACC	10.176675	-3.5814574	-1.061815
727665618	ACC	9.961321	-3.3900316	-1.1240284
727665628	ACC	9.750752	-3.1459637	-1.2628121
727665637	ACC	9.597611	-2.9736803	-1.5978073
727665647	ACC	9.516255	-2.8731818	-1.8945173
727665656	ACC	9.387043	-2.777469	-2.1050856
727665666	ACC	9.262616	-2.7391837	-2.2007985
727665675	ACC	9.119047	-2.7248268	-2.0811574
727665685	ACC	8.965906	-2.667399	-1.8131614
727665694	ACC	8.707481	-2.614757	-1.4446666
727665704	ACC	8.405986	-2.504687	-1.061815
727665713	ACC	8.2049885	-2.41376	-0.7746763
727665723	ACC	7.9944205	-2.3467607	-0.52582276
727665732	ACC	7.884351	-2.236691	-0.28175488
727665742	ACC	7.8556366	-2.1074786	-0.08075777
727665751	ACC	7.793423	-1.9734805	0.034097724
727665761	ACC	7.7503524	-1.8729819	0.05802595
727665770	ACC	7.7216387	-1.7581264	-0.008973085
727665780	ACC	7.6977105	-1.6671991	-0.13339986
727665789	ACC	7.688139	-1.5714862	-0.2434697
727665799	ACC	7.6977105	-1.466202	-0.41575295
727665808	ACC	7.688139	-1.3704891	-0.549751
727665818	ACC	7.692925	-1.2795619	-0.65024954
727665827	ACC	7.7216387	-1.1407782	-0.7316055
727665837	ACC	7.7790666	-1.0450653	-0.76510507
727665846	ACC	7.9034934	-0.97806627	-0.78424764
727665856	ACC	8.023134	-0.90149593	-0.80817586
727665865	ACC	8.114061	-0.87278205	-0.76989067
727665875	ACC	8.17149	-0.8488538	-0.74596244
727665884	ACC	8.228917	-0.82971126	-0.7507481
727665894	ACC	8.248059	-0.8105687	-0.76989067
727665903	ACC	8.238488	-0.7722835	-0.8033902
727665913	ACC	8.128419	-0.72442704	-0.84167534
727665922	ACC	8.013563	-0.69571316	-0.87996054
727665932	ACC	7.9657063	-0.68135625	-0.92303133
727665941	ACC	7.946564	-0.67178494	-0.8895318
727665951	ACC	7.9034934	-0.65264237	-0.8321041
727665960	ACC	7.836494	-0.6334998	-0.7268199
727665970	ACC	7.798209	-0.65264237	-0.6646065
727665979	ACC	7.7790666	-0.62871414	-0.60717875
727665989	ACC	7.7647095	-0.6334998	-0.5688936
727665998	ACC	7.8029947	-0.657428	-0.51146585
727666008	ACC	7.8891363	-0.657428	-0.50189453
727666017	ACC	7.91785	-0.6430711	-0.52582276
727666027	ACC	7.932207	-0.63828546	-0.59760743
727666036	ACC	7.9513497	-0.6430711	-0.70289165
727666046	ACC	7.999206	-0.6765706	-0.7746763
727666055	ACC	8.075776	-0.69092757	-0.8560323
727666065	ACC	8.157132	-0.72442704	-0.927817
727666074	ACC	8.233703	-0.7004988	-0.95653087
727666084	ACC	8.362915	-0.738784	-1.0043873
727666093	ACC	8.5016985	-0.76271224	-1.0953146
727666103	ACC	8.583055	-0.7435696	-1.1048858
727666112	ACC	8.721839	-0.7579266	-1.1335998
727666122	ACC	8.836694	-0.8009974	-1.2340983
727666131	ACC	8.903693	-0.8249256	-1.3154542
727666141	ACC	8.975478	-0.887139	-1.4446666
727666150	ACC	8.95155	-0.9924232	-1.535594
727666160	ACC	8.879765	-1.0977074	-1.6313069
727666169	ACC	8.788837	-1.1742777	-1.669592
727666179	ACC	8.76491	-1.2747762	-1.6935202
727666188	ACC	8.7984085	-1.3800604	-1.6887345
727666198	ACC	8.865408	-1.4757733	-1.669592
727666207	ACC	8.999406	-1.5140585	-1.5738791
727666217	ACC	9.099904	-1.5284154	-1.4446666
727666226	ACC	9.233903	-1.561915	-1.358525
727666236	ACC	9.458828	-1.6384853	-1.3345969
727666245	ACC	9.6071825	-1.7485552	-1.3489537
727666255	ACC	9.741181	-1.8394824	-1.3824533
727666264	ACC	9.784252	-1.9639091	-1.3920245
727666274	ACC	9.827323	-2.0644078	-1.3776677
727666283	ACC	9.88475	-2.169692	-1.4015958
727666293	ACC	9.865608	-2.30369	-1.4350954
727666302	ACC	9.827323	-2.3802602	-1.4829519
727666312	ACC	9.860822	-2.452045	-1.4973087
727666321	ACC	9.994821	-2.533401	-1.5595222
727666331	ACC	10.114461	-2.6338995	-1.5834504
727666340	ACC	10.253245	-2.720041	-1.5738791
727666350	ACC	10.4159565	-2.7966115	-1.5786648
727666359	ACC	10.540383	-2.8444679	-1.6073786
727666369	ACC	10.578669	-2.9449666	-1.683949
727666378	ACC	10.4351	-2.9688947	-1.7557336
727666388	ACC	10.21496	-2.9736803	-1.7988044
727666397	ACC	10.07139	-3.0215368	-1.8466609
727666407	ACC	9.990034	-3.1172497	-1.9040886
727666416	ACC	9.927821	-3.19382	-1.9328024
727666426	ACC	9.923036	-3.2847474	-1.8753748
727666435	ACC	9.985249	-3.3278182	-1.7844474
727666445	ACC	10.07139	-3.3661032	-1.7078772
727666454	ACC	10.238888	-3.4139597	-1.5930216
727666464	ACC	10.439885	-3.4474592	-1.4829519
727666473	ACC	10.54517	-3.4522448	-1.3633107
727666483	ACC	10.564312	-3.423531	-1.3106686
727666492	ACC	10.626525	-3.437888	-1.224527
727666502	ACC	10.607383	-3.4043884	-1.2005987
727666511	ACC	10.616954	-3.342175	-1.238884
727666521	ACC	10.583454	-3.289533	-1.3345969
727666530	ACC	10.549955	-3.2129626	-1.4685949
727666540	ACC	10.521241	-3.1316066	-1.5643078
727666549	ACC	10.621739	-3.0550363	-1.6169499
727666559	ACC	10.750952	-3.0406795	-1.6360924
727666568	ACC	10.803595	-2.9976087	-1.6073786
727666578	ACC	10.813166	-2.949752	-1.5260227
727666587	ACC	10.77488	-2.9162526	-1.4063815
727666597	ACC	10.760524	-2.925824	-1.3058829
727666606	ACC	10.7126665	-2.9449666	-1.1623136
727666616	ACC	10.674382	-2.9210382	-1.0283155
727666625	ACC	10.593026	-2.8923244	-0.91346
727666635	ACC	10.526027	-2.8540392	-0.8751749
727666644	ACC	10.47817	-2.8492537	-0.8847462
727666654	ACC	10.3681	-2.8636105	-0.9613165
727666663	ACC	10.243673	-2.8253253	-0.9517452
727666673	ACC	10.1288185	-2.8348966	-0.9661021
727666682	ACC	10.10489	-2.8396823	-0.927817
727666692	ACC	10.052248	-2.8492537	-0.84167534
727666701	ACC	10.009177	-2.858825	-0.71246296
727666711	ACC	9.937392	-2.8779674	-0.71724856
727666720	ACC	9.894321	-2.89711	-0.76989067
727666730	ACC	9.793823	-2.9545379	-0.84167534
727666739	ACC	9.712467	-2.964109	-0.87996054
727666749	ACC	9.650253	-2.9688947	-0.91346
727666758	ACC	9.664611	-2.9114668	-0.86560357
727666768	ACC	9.745967	-2.9066813	-0.83688974
727666777	ACC	9.784252	-2.8827531	-0.8560323
727666787	ACC	9.827323	-2.8923244	-0.90388876
727666796	ACC	9.803394	-2.9210382	-0.93260264
727666806	ACC	9.736395	-2.949752	-0.9517452
727666815	ACC	9.645468	-2.9976087	-0.98524475
727666825	ACC	9.559326	-3.0789645	-0.994816
727666834	ACC	9.530613	-3.1459637	-0.98524475
727666844	ACC	9.521041	-3.1890345	-0.9182457
727666853	ACC	9.549755	-3.2368908	-0.82731843
727666863	ACC	9.640682	-3.2560334	-0.7938189
727666872	ACC	9.741181	-3.2847474	-0.80817586
727666882	ACC	9.803394	-3.2799616	-0.8129615
727666891	ACC	9.875179	-3.2560334	-0.8033902
727666901	ACC	9.913465	-3.2656047	-0.8177471
727666910	ACC	9.9038925	-3.2560334	-0.79860455
727666920	ACC	9.956535	-3.2991042	-0.7603194
727666929	ACC	9.994821	-3.3613176	-0.7363912
727666939	ACC	9.946963	-3.3613176	-0.7363912
727666948	ACC	9.894321	-3.3804603	-0.7268199
727666958	ACC	9.865608	-3.3804603	-0.7076773
727666967	ACC	9.88475	-3.4331024	-0.698106
727666977	ACC	10.023534	-3.5001013	-0.65024954
727666986	ACC	10.176675	-3.5240295	-0.6406783
727666996	ACC	10.334601	-3.557529	-0.62153566
727667005	ACC	10.473385	-3.610171	-0.6358926
727667015	ACC	10.554741	-3.5958142	-0.7316055
727667024	ACC	10.583454	-3.5958142	-0.8751749
727667034	ACC	10.473385	-3.586243	-1.0713863
727667043	ACC	10.243673	-3.5814574	-1.238884
727667053	ACC	9.9756775	-3.5671003	-1.3776677
727667062	ACC	9.827323	-3.5814574	-1.4159528
727667072	ACC	9.784252	-3.6580276	-1.3202399
727667081	ACC	9.894321	-3.7250266	-1.1335998
727667091	ACC	10.076176	-3.7298124	-0.9708878
727667100	ACC	10.310673	-3.6867416	-0.9182457
727667110	ACC	10.51167	-3.6771703	-0.94695956
727667119	ACC	10.645668	-3.6628132	-1.0857433
727667129	ACC	10.626525	-3.6053855	-1.2867404
727667138	ACC	10.540383	-3.5479577	-1.5164514
727667148	ACC	10.353744	-3.5048869	-1.6456637
727667157	ACC	10.1288185	-3.437888	-1.6217356
727667167	ACC	10.033105	-3.4139597	-1.5403795
727667176	ACC	10.200603	-3.4809587	-1.4159528
727667186	ACC	10.439885	-3.5479577	-1.2723835
727667195	ACC	10.5690975	-3.4953158	-1.1910275
727667205	ACC	10.660025	-3.4331024	-1.2293127
727667214	ACC	10.703095	-3.394817	-1.3106686
727667224	ACC	10.616954	-3.3182468	-1.4542379
727667233	ACC	10.468599	-3.2321053	-1.5690935
727667243	ACC	10.258031	-3.1555347	-1.6456637
727667252	ACC	10.085748	-3.1028929	-1.6791633
727667262	ACC	9.942178	-3.0646076	-1.6600207
727667271	ACC	9.846465	-3.0646076	-1.6504494
727667280	ACC	9.750752	-3.0646076	-1.6169499
727667290	ACC	9.578469	-3.0119655	-1.5930216
727667299	ACC	9.391829	-2.9545379	-1.5499508
727667309	ACC	9.224331	-2.8731818	-1.5451652
727667318	ACC	9.042477	-2.7966115	-1.5260227
727667328	ACC	8.903693	-2.720041	-1.4781662
727667337	ACC	8.793623	-2.6578279	-1.4685949
727667347	ACC	8.664411	-2.5477579	-1.4111671
727667356	ACC	8.453842	-2.5238297	-1.3010973
727667366	ACC	8.209774	-2.4903302	-1.1718849
727667375	ACC	7.989635	-2.480759	-0.99003035
727667385	ACC	7.8221374	-2.4999015	-0.76989067
727667394	ACC	7.6833534	-2.4568307	-0.59282184
727667404	ACC	7.5828547	-2.41376	-0.549751
727667413	ACC	7.578069	-2.3371894	-0.6119644
727667423	ACC	7.5828547	-2.2606192	-0.7363912
727667432	ACC	7.6067834	-2.1601207	-0.90388876
727667442	ACC	7.6307116	-2.0452652	-1.090529
727667451	ACC	7.6833534	-1.9304097	-1.3106686
727667461	ACC	7.716853	-1.8155541	-1.4542379
727667470	ACC	7.7647095	-1.7437695	-1.5738791
727667480	ACC	7.798209	-1.6767704	-1.6360924
727667489	ACC	7.8077803	-1.6624135	-1.6504494
727667499	ACC	7.8556366	-1.6241283	-1.5595222
727667508	ACC	7.8987074	-1.5906289	-1.4255241
727667518	ACC	7.946564	-1.6002002	-1.2771691
727667527	ACC	8.042277	-1.5858432	-1.2005987
727667537	ACC	8.080562	-1.5427724	-1.1527423
727667546	ACC	8.152347	-1.5284154	-1.1575279
727667556	ACC	8.224132	-1.5140585	-1.2149557
727667565	ACC	8.310273	-1.4997016	-1.3202399
727667575	ACC	8.362915	-1.480559	-1.4446666
727667584	ACC	8.4012	-1.4757733	-1.5116657
727667594	ACC	8.463413	-1.4901303	-1.521237
727667603	ACC	8.506484	-1.5092729	-1.5738791
727667613	ACC	8.516056	-1.5188441	-1.5930216
727667622	ACC	8.472985	-1.5092729	-1.6073786
727667632	ACC	8.425129	-1.5571294	-1.683949
727667641	ACC	8.449057	-1.6193427	-1.7653049
727667651	ACC	8.449057	-1.6767704	-1.817947
727667660	ACC	8.477771	-1.7389839	-1.8514465
727667670	ACC	8.568698	-1.791626	-1.8658035
727667679	ACC	8.702696	-1.8299111	-1.8418752
727667689	ACC	8.8701935	-1.8538394	-1.8083757
727667698	ACC	8.985049	-1.8969102	-1.7844474
727667708	ACC	9.02812	-1.8969102	-1.8275183
727667717	ACC	9.071191	-1.911267	-1.8897316
727667727	ACC	9.0951185	-1.9639091	-1.9519451
727667736	ACC	9.075976	-2.030908	-1.9854445
727667746	ACC	9.066405	-2.11705	-1.9998015
727667755	ACC	9.06162	-2.2462623	-1.9184456
727667765	ACC	9.0233345	-2.3228326	-1.7844474
727667774	ACC	8.956335	-2.3994029	-1.669592
727667784	ACC	8.879765	-2.4568307	-1.535594
727667793	ACC	8.827123	-2.504687	-1.4303098
727667803	ACC	8.8701935	-2.5669005	-1.3537394
727667812	ACC	8.95155	-2.6386852	-1.3250256
727667822	ACC	9.075976	-2.6961129	-1.3058829
727667831	ACC	9.200403	-2.7726831	-1.2867404
727667841	ACC	9.300901	-2.8109684	-1.2580265
727667850	ACC	9.401401	-2.8492537	-1.224527
727667860	ACC	9.454042	-2.9210382	-1.2293127
727667869	ACC	9.540184	-2.9976087	-1.2675978
727667879	ACC	9.616755	-3.0789645	-1.3010973
727667888	ACC	9.678967	-3.126821	-1.3345969
727667898	ACC	9.698111	-3.165106	-1.3537394
727667907	ACC	9.726824	-3.1746774	-1.3489537
727667917	ACC	9.750752	-3.2177482	-1.3345969
727667926	ACC	9.84168	-3.2560334	-1.3106686
727667936	ACC	9.927821	-3.2560334	-1.2819548
727667945	ACC	10.018748	-3.2703903	-1.1910275
727667955	ACC	10.066605	-3.2991042	-1.1670992
727667964	ACC	10.023534	-3.3278182	-1.2149557
727667974	ACC	9.937392	-3.3756745	-1.2532408
727667983	ACC	9.836894	-3.4426737	-1.2723835
727667993	ACC	9.817751	-3.5288153	-1.3010973
727668002	ACC	9.812965	-3.571886	-1.2915261
727668012	ACC	9.875179	-3.6053855	-1.224527
727668021	ACC	9.894321	-3.5527434	-1.1383854
727668031	ACC	9.851251	-3.519244	-1.1383854
727668040	ACC	9.88475	-3.5240295	-1.1910275
727668050	ACC	9.88475	-3.5623147	-1.2053844
727668059	ACC	9.836894	-3.5766716	-1.1862419
727668069	ACC	9.741181	-3.5766716	-1.1623136
727668078	ACC	9.741181	-3.586243	-1.1766706
727668088	ACC	9.745967	-3.586243	-1.1240284
727668097	ACC	9.741181	-3.586243	-1.061815
727668107	ACC	9.765109	-3.5240295	-1.1048858
727668116	ACC	9.798609	-3.5048869	-1.3106686
727668126	ACC	9.88475	-3.5001013	-1.5547365
727668135	ACC	9.95175	-3.4953158	-1.7653049
727668145	ACC	9.937392	-3.4331024	-1.9232312
727668154	ACC	9.879965	-3.409174	-2.0045872
727668164	ACC	9.822537	-3.409174	-2.0285153
727668173	ACC	9.80818	-3.4666018	-1.9902302
727668183	ACC	9.798609	-3.5096726	-1.8945173
727668192	ACC	9.793823	-3.5001013	-1.8131614
727668202	ACC	9.77468	-3.519244	-1.7557336
727668211	ACC	9.741181	-3.5814574	-1.7748762
727668221	ACC	9.698111	-3.6005998	-1.7318054
727668230	ACC	9.592826	-3.5958142	-1.6504494
727668240	ACC	9.5353985	-3.6005998	-1.6217356
727668249	ACC	9.506684	-3.6197424	-1.5738791
727668259	ACC	9.525827	-3.6628132	-1.5308083
727668268	ACC	9.51147	-3.6723845	-1.4638093
727668278	ACC	9.47797	-3.638885	-1.4207385
727668287	ACC	9.449257	-3.6293137	-1.372882
727668297	ACC	9.406186	-3.6005998	-1.3680964
727668306	ACC	9.334401	-3.5671003	-1.3345969
727668316	ACC	9.334401	-3.5958142	-1.3298112
727668325	ACC	9.276974	-3.6197424	-1.3393825
727668335	ACC	9.21476	-3.5958142	-1.3680964
727668344	ACC	9.233903	-3.6053855	-1.3393825
727668354	ACC	9.3104725	-3.610171	-1.2580265
727668363	ACC	9.439685	-3.5910287	-1.1910275
727668373	ACC	9.58804	-3.571886	-1.2149557
727668382	ACC	9.58804	-3.5766716	-1.2628121
727668392	ACC	9.549755	-3.5671003	-1.3010973
727668401	ACC	9.387043	-3.5814574	-1.4063815
727668411	ACC	9.272188	-3.6053855	-1.4159528
727668420	ACC	9.229117	-3.6293137	-1.3920245
727668430	ACC	9.209974	-3.5958142	-1.3633107
727668439	ACC	9.195618	-3.6005998	-1.3537394
727668449	ACC	9.229117	-3.6532419	-1.3441681
727668458	ACC	9.190832	-3.6771703	-1.3537394
727668468	ACC	9.138189	-3.6628132	-1.3968102
727668477	ACC	9.176475	-3.6915271	-1.439881
727668487	ACC	9.209974	-3.7441692	-1.5164514
727668496	ACC	9.21476	-3.7920256	-1.5930216
727668506	ACC	9.147761	-3.8494534	-1.5930216
727668515	ACC	9.090333	-3.854239	-1.5308083
727668525	ACC	9.142975	-3.868596	-1.4494523
727668534	ACC	9.21476	-3.9451663	-1.3776677
727668544	ACC	9.233903	-3.9212382	-1.2628121
727668553	ACC	9.267402	-3.854239	-1.0857433
727668563	ACC	9.329616	-3.815954	-1.0474582
727668572	ACC	9.329616	-3.8398821	-1.061815
727668582	ACC	9.238688	-3.8207395	-1.0474582
727668591	ACC	9.262616	-3.8590248	-1.0187442
727668601	ACC	9.32483	-3.8973098	-1.0713863
727668610	ACC	9.339187	-3.9260237	-1.1479566
727668620	ACC	9.3104725	-3.8925242	-1.1718849
727668629	ACC	9.267402	-3.8303108	-1.1958131
727668639	ACC	9.286545	-3.78724	-1.2197413
727668648	ACC	9.281759	-3.720241	-1.1814562
727668658	ACC	9.195618	-3.6149569	-1.090529
727668667	ACC	9.21476	-3.5431721	-0.927817
727668677	ACC	9.276974	-3.5431721	-0.7268199
727668686	ACC	9.410972	-3.6005998	-0.5306084
727668696	ACC	9.717253	-3.6867416	-0.35832518
727668705	ACC	10.042677	-3.7537405	-0.3152544
727668715	ACC	10.262816	-3.720241	-0.3822534
727668724	ACC	10.4159565	-3.6867416	-0.5353941
727668734	ACC	10.559526	-3.5958142	-0.75553375
727668743	ACC	10.660025	-3.5144582	-1.0426725
727668753	ACC	10.679168	-3.461816	-1.3154542
727668762	ACC	10.573883	-3.3900316	-1.5116657
727668772	ACC	10.4159565	-3.3373895	-1.6313069
727668781	ACC	10.262816	-3.3182468	-1.6456637
727668791	ACC	10.133604	-3.3469608	-1.5451652
727668800	ACC	10.052248	-3.370889	-1.3824533
727668810	ACC	10.10489	-3.4666018	-1.21017
727668819	ACC	10.277173	-3.5479577	-1.0474582
727668829	ACC	10.339387	-3.519244	-0.9613165
727668838	ACC	10.463814	-3.4283166	-0.92303133
727668848	ACC	10.583454	-3.4139597	-0.99960166
727668857	ACC	10.688739	-3.3661032	-1.1670992
727668867	ACC	10.722239	-3.3517463	-1.3680964
727668876	ACC	10.631311	-3.3373895	-1.4446666
727668886	ACC	10.377672	-3.2560334	-1.4925231
727668895	ACC	10.13839	-3.2273195	-1.535594
727668905	ACC	9.990034	-3.2273195	-1.4973087
727668914	ACC	10.023534	-3.275176	-1.3776677
727668924	ACC	10.200603	-3.3230324	-1.2532408
727668933	ACC	10.329815	-3.2560334	-1.2005987
727668943	ACC	10.406385	-3.1890345	-1.1814562
727668952	ACC	10.4351	-3.1316066	-1.2675978
727668962	ACC	10.487741	-3.0598218	-1.3298112
727668971	ACC	10.425529	-2.9832516	-1.4207385
727668981	ACC	10.339387	-2.8731818	-1.4877375
727668990	ACC	10.234102	-2.7966115	-1.5308083
727669000	ACC	10.018748	-2.7391837	-1.50688
727669009	ACC	9.765109	-2.6913273	-1.4590236
727669019	ACC	9.51147	-2.6578279	-1.387239
727669028	ACC	9.382257	-2.6338995	-1.2963116
727669038	ACC	9.339187	-2.629114	-1.2532408
727669047	ACC	9.286545	-2.6051857	-1.224527
727669057	ACC	9.21476	-2.519044	-1.2149557
727669066	ACC	9.142975	-2.4759731	-1.2149557
727669076	ACC	9.075976	-2.4281168	-1.2293127
727669085	ACC	8.980264	-2.318047	-1.2771691
727669095	ACC	8.898908	-2.1984057	-1.2867404
727669104	ACC	8.793623	-2.0739791	-1.2819548
727669114	ACC	8.717052	-1.9543378	-1.3489537
727669123	ACC	8.659625	-1.8299111	-1.4063815
727669133	ACC	8.606983	-1.7006987	-1.4494523
727669142	ACC	8.544769	-1.5714862	-1.4733806
727669152	ACC	8.5112705	-1.4327025	-1.5020944
727669161	ACC	8.554341	-1.3369896	-1.5451652
727669171	ACC	8.583055	-1.2364911	-1.5595222
727669180	ACC	8.626125	-1.1694921	-1.4925231
727669190	ACC	8.630911	-1.0929217	-1.4494523
727669199	ACC	8.573483	-1.0546366	-1.4255241
727669209	ACC	8.472985	-0.97806627	-1.3680964
727669218	ACC	8.405986	-0.9302098	-1.3202399
727669228	ACC	8.338987	-0.887139	-1.3250256
727669237	ACC	8.262417	-0.82971126	-1.3441681
727669247	ACC	8.224132	-0.79142606	-1.3968102
727669256	ACC	8.238488	-0.7292127	-1.439881
727669266	ACC	8.238488	-0.6765706	-1.4829519
727669275	ACC	8.276773	-0.61435723	-1.50688
727669285	ACC	8.305488	-0.5617151	-1.5451652
727669294	ACC	8.329415	-0.51864433	-1.5595222
727669304	ACC	8.281559	-0.50428736	-1.5930216
727669313	ACC	8.200203	-0.48035914	-1.6456637
727669323	ACC	8.147561	-0.4660022	-1.6313069
727669332	ACC	8.109276	-0.46121657	-1.6313069
727669342	ACC	8.099705	-0.4755735	-1.6360924
727669351	ACC	8.042277	-0.48035914	-1.6408781
727669361	ACC	7.9657063	-0.4851448	-1.6360924
727669370	ACC	7.946564	-0.509073	-1.6073786
727669380	ACC	7.9944205	-0.5282156	-1.5930216
727669389	ACC	8.090134	-0.5282156	-1.5978073
727669399	ACC	8.200203	-0.53300124	-1.6169499
727669408	ACC	8.281559	-0.54257256	-1.6408781
727669418	ACC	8.329415	-0.54257256	-1.7126628
727669427	ACC	8.353344	-0.58564335	-1.7940187
727669437	ACC	8.338987	-0.63828546	-1.8562322
727669446	ACC	8.343773	-0.68135625	-1.8466609
727669456	ACC	8.367701	-0.7196414	-1.817947
727669465	ACC	8.4012	-0.7531409	-1.7748762
727669475	ACC	8.444271	-0.7818548	-1.7174485
727669484	ACC	8.482556	-0.8632108	-1.6600207
727669494	ACC	8.535198	-0.9062816	-1.6073786
727669503	ACC	8.645268	-0.97806627	-1.588236
727669513	ACC	8.784052	-0.99720883	-1.6073786
727669522	ACC	8.88455	-1.0211371	-1.6408781
727669532	ACC	8.922835	-1.0402796	-1.736591
727669541	ACC	8.922835	-1.0881361	-1.8610178
727669551	ACC	8.894122	-1.1359925	-1.9567307
727669560	ACC	8.855837	-1.2077773	-2.0237298
727669570	ACC	8.769695	-1.265205	-2.0380867
727669579	ACC	8.673982	-1.3752748	-1.9998015
727669589	ACC	8.597412	-1.4709877	-1.9328024
727669598	ACC	8.568698	-1.5571294	-1.8083757
727669608	ACC	8.678768	-1.6576279	-1.6935202
727669617	ACC	8.831908	-1.7389839	-1.5978073
727669627	ACC	8.975478	-1.8107685	-1.4829519
727669636	ACC	9.152547	-1.8729819	-1.3920245
727669646	ACC	9.262616	-1.939981	-1.3824533
727669655	ACC	9.329616	-2.021337	-1.4111671
727669665	ACC	9.363115	-2.0835502	-1.4207385
727669674	ACC	9.329616	-2.1601207	-1.4303098
727669684	ACC	9.32483	-2.2462623	-1.4494523
727669693	ACC	9.35833	-2.3419752	-1.4255241
727669703	ACC	9.415757	-2.4329023	-1.3920245
727669712	ACC	9.501899	-2.5094728	-1.3489537
727669722	ACC	9.573684	-2.5525436	-1.3058829
727669731	ACC	9.669396	-2.6338995	-1.2723835
727669741	ACC	9.77468	-2.7248268	-1.2005987
727669750	ACC	9.798609	-2.777469	-1.1862419
727669760	ACC	9.846465	-2.8205397	-1.1288141
727669769	ACC	9.851251	-2.868396	-1.0809577
727669779	ACC	9.908679	-2.9162526	-1.0235299
727669788	ACC	9.990034	-2.978466	-0.99960166
727669798	ACC	10.152746	-3.0502508	-0.9613165
727669807	ACC	10.334601	-3.1555347	-0.91346
727669817	ACC	10.4159565	-3.2081769	-0.8847462
727669826	ACC	10.47817	-3.2081769	-0.80817586
727669836	ACC	10.549955	-3.2033913	-0.70289165
727669845	ACC	10.616954	-3.1890345	-0.69332033
727669855	ACC	10.626525	-3.1842487	-0.78424764
727669864	ACC	10.5690975	-3.112464	-0.9613165
727669874	ACC	10.549955	-3.074179	-1.1240284
727669883	ACC	10.559526	-3.098107	-1.2197413
727669893	ACC	10.5690975	-3.0837502	-1.2819548
727669902	ACC	10.559526	-3.1076784	-1.2149557
727669912	ACC	10.526027	-3.1172497	-1.2053844
727669921	ACC	10.468599	-3.1986058	-1.1192428
727669931	ACC	10.372886	-3.313461	-1.0043873
727669940	ACC	10.224531	-3.4043884	-0.84167534
727669950	ACC	10.095319	-3.4474592	-0.71724856
727669959	ACC	10.037891	-3.4857445	-0.68853474
727669969	ACC	9.999606	-3.4713874	-0.79860455
727669978	ACC	9.990034	-3.4570305	-0.9661021
727669988	ACC	9.942178	-3.4331024	-1.2484552
727669997	ACC	9.860822	-3.370889	-1.5164514
727670007	ACC	9.812965	-3.4139597	-1.7174485
727670016	ACC	9.765109	-3.423531	-1.8131614
727670026	ACC	9.659825	-3.4187453	-1.7940187
727670035	ACC	9.549755	-3.4043884	-1.683949
727670045	ACC	9.51147	-3.409174	-1.5643078
727670054	ACC	9.487542	-3.394817	-1.4638093
727670064	ACC	9.559326	-3.3469608	-1.3441681
727670073	ACC	9.678967	-3.3373895	-1.2293127
727670083	ACC	9.894321	-3.3326037	-1.224527
727670092	ACC	9.994821	-3.3373895	-1.2340983
727670102	ACC	10.090533	-3.2799616	-1.2484552
727670111	ACC	10.147961	-3.251248	-1.2915261
727670121	ACC	10.157532	-3.2703903	-1.3537394
727670130	ACC	10.018748	-3.246462	-1.3441681
727670140	ACC	9.769895	-3.2081769	-1.3680964
727670149	ACC	9.578469	-3.2321053	-1.3441681
727670159	ACC	9.47797	-3.2368908	-1.2771691
727670168	ACC	9.506684	-3.2560334	-1.1479566
727670178	ACC	9.640682	-3.2703903	-0.99003035
727670187	ACC	9.856036	-3.275176	-0.83688974
727670197	ACC	9.994821	-3.2368908	-0.74596244
727670206	ACC	10.143175	-3.2081769	-0.78424764
727670216	ACC	10.162318	-3.2129626	-0.85124665
727670225	ACC	10.061819	-3.2177482	-0.95653087
727670235	ACC	9.9756775	-3.2416766	-1.0809577
727670244	ACC	9.846465	-3.275176	-1.1958131
727670254	ACC	9.678967	-3.2560334	-1.2771691
727670263	ACC	9.549755	-3.2656047	-1.3058829
727670272	ACC	9.54497	-3.2943187	-1.2723835
727670282	ACC	9.559326	-3.3517463	-1.1766706
727670291	ACC	9.616755	-3.3661032	-1.1048858
727670301	ACC	9.62154	-3.3900316	-0.9517452
727670310	ACC	9.645468	-3.3661032	-0.85124665
727670320	ACC	9.726824	-3.3804603	-0.76989067
727670329	ACC	9.836894	-3.4139597	-0.8129615
727670339	ACC	9.889536	-3.461816	-0.927817
727670348	ACC	9.84168	-3.5383866	-1.0857433
727670358	ACC	9.65504	-3.6245282	-1.21017
727670367	ACC	9.420543	-3.6340995	-1.238884
727670377	ACC	9.190832	-3.6053855	-1.2005987
727670386	ACC	9.133404	-3.5766716	-1.1527423
727670396	ACC	9.186047	-3.5336008	-1.0283155
727670405	ACC	9.396614	-3.5001013	-0.87996054
727670415	ACC	9.722038	-3.5096726	-0.7746763
727670424	ACC	10.076176	-3.5479577	-0.74117684
727670434	ACC	10.372886	-3.5336008	-0.78424764
727670443	ACC	10.54517	-3.5431721	-0.89431745
727670453	ACC	10.535598	-3.5527434	-1.0378869
727670462	ACC	10.372886	-3.5288153	-1.1240284
727670472	ACC	10.133604	-3.5288153	-1.1575279
727670481	ACC	9.88475	-3.5144582	-1.1862419
727670491	ACC	9.745967	-3.5096726	-1.1383854
727670500	ACC	9.793823	-3.5958142	-1.0713863
727670510	ACC	9.889536	-3.6005998	-0.97567344
727670519	ACC	10.076176	-3.519244	-0.92303133
727670529	ACC	10.286744	-3.4761732	-0.95653087
727670538	ACC	10.473385	-3.4331024	-1.061815
727670548	ACC	10.597812	-3.5527434	-1.5595222
727670557	ACC	10.454242	-3.6293137	-1.8610178
727670567	ACC	10.124033	-3.4187453	-1.80359
727670576	ACC	9.817751	-3.2703903	-1.9184456
727670586	ACC	9.846465	-3.4522448	-2.4496522
727670595	ACC	9.750752	-3.342175	-2.4975085
727670605	ACC	9.640682	-3.0550363	-2.3491535
727670614	ACC	9.822537	-2.8827531	-2.2725832
727670624	ACC	10.262816	-2.8540392	-2.1577277
727670633	ACC	10.540383	-2.7822545	-1.8514465
727670643	ACC	10.6408825	-2.7056842	-1.4685949
727670652	ACC	10.750952	-2.6434708	-1.090529
727670662	ACC	10.746166	-2.533401	-0.7603194
727670671	ACC	10.736595	-2.437688	-0.59282184
727670681	ACC	10.645668	-2.3515465	-0.55453664
727670690	ACC	10.51167	-2.3084757	-0.65024954
727670700	ACC	10.4159565	-2.3276181	-0.7363912
727670709	ACC	10.334601	-2.3467607	-0.7938189
727670719	ACC	10.224531	-2.318047	-0.7220342
727670728	ACC	10.100104	-2.265405	-0.60717875
727670738	ACC	9.985249	-2.1457636	-0.5066802
727670747	ACC	9.856036	-1.9974087	-0.549751
727670757	ACC	9.755538	-1.8825532	-0.7316055
727670766	ACC	9.693324	-1.777269	-0.93260264
727670776	ACC	9.573684	-1.6767704	-1.1431711
727670785	ACC	9.449257	-1.5667006	-1.3106686
727670795	ACC	9.296116	-1.5092729	-1.4638093
727670804	ACC	9.06162	-1.4422739	-1.5786648
727670814	ACC	8.851051	-1.3704891	-1.655235
727670823	ACC	8.73141	-1.2699906	-1.655235
727670833	ACC	8.673982	-1.1790633	-1.6121643
727670842	ACC	8.669196	-1.0929217	-1.5403795
727670852	ACC	8.755338	-1.049851	-1.4781662
727670861	ACC	8.803194	-1.0211371	-1.358525
727670871	ACC	8.707481	-0.9589237	-1.224527
727670880	ACC	8.563912	-0.91585284	-1.1096715
727670890	ACC	8.382058	-0.92542416	-1.0283155
727670899	ACC	8.224132	-0.88235337	-0.98524475
727670909	ACC	8.17149	-0.8488538	-0.98524475
727670918	ACC	8.133204	-0.8249256	-1.0043873
727670928	ACC	8.118847	-0.78664047	-1.0331012
727670937	ACC	8.114061	-0.7292127	-1.0857433
727670947	ACC	8.02792	-0.69092757	-1.1240284
727670956	ACC	7.9657063	-0.63828546	-1.1958131
727670966	ACC	7.941778	-0.5952146	-1.2293127
727670975	ACC	7.989635	-0.55692947	-1.2675978
727670985	ACC	8.085348	-0.55692947	-1.3106686
727670994	ACC	8.185846	-0.55692947	-1.3489537
727671004	ACC	8.2145605	-0.54735816	-1.3489537
727671013	ACC	8.161918	-0.54735816	-1.3106686
727671023	ACC	8.037491	-0.5712864	-1.2867404
727671032	ACC	7.9369926	-0.5808577	-1.3010973
727671042	ACC	7.8987074	-0.6095716	-1.2915261
727671051	ACC	7.8891363	-0.6478567	-1.2771691
727671061	ACC	7.9369926	-0.657428	-1.2771691
727671070	ACC	7.9944205	-0.65264237	-1.3202399
727671080	ACC	8.02792	-0.63828546	-1.3298112
727671089	ACC	8.080562	-0.67178494	-1.3489537
727671099	ACC	8.166703	-0.7196414	-1.3824533
727671108	ACC	8.248059	-0.76749784	-1.4207385
727671118	ACC	8.243274	-0.7579266	-1.4303098
727671127	ACC	8.257631	-0.76749784	-1.4446666
727671137	ACC	8.281559	-0.7818548	-1.5451652
727671146	ACC	8.348558	-0.8344969	-1.6743777
727671156	ACC	8.362915	-0.887139	-1.7605193
727671165	ACC	8.377272	-0.92542416	-1.7796619
727671175	ACC	8.415557	-0.97806627	-1.7700906
727671184	ACC	8.5016985	-1.0019945	-1.7844474
727671194	ACC	8.616554	-1.0115658	-1.7988044
727671203	ACC	8.683554	-1.0402796	-1.80359
727671213	ACC	8.736196	-1.0737791	-1.8131614
727671222	ACC	8.7266245	-1.1312069	-1.8514465
727671232	ACC	8.673982	-1.1886346	-1.9088743
727671241	ACC	8.673982	-1.2317054	-1.9280169
727671251	ACC	8.69791	-1.3130615	-1.8705891
727671260	ACC	8.7266245	-1.3609179	-1.8610178
727671270	ACC	8.822337	-1.4757733	-1.8275183
727671279	ACC	8.91805	-1.5427724	-1.7557336
727671289	ACC	8.965906	-1.6049858	-1.683949
727671298	ACC	9.056833	-1.643271	-1.6648064
727671308	ACC	9.18126	-1.6815561	-1.6791633
727671317	ACC	9.329616	-1.7485552	-1.6983058
727671327	ACC	9.47797	-1.7724833	-1.7126628
727671336	ACC	9.559326	-1.8107685	-1.736591
727671346	ACC	9.578469	-1.8442681	-1.7174485
727671355	ACC	9.573684	-1.8969102	-1.7030915
727671365	ACC	9.578469	-1.9686948	-1.669592
727671374	ACC	9.564112	-2.0261226	-1.588236
727671384	ACC	9.51147	-2.0979073	-1.5020944
727671393	ACC	9.482756	-2.179263	-1.4638093
727671403	ACC	9.54497	-2.2941186	-1.4303098
727671412	ACC	9.549755	-2.3419752	-1.3824533
727671422	ACC	9.674182	-2.4185455	-1.372882
727671431	ACC	9.779466	-2.480759	-1.3537394
727671441	ACC	9.860822	-2.5429723	-1.3010973
727671450	ACC	9.942178	-2.5764718	-1.2723835
727671460	ACC	9.923036	-2.5956144	-1.2819548
727671469	ACC	9.956535	-2.6099713	-1.2867404
727671479	ACC	9.956535	-2.6578279	-1.2628121
727671488	ACC	9.980463	-2.667399	-1.2580265
727671498	ACC	10.028319	-2.681756	-1.2484552
727671507	ACC	10.143175	-2.6961129	-1.2340983
727671517	ACC	10.234102	-2.720041	-1.2293127
727671526	ACC	10.238888	-2.7056842	-1.238884
727671536	ACC	10.310673	-2.6913273	-1.2580265
727671545	ACC	10.363315	-2.7008986	-1.2723835
727671555	ACC	10.387243	-2.7008986	-1.3345969
727671564	ACC	10.47817	-2.71047	-1.4207385
727671574	ACC	10.526027	-2.720041	-1.4685949
727671583	ACC	10.602597	-2.681756	-1.4877375
727671593	ACC	10.746166	-2.6913273	-1.4781662
727671602	ACC	10.971092	-2.720041	-1.4925231
727671612	ACC	11.205588	-2.748755	-1.4111671
727671621	ACC	11.29173	-2.7008986	-1.3106686
727671631	ACC	11.215159	-2.681756	-1.3393825
727671640	ACC	11.018949	-2.7152555	-1.3633107
727671650	ACC	10.746166	-2.7296124	-1.358525
727671659	ACC	10.473385	-2.7343981	-1.3106686
727671669	ACC	10.315458	-2.8109684	-1.3393825
727671678	ACC	10.229317	-2.8875387	-1.4015958
727671688	ACC	10.124033	-2.9210382	-1.4446666
727671697	ACC	10.023534	-2.992823	-1.4255241
727671707	ACC	9.899107	-3.045465	-1.4015958
727671716	ACC	9.77468	-3.0789645	-1.3154542
727671726	ACC	9.683753	-3.0933216	-1.2053844
727671735	ACC	9.616755	-3.0550363	-1.1096715
727671745	ACC	9.568898	-3.0502508	-1.1192428
727671754	ACC	9.578469	-3.0598218	-1.1623136
727671764	ACC	9.521041	-3.0789645	-1.2436695
727671773	ACC	9.468399	-3.0837502	-1.3441681
727671783	ACC	9.420543	-3.0789645	-1.4063815
727671792	ACC	9.387043	-3.0693932	-1.439881
727671802	ACC	9.372686	-3.0598218	-1.439881
727671811	ACC	9.439685	-3.0358937	-1.3920245
727671821	ACC	9.482756	-3.0693932	-1.3489537
727671830	ACC	9.573684	-3.1363924	-1.3202399
727671840	ACC	9.573684	-3.1603205	-1.3202399
727671849	ACC	9.4636135	-3.1890345	-1.3010973
727671859	ACC	9.334401	-3.19382	-1.2675978
727671868	ACC	9.267402	-3.2177482	-1.238884
727671878	ACC	9.243474	-3.2368908	-1.1862419
727671887	ACC	9.3200445	-3.2321053	-1.1718849
727671897	ACC	9.425328	-3.246462	-1.1910275
727671906	ACC	9.516255	-3.2656047	-1.224527
727671916	ACC	9.5353985	-3.2368908	-1.2580265
727671925	ACC	9.549755	-3.2656047	-1.2532408
727671935	ACC	9.578469	-3.2703903	-1.2771691
727671944	ACC	9.611969	-3.2799616	-1.2675978
727671954	ACC	9.616755	-3.3230324	-1.2963116
727671963	ACC	9.597611	-3.3517463	-1.3106686
727671973	ACC	9.549755	-3.3661032	-1.2771691
727671982	ACC	9.602397	-3.4331024	-1.2723835
727671992	ACC	9.631111	-3.49053	-1.2819548
727672001	ACC	9.678967	-3.49053	-1.2197413
727672011	ACC	9.702896	-3.4570305	-1.1575279
727672020	ACC	9.798609	-3.437888	-1.1048858
727672030	ACC	9.88475	-3.4139597	-1.061815
727672039	ACC	9.999606	-3.4043884	-1.0331012
727672049	ACC	10.119247	-3.3852458	-1.0474582
727672058	ACC	10.147961	-3.4187453	-1.0666007
727672068	ACC	10.095319	-3.3804603	-1.1144571
727672077	ACC	10.018748	-3.3756745	-1.1670992
727672087	ACC	9.817751	-3.3613176	-1.2197413
727672096	ACC	9.631111	-3.3565319	-1.2532408
727672106	ACC	9.439685	-3.3278182	-1.2484552
727672115	ACC	9.329616	-3.3230324	-1.2005987
727672125	ACC	9.363115	-3.370889	-1.1144571
727672134	ACC	9.492328	-3.4283166	-1.0235299
727672144	ACC	9.674182	-3.4474592	-0.927817
727672153	ACC	9.865608	-3.3756745	-0.8847462
727672163	ACC	9.946963	-3.2943187	-0.8991031
727672172	ACC	9.9756775	-3.2416766	-1.0043873
727672182	ACC	10.004392	-3.19382	-1.1575279
727672191	ACC	9.980463	-3.1363924	-1.2867404
727672201	ACC	9.894321	-3.0215368	-1.3345969
727672210	ACC	9.765109	-2.9353952	-1.3680964
727672220	ACC	9.803394	-2.9832516	-1.3920245
727672229	ACC	10.023534	-3.1220353	-1.3680964
727672239	ACC	10.133604	-3.1028929	-1.3345969
727672248	ACC	10.305887	-3.0215368	-1.3010973
727672258	ACC	10.4351	-3.0023942	-1.3106686
727672267	ACC	10.468599	-2.9162526	-1.3824533
727672277	ACC	10.439885	-2.8253253	-1.5451652
727672286	ACC	10.372886	-2.7343981	-1.669592
727672296	ACC	10.277173	-2.6482565	-1.7844474
727672305	ACC	10.186246	-2.5764718	-1.7796619
727672315	ACC	10.076176	-2.5142584	-1.7222341
727672324	ACC	9.956535	-2.466402	-1.6360924
727672334	ACC	9.970892	-2.480759	-1.4829519
727672343	ACC	10.023534	-2.519044	-1.3345969
727672353	ACC	10.095319	-2.4855444	-1.1718849
727672362	ACC	10.205389	-2.4472594	-1.0857433
727672372	ACC	10.310673	-2.4041886	-1.0522437
727672381	ACC	10.296316	-2.318047	-1.0713863
727672391	ACC	10.219746	-2.2558336	-1.1240284
727672400	ACC	10.066605	-2.1649063	-1.2197413
727672410	ACC	9.894321	-2.1122642	-1.3010973
727672419	ACC	9.731609	-2.0548365	-1.3968102
727672429	ACC	9.592826	-2.0261226	-1.4303098
727672438	ACC	9.540184	-1.9974087	-1.4350954
727672448	ACC	9.4636135	-1.9591235	-1.4015958
727672457	ACC	9.415757	-1.8777676	-1.4111671
727672467	ACC	9.382257	-1.791626	-1.4638093
727672476	ACC	9.367901	-1.7294126	-1.5308083
727672486	ACC	9.372686	-1.6767704	-1.5978073
727672495	ACC	9.329616	-1.614557	-1.6648064
727672505	ACC	9.205189	-1.5188441	-1.6743777
727672514	ACC	9.104691	-1.4470595	-1.6360924
727672524	ACC	9.02812	-1.3992031	-1.6217356
727672533	ACC	8.941978	-1.3800604	-1.602593
727672543	ACC	8.922835	-1.3609179	-1.5834504
727672552	ACC	8.88455	-1.2891332	-1.5786648
727672562	ACC	8.913264	-1.2317054	-1.5834504
727672571	ACC	8.941978	-1.1790633	-1.588236
727672581	ACC	8.913264	-1.1312069	-1.5690935
727672590	ACC	8.860622	-1.0642079	-1.5308083
727672600	ACC	8.7984085	-0.9924232	-1.4829519
727672609	ACC	8.7984085	-0.97806627	-1.4781662
727672619	ACC	8.788837	-0.9302098	-1.4111671
727672628	ACC	8.817552	-0.887139	-1.3441681
727672638	ACC	8.836694	-0.88235337	-1.3154542
727672647	ACC	8.860622	-0.85842514	-1.3441681
727672657	ACC	8.851051	-0.82971126	-1.3776677
727672666	ACC	8.807981	-0.79142606	-1.372882
727672676	ACC	8.73141	-0.80578303	-1.4159528
727672685	ACC	8.669196	-0.79142606	-1.4973087
727672695	ACC	8.62134	-0.7962117	-1.5786648
727672704	ACC	8.597412	-0.7435696	-1.6073786
727672714	ACC	8.659625	-0.6861419	-1.6121643
727672723	ACC	8.707481	-0.66699934	-1.6504494
727672733	ACC	8.707481	-0.6478567	-1.7126628
727672742	ACC	8.678768	-0.657428	-1.7318054
727672752	ACC	8.630911	-0.62871414	-1.7174485
727672761	ACC	8.592627	-0.6239285	-1.7030915
727672771	ACC	8.559127	-0.6334998	-1.6791633
727672780	ACC	8.525627	-0.6622137	-1.6360924
727672790	ACC	8.458628	-0.65264237	-1.588236
727672799	ACC	8.405986	-0.67178494	-1.5738791
727672809	ACC	8.367701	-0.7196414	-1.5499508
727672818	ACC	8.367701	-0.73399836	-1.5451652
727672828	ACC	8.343773	-0.72442704	-1.5451652
727672837	ACC	8.405986	-0.76271224	-1.5643078
727672847	ACC	8.487342	-0.7818548	-1.602593
727672856	ACC	8.5112705	-0.7722835	-1.6648064
727672866	ACC	8.525627	-0.76271224	-1.7222341
727672875	ACC	8.539984	-0.76749784	-1.750948
727672885	ACC	8.5112705	-0.7531409	-1.7988044
727672894	ACC	8.544769	-0.74835527	-1.8083757
727672904	ACC	8.554341	-0.76271224	-1.7796619
727672913	ACC	8.616554	-0.8153543	-1.7700906
727672923	ACC	8.62134	-0.84406817	-1.7318054
727672932	ACC	8.611769	-0.8919246	-1.7318054
727672942	ACC	8.635697	-0.91585284	-1.6887345
727672951	ACC	8.669196	-0.92542416	-1.669592
727672961	ACC	8.712267	-0.9493524	-1.6791633
727672970	ACC	8.793623	-0.99720883	-1.6648064
727672980	ACC	8.836694	-1.0115658	-1.655235
727672989	ACC	8.874979	-1.0067801	-1.6743777
727672999	ACC	8.903693	-1.0307083	-1.6935202
727673008	ACC	8.913264	-1.0642079	-1.6887345
727673018	ACC	8.975478	-1.0929217	-1.6648064
727673027	ACC	9.0233345	-1.1120644	-1.6313069
727673037	ACC	9.056833	-1.1264212	-1.5690935
727673046	ACC	9.205189	-1.198206	-1.4781662
727673056	ACC	9.253045	-1.2556337	-1.4590236
727673065	ACC	9.305687	-1.3130615	-1.4542379
727673074	ACC	9.3200445	-1.3657036	-1.4255241
727673084	ACC	9.262616	-1.4374882	-1.4159528
727673093	ACC	9.243474	-1.494916	-1.4255241
727673103	ACC	9.229117	-1.5571294	-1.4111671
727673112	ACC	9.262616	-1.5954145	-1.387239
727673122	ACC	9.300901	-1.643271	-1.4015958
727673131	ACC	9.363115	-1.7246269	-1.4015958
727673141	ACC	9.420543	-1.762912	-1.387239
727673150	ACC	9.4636135	-1.8107685	-1.3968102
727673160	ACC	9.521041	-1.8969102	-1.4063815
727673169	ACC	9.54497	-1.939981	-1.4159528
727673179	ACC	9.58804	-1.9878374	-1.4350954
727673188	ACC	9.650253	-2.0644078	-1.4638093
727673198	ACC	9.674182	-2.1218355	-1.4685949
727673207	ACC	9.702896	-2.1984057	-1.4494523
727673217	ACC	9.726824	-2.2319052	-1.4446666
727673226	ACC	9.736395	-2.274976	-1.4446666
727673236	ACC	9.755538	-2.3276181	-1.4303098
727673245	ACC	9.769895	-2.3946173	-1.4159528
727673255	ACC	9.860822	-2.466402	-1.4159528
727673264	ACC	9.990034	-2.5381866	-1.4015958
727673274	ACC	10.033105	-2.6051857	-1.3633107
727673283	ACC	10.033105	-2.6243281	-1.3776677
727673293	ACC	9.999606	-2.6386852	-1.358525
727673302	ACC	9.990034	-2.653042	-1.3154542
727673312	ACC	10.018748	-2.6961129	-1.2963116
727673321	ACC	10.109675	-2.7152555	-1.3010973
727673331	ACC	10.224531	-2.7631118	-1.2867404
727673340	ACC	10.291531	-2.7343981	-1.2532408
727673350	ACC	10.315458	-2.7631118	-1.2532408
727673359	ACC	10.348958	-2.7966115	-1.3154542
727673369	ACC	10.353744	-2.815754	-1.3345969
727673378	ACC	10.334601	-2.8396823	-1.3441681
727673388	ACC	10.301102	-2.830111	-1.3776677
727673397	ACC	10.253245	-2.8396823	-1.3680964
727673407	ACC	10.310673	-2.8731818	-1.372882
727673416	ACC	10.334601	-2.8923244	-1.387239
727673426	ACC	10.353744	-2.8779674	-1.4111671
727673435	ACC	10.310673	-2.8444679	-1.4590236
727673445	ACC	10.2723875	-2.8253253	-1.4925231
727673454	ACC	10.195817	-2.8253253	-1.5260227
727673464	ACC	10.119247	-2.8731818	-1.5595222
727673473	ACC	10.004392	-2.858825	-1.5595222
727673483	ACC	9.923036	-2.868396	-1.5020944
727673492	ACC	9.851251	-2.8779674	-1.439881
727673502	ACC	9.80818	-2.8875387	-1.3633107
727673511	ACC	9.769895	-2.9018958	-1.3106686
727673521	ACC	9.765109	-2.9162526	-1.2867404
727673530	ACC	9.798609	-2.964109	-1.2819548
727673540	ACC	9.84168	-2.949752	-1.2628121
727673549	ACC	9.793823	-2.9306095	-1.2723835
727673559	ACC	9.736395	-2.9066813	-1.3202399
727673568	ACC	9.650253	-2.9114668	-1.387239
727673578	ACC	9.631111	-2.89711	-1.4159528
727673587	ACC	9.62154	-2.8540392	-1.358525
727673597	ACC	9.674182	-2.8348966	-1.3010973
727673606	ACC	9.745967	-2.8540392	-1.224527
727673616	ACC	9.784252	-2.8731818	-1.1335998
727673625	ACC	9.836894	-2.8875387	-1.0953146
727673635	ACC	9.856036	-2.9210382	-1.1001002
727673644	ACC	9.80818	-2.9210382	-1.1144571
727673654	ACC	9.765109	-2.9306095	-1.1431711
727673663	ACC	9.726824	-2.9306095	-1.1862419
727673673	ACC	9.779466	-2.9210382	-1.1814562
727673682	ACC	9.803394	-2.9353952	-1.2293127
727673692	ACC	9.789038	-2.964109	-1.2867404
727673701	ACC	9.712467	-2.964109	-1.2771691
727673711	ACC	9.674182	-2.9880373	-1.238884
727673720	ACC	9.688539	-3.0023942	-1.2293127
727673730	ACC	9.750752	-3.0502508	-1.2005987
727673739	ACC	9.8321085	-3.0598218	-1.1575279
727673749	ACC	9.908679	-3.074179	-1.1383854
727673758	ACC	9.985249	-3.098107	-1.1479566
727673768	ACC	10.037891	-3.1076784	-1.1862419
727673777	ACC	9.95175	-3.1220353	-1.2436695
727673787	ACC	9.851251	-3.112464	-1.2963116
727673796	ACC	9.731609	-3.1220353	-1.2771691
727673806	ACC	9.678967	-3.165106	-1.2436695
727673815	ACC	9.65504	-3.2081769	-1.1862419
727673825	ACC	9.674182	-3.2273195	-1.1288141
727673834	ACC	9.698111	-3.2560334	-1.076172
727673844	ACC	9.712467	-3.2703903	-1.0474582
727673853	ACC	9.674182	-3.289533	-1.0331012
727673863	ACC	9.597611	-3.251248	-1.0331012
727673872	ACC	9.516255	-3.2177482	-1.0809577
727673882	ACC	9.410972	-3.1890345	-1.1048858
727673891	ACC	9.339187	-3.1459637	-1.1144571
727673901	ACC	9.233903	-3.1220353	-1.1288141
727673910	ACC	9.090333	-3.0933216	-1.1192428
727673920	ACC	8.941978	-3.0837502	-1.1192428
727673929	ACC	8.7984085	-3.074179	-1.0809577
727673939	ACC	8.659625	-3.074179	-1.0187442
727673948	ACC	8.6548395	-3.0598218	-0.95653087
727673958	ACC	8.69791	-3.00718	-0.85124665
727673967	ACC	8.788837	-2.9210382	-0.7363912
727673977	ACC	9.056833	-2.8253253	-0.68853474
727673986	ACC	9.377472	-2.748755	-0.65982085
727673996	ACC	9.722038	-2.6243281	-0.69332033
727674005	ACC	9.999606	-2.5477579	-0.80817586
727674015	ACC	10.195817	-2.5142584	-0.9421739
727674024	ACC	10.305887	-2.4472594	-1.0331012
727674034	ACC	10.377672	-2.3802602	-1.1001002
727674043	ACC	10.47817	-2.3515465	-1.1718849
727674053	ACC	10.593026	-2.3515465	-1.2053844
727674062	ACC	10.69831	-2.289333	-1.2628121
727674072	ACC	10.837093	-2.2510478	-1.3154542
727674081	ACC	10.947164	-2.1936202	-1.387239
727674091	ACC	11.023734	-2.126621	-1.4303098
727674100	ACC	11.119447	-2.0787647	-1.50688
727674110	ACC	11.229517	-2.0165513	-1.602593
727674119	ACC	11.29173	-1.9734805	-1.6791633
727674129	ACC	11.330015	-1.9591235	-1.7222341
727674138	ACC	11.3683	-1.9686948	-1.7844474
727674148	ACC	11.344372	-1.911267	-1.8466609
727674157	ACC	11.263016	-1.911267	-1.8897316
727674167	ACC	11.157732	-1.925624	-1.9375881
727674176	ACC	10.990234	-1.939981	-1.9184456
727674186	ACC	10.798809	-1.9830518	-1.8514465
727674195	ACC	10.607383	-2.0165513	-1.7748762
727674205	ACC	10.444671	-2.088336	-1.6313069
727674214	ACC	10.3681	-2.11705	-1.4446666
727674224	ACC	10.339387	-2.11705	-1.2771691
727674233	ACC	10.301102	-2.088336	-1.2053844
727674243	ACC	10.18146	-2.030908	-1.1623136
727674252	ACC	9.999606	-1.9639091	-1.1670992
727674262	ACC	9.812965	-1.9208384	-1.238884
727674271	ACC	9.702896	-1.8634106	-1.3202399
727674281	ACC	9.645468	-1.805983	-1.3441681
727674290	ACC	9.583255	-1.7868403	-1.3441681
727674300	ACC	9.487542	-1.7389839	-1.3298112
727674309	ACC	9.391829	-1.6671991	-1.3298112
727674319	ACC	9.209974	-1.6049858	-1.3106686
727674328	ACC	9.042477	-1.5571294	-1.2867404
727674338	ACC	8.903693	-1.4901303	-1.3010973
727674347	ACC	8.73141	-1.4279169	-1.2771691
727674357	ACC	8.583055	-1.3800604	-1.2580265
727674366	ACC	8.386844	-1.317847	-1.2293127
727674376	ACC	8.200203	-1.2891332	-1.2149557
727674385	ACC	8.066205	-1.2747762	-1.2436695
727674395	ACC	7.941778	-1.2460624	-1.2149557
727674404	ACC	7.8173513	-1.198206	-1.2005987
727674414	ACC	7.6977105	-1.2029916	-1.224527
727674423	ACC	7.578069	-1.183849	-1.21017
727674433	ACC	7.5062847	-1.1455638	-1.224527
727674442	ACC	7.4775705	-1.1216356	-1.2340983
727674452	ACC	7.5924263	-1.0929217	-1.2484552
727674461	ACC	7.726424	-1.049851	-1.2484552
727674471	ACC	7.826923	-1.0211371	-1.2532408
727674480	ACC	7.8891363	-0.9732806	-1.3010973
727674490	ACC	7.884351	-0.91585284	-1.3680964
727674499	ACC	7.826923	-0.9206385	-1.439881
727674509	ACC	7.7790666	-0.9302098	-1.4685949
727674518	ACC	7.7407813	-0.92542416	-1.50688
727674528	ACC	7.735996	-0.93978107	-1.5403795
727674537	ACC	7.7647095	-1.0067801	-1.5260227
727674547	ACC	7.836494	-1.0737791	-1.4925231
727674556	ACC	7.8891363	-1.102493	-1.4829519
727674566	ACC	7.960921	-1.1407782	-1.4542379
727674575	ACC	8.123632	-1.1647065	-1.4446666
727674585	ACC	8.305488	-1.1599208	-1.5020944
727674594	ACC	8.4347	-1.1455638	-1.4925231
727674604	ACC	8.453842	-1.1503495	-1.5260227
727674613	ACC	8.439486	-1.1503495	-1.6073786
727674623	ACC	8.506484	-1.1742777	-1.6887345
727674632	ACC	8.535198	-1.1647065	-1.7126628
727674642	ACC	8.578269	-1.1503495	-1.7270198
727674651	ACC	8.683554	-1.1694921	-1.7174485
727674661	ACC	8.788837	-1.1934203	-1.6743777
727674670	ACC	8.803194	-1.2269198	-1.655235
727674680	ACC	8.817552	-1.2699906	-1.6169499
727674689	ACC	8.831908	-1.3130615	-1.5595222
727674699	ACC	8.874979	-1.3704891	-1.4973087
727674708	ACC	8.956335	-1.4374882	-1.4446666
727674718	ACC	9.071191	-1.5044873	-1.3968102
727674727	ACC	9.171689	-1.5188441	-1.372882
727674737	ACC	9.272188	-1.5427724	-1.3920245
727674746	ACC	9.3200445	-1.5523437	-1.439881
727674756	ACC	9.3200445	-1.5332011	-1.4829519
727674765	ACC	9.339187	-1.5092729	-1.5451652
727674775	ACC	9.329616	-1.5427724	-1.5451652
727674784	ACC	9.329616	-1.5523437	-1.5308083
727674794	ACC	9.377472	-1.5954145	-1.5116657
727674803	ACC	9.439685	-1.6384853	-1.439881
727674813	ACC	9.51147	-1.6911274	-1.358525
727674822	ACC	9.616755	-1.7389839	-1.3058829
727674832	ACC	9.698111	-1.7964116	-1.2340983
727674841	ACC	9.803394	-1.8442681	-1.1527423
727674851	ACC	10.018748	-1.8538394	-1.1144571
727674860	ACC	10.286744	-1.8969102	-1.090529
727674870	ACC	10.516456	-1.9016958	-1.1096715
727674879	ACC	10.636097	-1.8921245	-1.1718849
727674889	ACC	10.746166	-1.8873389	-1.2293127
727674898	ACC	10.77488	-1.8490537	-1.3250256
727674908	ACC	10.722239	-1.8299111	-1.4015958
727674917	ACC	10.602597	-1.8251255	-1.4877375
727674927	ACC	10.506885	-1.8299111	-1.5260227
727674936	ACC	10.387243	-1.8490537	-1.5547365
727674946	ACC	10.315458	-1.8825532	-1.5595222
727674955	ACC	10.210175	-1.9304097	-1.5547365
727674965	ACC	10.176675	-1.9974087	-1.521237
727674974	ACC	10.109675	-2.0787647	-1.4877375
727674984	ACC	10.10489	-2.1505494	-1.4542379
727674993	ACC	10.10489	-2.2319052	-1.3920245
727675003	ACC	10.100104	-2.2797618	-1.3345969
727675012	ACC	10.047462	-2.2941186	-1.2963116
727675022	ACC	9.980463	-2.2797618	-1.2915261
727675031	ACC	9.9038925	-2.2941186	-1.3010973
727675041	ACC	9.80818	-2.2941186	-1.3441681
727675050	ACC	9.750752	-2.3228326	-1.372882
727675060	ACC	9.755538	-2.3802602	-1.4063815
727675069	ACC	9.745967	-2.4185455	-1.3968102
727675079	ACC	9.745967	-2.4568307	-1.3776677
727675088	ACC	9.80818	-2.5094728	-1.2819548
727675098	ACC	9.856036	-2.5429723	-1.1718849
727675107	ACC	9.9038925	-2.5669005	-1.0953146
727675117	ACC	9.932607	-2.5573292	-1.0570294
727675126	ACC	9.927821	-2.5812573	-1.0378869
727675136	ACC	9.932607	-2.562115	-1.061815
727675145	ACC	9.932607	-2.5525436	-1.1192428
727675155	ACC	9.942178	-2.5429723	-1.2005987
727675164	ACC	9.913465	-2.5286152	-1.2293127
727675174	ACC	9.9038925	-2.5286152	-1.2771691
727675183	ACC	9.9038925	-2.519044	-1.3058829
727675193	ACC	9.9038925	-2.5477579	-1.2963116
727675202	ACC	9.937392	-2.5669005	-1.2675978
727675212	ACC	9.95175	-2.5477579	-1.21017
727675221	ACC	9.942178	-2.519044	-1.1383854
727675231	ACC	9.932607	-2.5094728	-1.1335998
727675240	ACC	9.851251	-2.4951158	-1.061815
727675250	ACC	9.784252	-2.466402	-0.98524475
727675259	ACC	9.789038	-2.466402	-0.92303133
727675269	ACC	9.77468	-2.4759731	-0.8177471
727675278	ACC	9.712467	-2.480759	-0.75553375
727675288	ACC	9.669396	-2.480759	-0.7076773
727675297	ACC	9.669396	-2.4951158	-0.6646065
727675307	ACC	9.678967	-2.4711876	-0.67417777
727675316	ACC	9.722038	-2.4711876	-0.65024954
727675326	ACC	9.760324	-2.452045	-0.6263213
727675335	ACC	9.812965	-2.437688	-0.6454639
727675345	ACC	9.9038925	-2.4472594	-0.698106
727675354	ACC	9.956535	-2.4472594	-0.74596244
727675364	ACC	10.004392	-2.4616163	-0.7938189
727675373	ACC	10.052248	-2.466402	-0.86081797
727675383	ACC	10.066605	-2.4616163	-0.93738824
727675392	ACC	10.052248	-2.4472594	-0.9708878
727675402	ACC	10.033105	-2.4424736	-1.0187442
727675411	ACC	10.033105	-2.4424736	-1.0283155
727675421	ACC	10.052248	-2.437688	-1.0378869
727675430	ACC	10.100104	-2.4759731	-1.0378869
727675440	ACC	10.200603	-2.4999015	-1.0713863
727675449	ACC	10.296316	-2.466402	-1.061815
727675459	ACC	10.334601	-2.466402	-1.0857433
727675468	ACC	10.3441725	-2.4568307	-1.1335998
727675478	ACC	10.339387	-2.4424736	-1.1862419
727675487	ACC	10.301102	-2.4711876	-1.2436695
727675497	ACC	10.281959	-2.466402	-1.1814562
727675506	ACC	10.238888	-2.466402	-1.1001002
727675516	ACC	10.258031	-2.4999015	-1.0713863
727675525	ACC	10.2723875	-2.533401	-0.99003035
727675535	ACC	10.296316	-2.5477579	-0.9182457
727675544	ACC	10.329815	-2.5142584	-0.86560357
727675554	ACC	10.320244	-2.4855444	-0.86081797
727675563	ACC	10.286744	-2.466402	-0.8560323
727675573	ACC	10.277173	-2.4424736	-0.8751749
727675582	ACC	10.238888	-2.437688	-0.8751749
727675592	ACC	10.238888	-2.4424736	-0.90388876
727675601	ACC	10.334601	-2.504687	-0.927817
727675611	ACC	10.4351	-2.5429723	-0.92303133
727675620	ACC	10.526027	-2.533401	-0.9613165
727675630	ACC	10.583454	-2.5142584	-1.0378869
727675639	ACC	10.631311	-2.504687	-1.1383854
727675648	ACC	10.593026	-2.4616163	-1.2580265
727675658	ACC	10.530812	-2.4281168	-1.4063815
727675667	ACC	10.459028	-2.4041886	-1.50688
727675677	ACC	10.47817	-2.3946173	-1.5547365
727675686	ACC	10.492527	-2.3754747	-1.5595222
727675696	ACC	10.4351	-2.356332	-1.50688
727675705	ACC	10.430314	-2.370689	-1.4303098
727675715	ACC	10.439885	-2.41376	-1.3680964
727675724	ACC	10.406385	-2.385046	-1.2771691
727675734	ACC	10.377672	-2.3467607	-1.238884
727675743	ACC	10.339387	-2.3276181	-1.2293127
727675753	ACC	10.2723875	-2.274976	-1.2532408
727675762	ACC	10.210175	-2.207977	-1.2723835
727675772	ACC	10.186246	-2.155335	-1.2675978
727675781	ACC	10.114461	-2.088336	-1.2580265
727675791	ACC	10.080962	-2.0452652	-1.2532408
727675800	ACC	10.07139	-2.0117657	-1.2053844
727675810	ACC	10.157532	-2.059622	-1.1718849
727675819	ACC	10.21496	-2.0931215	-1.2149557
727675829	ACC	10.229317	-2.0500507	-1.21017
727675838	ACC	10.229317	-1.9830518	-1.2005987
727675848	ACC	10.171889	-1.9064814	-1.3010973
727675857	ACC	10.042677	-1.8346968	-1.4494523
727675867	ACC	9.899107	-1.7820547	-1.5690935
727675876	ACC	9.803394	-1.7198412	-1.6504494
727675886	ACC	9.741181	-1.6719848	-1.736591
727675895	ACC	9.683753	-1.628914	-1.736591
727675905	ACC	9.559326	-1.6097715	-1.669592
727675914	ACC	9.458828	-1.5954145	-1.6217356
727675924	ACC	9.377472	-1.5858432	-1.5834504
727675933	ACC	9.272188	-1.5571294	-1.4781662
727675943	ACC	9.157332	-1.4997016	-1.3776677
727675952	ACC	9.099904	-1.466202	-1.3441681
727675962	ACC	9.013762	-1.4087744	-1.3058829
727675971	ACC	8.903693	-1.3369896	-1.2580265
727675981	ACC	8.73141	-1.250848	-1.2436695
727675990	ACC	8.626125	-1.1886346	-1.2628121
727676000	ACC	8.58784	-1.1503495	-1.238884
727676009	ACC	8.525627	-1.102493	-1.1862419
727676019	ACC	8.4682	-1.0259227	-1.1814562
727676028	ACC	8.444271	-0.9828519	-1.1814562
727676038	ACC	8.396415	-0.9206385	-1.1527423
727676047	ACC	8.386844	-0.8488538	-1.1144571
727676057	ACC	8.386844	-0.80578303	-1.0809577
727676066	ACC	8.4012	-0.738784	-1.061815
727676076	ACC	8.4347	-0.6861419	-1.0570294
727676085	ACC	8.477771	-0.66699934	-1.076172
727676095	ACC	8.472985	-0.62871414	-1.0857433
727676104	ACC	8.472985	-0.63828546	-1.0953146
727676114	ACC	8.458628	-0.6095716	-1.1575279
727676123	ACC	8.458628	-0.6239285	-1.2053844
727676133	ACC	8.444271	-0.6239285	-1.2771691
727676142	ACC	8.372486	-0.6239285	-1.3154542
727676152	ACC	8.295917	-0.65264237	-1.358525
727676161	ACC	8.252846	-0.69092757	-1.3920245
727676171	ACC	8.219346	-0.7148558	-1.3920245
727676180	ACC	8.233703	-0.7435696	-1.3776677
727676190	ACC	8.257631	-0.7722835	-1.3776677
727676199	ACC	8.271988	-0.76271224	-1.4159528
727676209	ACC	8.295917	-0.7579266	-1.4350954
727676218	ACC	8.286345	-0.7579266	-1.4733806
727676228	ACC	8.310273	-0.74835527	-1.4973087
727676237	ACC	8.305488	-0.7579266	-1.5451652
727676247	ACC	8.271988	-0.7579266	-1.5834504
727676256	ACC	8.228917	-0.7435696	-1.6073786
727676266	ACC	8.233703	-0.79142606	-1.588236
727676275	ACC	8.334201	-0.8249256	-1.5451652
727676285	ACC	8.420342	-0.84406817	-1.5403795
727676294	ACC	8.530413	-0.85842514	-1.5690935
727676304	ACC	8.563912	-0.8392825	-1.5547365
727676313	ACC	8.573483	-0.8344969	-1.5834504
727676323	ACC	8.597412	-0.8249256	-1.6121643
727676332	ACC	8.6548395	-0.87278205	-1.6360924
727676342	ACC	8.740981	-0.8967103	-1.6313069
727676351	ACC	8.846265	-0.9349955	-1.6408781
727676361	ACC	8.970692	-0.99720883	-1.6743777
727676370	ACC	9.02812	-1.0307083	-1.6504494
727676380	ACC	9.032906	-1.0642079	-1.6217356
727676389	ACC	8.99462	-1.0929217	-1.6600207
727676399	ACC	8.989835	-1.1599208	-1.6887345
727676408	ACC	9.018549	-1.1886346	-1.7078772
727676418	ACC	9.109476	-1.2221341	-1.6600207
727676427	ACC	9.205189	-1.2699906	-1.6313069
727676437	ACC	9.296116	-1.2987045	-1.5930216
727676446	ACC	9.372686	-1.332204	-1.602593
727676456	ACC	9.353543	-1.3800604	-1.6313069
727676465	ACC	9.334401	-1.4470595	-1.6600207
727676475	ACC	9.406186	-1.494916	-1.6217356
727676484	ACC	9.521041	-1.5475581	-1.5547365
727676494	ACC	9.602397	-1.6193427	-1.4638093
727676503	ACC	9.688539	-1.6767704	-1.4255241
727676513	ACC	9.77468	-1.7581264	-1.3537394
727676522	ACC	9.798609	-1.8394824	-1.3154542
727676532	ACC	9.812965	-1.9160527	-1.238884
727676541	ACC	9.8321085	-1.9830518	-1.21017
727676551	ACC	9.88475	-2.0452652	-1.1670992
727676560	ACC	9.908679	-2.0691934	-1.1192428
727676570	ACC	9.91825	-2.0931215	-1.1240284
727676579	ACC	9.879965	-2.1361923	-1.1240284
727676589	ACC	9.860822	-2.1744776	-1.1192428
727676598	ACC	9.822537	-2.2175484	-1.0953146
727676608	ACC	9.851251	-2.2462623	-1.0426725
727676617	ACC	9.956535	-2.274976	-0.99003035
727676627	ACC	10.066605	-2.332404	-0.99003035
727676636	ACC	10.171889	-2.3754747	-0.99003035
727676646	ACC	10.243673	-2.423331	-1.0235299
727676655	ACC	10.310673	-2.437688	-1.0666007
727676665	ACC	10.301102	-2.4472594	-1.1288141
727676674	ACC	10.238888	-2.4855444	-1.1862419
727676684	ACC	10.18146	-2.504687	-1.2197413
727676693	ACC	10.133604	-2.5477579	-1.2580265
727676703	ACC	10.119247	-2.5860431	-1.2723835
727676712	ACC	10.171889	-2.5860431	-1.238884
727676722	ACC	10.320244	-2.5477579	-1.1431711
727676731	ACC	10.492527	-2.4855444	-1.090529
727676741	ACC	10.683953	-2.4329023	-1.1144571
727676750	ACC	10.832308	-2.356332	-1.1670992
727676760	ACC	10.880164	-2.289333	-1.2771691
727676769	ACC	10.918449	-2.2127628	-1.372882
727676779	ACC	10.966306	-2.1888344	-1.4590236
727676788	ACC	10.9375925	-2.1744776	-1.4877375
727676798	ACC	10.884951	-2.1649063	-1.4877375
727676807	ACC	10.851451	-2.169692	-1.439881
727676817	ACC	10.794023	-2.179263	-1.4015958
727676826	ACC	10.736595	-2.179263	-1.3489537
727676836	ACC	10.679168	-2.1744776	-1.2723835
727676845	ACC	10.602597	-2.1744776	-1.2675978
727676855	ACC	10.549955	-2.169692	-1.2723835
727676864	ACC	10.502099	-2.1984057	-1.3202399
727676874	ACC	10.439885	-2.1601207	-1.372882
727676883	ACC	10.396814	-2.1601207	-1.4207385
727676893	ACC	10.353744	-2.169692	-1.4542379
727676902	ACC	10.301102	-2.1601207	-1.4733806
727676912	ACC	10.162318	-2.155335	-1.4829519
727676921	ACC	10.028319	-2.2031915	-1.4638093
727676931	ACC	9.913465	-2.2797618	-1.4350954
727676940	ACC	9.812965	-2.3228326	-1.3633107
727676950	ACC	9.678967	-2.332404	-1.2723835
727676959	ACC	9.65504	-2.370689	-1.1958131
727676969	ACC	9.568898	-2.385046	-1.1527423
727676978	ACC	9.482756	-2.3898315	-1.1383854
727676988	ACC	9.382257	-2.4089742	-1.1335998
727676997	ACC	9.353543	-2.4711876	-1.090529
727677007	ACC	9.372686	-2.504687	-1.0378869
727677016	ACC	9.339187	-2.5094728	-0.97567344
727677026	ACC	9.353543	-2.533401	-0.9517452
727677035	ACC	9.353543	-2.5238297	-0.9182457
727677045	ACC	9.387043	-2.4999015	-0.8703892
727677054	ACC	9.434899	-2.5094728	-0.8703892
727677064	ACC	9.468399	-2.4951158	-0.87996054
727677073	ACC	9.525827	-2.4855444	-0.84167534
727677083	ACC	9.58804	-2.466402	-0.7890333
727677092	ACC	9.745967	-2.4329023	-0.7363912
727677102	ACC	9.894321	-2.4185455	-0.6837491
727677111	ACC	10.080962	-2.466402	-0.65982085
727677121	ACC	10.191031	-2.466402	-0.6789634
727677130	ACC	10.310673	-2.452045	-0.6550352
727677140	ACC	10.449456	-2.423331	-0.67417777
727677149	ACC	10.54517	-2.385046	-0.75553375
727677159	ACC	10.612168	-2.3371894	-0.8177471
727677168	ACC	10.683953	-2.2797618	-0.90388876
727677178	ACC	10.722239	-2.236691	-0.9708878
727677187	ACC	10.722239	-2.2319052	-1.0331012
727677197	ACC	10.688739	-2.2558336	-1.0378869
727677206	ACC	10.660025	-2.2845473	-1.0139586
727677216	ACC	10.621739	-2.3132613	-0.994816
727677225	ACC	10.674382	-2.3419752	-0.9517452
727677235	ACC	10.750952	-2.3276181	-0.8895318
727677244	ACC	10.827522	-2.3276181	-0.83688974
727677254	ACC	10.880164	-2.3132613	-0.8703892
727677263	ACC	10.813166	-2.2797618	-0.9517452
727677273	ACC	10.645668	-2.2462623	-1.0091729
727677282	ACC	10.487741	-2.2271197	-1.0857433
727677292	ACC	10.406385	-2.1984057	-1.1431711
727677301	ACC	10.392029	-2.2797618	-1.1958131
727677311	ACC	10.47817	-2.356332	-1.224527
727677320	ACC	10.5690975	-2.385046	-1.21017
727677330	ACC	10.650454	-2.3515465	-1.2197413
727677339	ACC	10.746166	-2.2989044	-1.2340983
727677349	ACC	10.813166	-2.207977	-1.2771691
727677358	ACC	10.789237	-2.1122642	-1.3824533
727677368	ACC	10.717453	-2.035694	-1.5164514
727677377	ACC	10.636097	-1.9495523	-1.6121643
727677387	ACC	10.583454	-1.8825532	-1.6217356
727677396	ACC	10.425529	-1.791626	-1.5595222
727677406	ACC	10.305887	-1.7150556	-1.4733806
727677415	ACC	10.353744	-1.6863418	-1.3298112
727677425	ACC	10.459028	-1.7198412	-1.1862419
727677434	ACC	10.645668	-1.6767704	-1.0426725
727677444	ACC	10.822737	-1.5571294	-0.97567344
727677453	ACC	11.038091	-1.4901303	-0.9661021
727677463	ACC	11.2343025	-1.3513466	-1.1001002
727677472	ACC	11.315659	-1.2173486	-1.2675978
727677482	ACC	11.310873	-1.0689936	-1.439881
727677491	ACC	11.248659	-0.91585284	-1.6073786
727677501	ACC	11.167303	-0.8009974	-1.7461623
727677510	ACC	11.042876	-0.72442704	-1.7844474
727677520	ACC	10.875379	-0.67178494	-1.7796619
727677529	ACC	10.679168	-0.61914283	-1.7605193
727677539	ACC	10.5690975	-0.55692947	-1.7078772
727677548	ACC	10.4351	-0.4851448	-1.669592
727677558	ACC	10.286744	-0.36550367	-1.655235
727677567	ACC	10.286744	-0.24107689	-1.669592
727677577	ACC	10.238888	-0.15014961	-1.683949
727677586	ACC	10.253245	-0.04965107	-1.6073786
727677596	ACC	10.258031	0.0029910284	-1.4638093
727677605	ACC	10.286744	0.06999006	-1.2532408
727677615	ACC	10.382458	0.19920248	-1.0283155
727677624	ACC	10.10489	0.31405798	-1.0522437
727677634	ACC	9.88475	0.39541394	-1.3393825
727677643	ACC	9.525827	0.47676992	-1.3298112
727677653	ACC	9.209974	0.48155555	-1.4494523
727677662	ACC	8.669196	0.44805604	-2.1768703
727677672	ACC	8.185846	0.41455653	-1.0378869
727677681	ACC	8.066205	0.49112684	-0.10468599
727677691	ACC	6.6257257	0.6586244	-0.10468599
727677700	ACC	8.812766	1.07019	1.7617157
727677710	ACC	7.9369926	0.907478	2.245066
727677719	ACC	8.190632	0.59641105	2.9437702
727677729	ACC	8.185846	0.8644072	3.675974
727677738	ACC	8.286345	0.7304091	4.3268213
727677748	ACC	8.271988	0.61076796	5.2073803
727677757	ACC	7.7503524	0.9696914	5.4849477
727677767	ACC	7.243074	1.1467602	5.2743793
727677776	ACC	6.893722	1.2807583	4.494319
727677786	ACC	6.6257257	1.3477573	3.6233318
727677795	ACC	6.5491557	1.4099708	3.7429729
727677805	ACC	6.836294	1.2520444	3.738187
727677814	ACC	6.745367	1.1563315	3.738187
727677824	ACC	6.3625154	1.1084751	4.4895334
727677833	ACC	5.864808	0.9696914	5.183452
727677843	ACC	5.4628143	0.74476606	6.0544395
727677852	ACC	5.2809596	0.4959125	6.494719
727677862	ACC	5.204389	0.24227329	7.4470625
727677871	ACC	4.9268217	0.36191443	8.20798
727677881	ACC	4.941179	0.72083783	8.270193
727677890	ACC	5.2666025	0.70648086	8.117053
727677900	ACC	5.3623157	0.36191443	7.748558
727677909	ACC	5.261817	0.33320054	7.528418
727677919	ACC	5.0751767	0.45762733	7.571489
727677928	ACC	4.7880383	0.5102694	7.700701
727677938	ACC	4.4339004	0.4336991	7.7150583
727677947	ACC	4.0797625	0.41455653	7.839485
727677957	ACC	3.8787656	0.44805604	8.0404825
727677966	ACC	3.940979	0.5054838	8.093124
727677976	ACC	4.17069	0.49112684	8.227122
727677985	ACC	4.371687	0.41455653	8.351549
727677995	ACC	4.3334017	0.40498522	8.408977
727678004	ACC	4.1850467	0.4001996	8.475976
727678014	ACC	4.319045	0.45762733	8.65783
727678023	ACC	4.668397	0.7256235	8.389834
727678033	ACC	4.2424746	0.7160522	8.437691
727678042	ACC	4.496114	0.77826554	8.050054
727678052	ACC	4.6779685	0.88354975	8.107481
727678061	ACC	4.5487556	0.92183495	8.313264
727678071	ACC	4.223332	0.8596215	8.614759
727678080	ACC	3.7304106	0.75912297	8.897113
727678090	ACC	3.1800613	0.6873383	9.069396
727678099	ACC	2.6679974	0.6203393	9.208179
727678109	ACC	2.4239295	0.5629115	9.380463
727678118	ACC	2.510071	0.6203393	9.428319
727678128	ACC	2.658426	0.70648086	9.366106
727678137	ACC	2.7732813	0.7639086	9.155538
727678147	ACC	2.8546374	0.88354975	8.906684
727678156	ACC	2.9072795	0.95054877	8.710473
727678166	ACC	2.940779	0.98883396	8.566903
727678175	ACC	2.9455647	1.0031909	8.461619
727678185	ACC	2.9647074	1.0319048	8.251051
727678194	ACC	3.0460632	1.1036894	8.246265
727678204	ACC	3.1274192	1.1706885	8.313264
727678213	ACC	3.2183464	1.2472588	8.322835
727678223	ACC	3.2566316	1.3046865	8.499905
727678232	ACC	3.2422748	1.3142579	8.700901
727678242	ACC	3.2614172	1.3094722	8.882756
727678251	ACC	3.318845	1.3669	8.95454
727678261	ACC	3.2853456	1.3190435	8.930613
727678270	ACC	3.2087753	1.2376875	8.87797
727678279	ACC	2.9312077	1.0845468	8.944969
727678289	ACC	2.8402805	1.0462617	9.208179
727678298	ACC	2.7876384	1.4147564	10.256236
727678308	ACC	3.4432719	0.68255264	9.653245
727678317	ACC	3.591627	0.73519474	8.413763
727678327	ACC	3.5198421	1.5535401	8.112267
727678336	ACC	3.9649072	1.7593229	7.8203425
727678346	ACC	4.3812585	1.7928224	7.4709907
727678355	ACC	4.510471	1.9746768	7.533204
727678365	ACC	4.5631127	2.0464616	7.8346996
727678374	ACC	4.462614	1.8454645	8.217551
727678384	ACC	4.17069	1.6301104	8.676973
727678393	ACC	3.802195	1.4243277	9.078967
