727645684	ACC	2.6488547	2.2187448	9.260822
727645703	ACC	2.725425	2.25703	9.256036
727645722	ACC	2.845066	2.3479571	9.045467
727645741	ACC	2.9838498	2.3814569	9.026325
727645760	ACC	3.0077782	2.3288147	9.150752
727645779	ACC	2.8689942	2.3001008	9.112467
727645798	ACC	2.7589245	2.2857437	9.169894
727645817	ACC	2.725425	2.2618155	9.370892
727645836	ACC	2.6871397	2.228316	9.490533
727645855	ACC	2.5579274	2.242673	9.433105
727645874	ACC	2.5722845	2.2331018	9.28475
727645893	ACC	2.57707	2.2857437	9.160323
727645911	ACC	2.5387847	2.3288147	9.055039
727645930	ACC	2.629712	2.324029	9.160323
727645949	ACC	2.57707	2.3001008	9.227323
727645968	ACC	2.524428	2.3001008	9.122038
727645987	ACC	2.6201408	2.2331018	9.136395
727646006	ACC	2.7110682	2.2522442	9.078967
727646025	ACC	2.7445676	2.242673	9.026325
727646044	ACC	2.778067	2.2187448	9.107681
727646063	ACC	2.8163524	2.1852453	9.169894
727646082	ACC	2.7014968	2.175674	9.074182
727646101	ACC	2.672783	2.1900308	9.007183
727646120	ACC	2.7158537	2.2522442	9.026325
727646139	ACC	2.7110682	2.2522442	9.093325
727646158	ACC	2.7062824	2.2474587	9.193823
727646177	ACC	2.6919255	2.228316	9.265608
727646196	ACC	2.6679974	2.2474587	9.25125
727646215	ACC	2.7110682	2.2809582	9.069396
727646234	ACC	2.7493532	2.324029	8.810971
727646253	ACC	2.7445676	2.3623142	9.198608
727646272	ACC	2.9455647	1.8741783	8.519047
727646291	ACC	3.1896327	2.5585256	8.47119
727646413	ACC	3.682554	2.1038892	7.2556367
727646422	ACC	3.8165522	2.1326032	6.9876404
727646432	ACC	4.046263	2.137389	6.8057857
727646441	ACC	4.3238306	2.2187448	6.7244296
727646451	ACC	4.615755	2.376671	6.533004
727646460	ACC	4.9316072	2.5489542	6.2171516
727646470	ACC	5.194818	2.8600214	6.1357956
727646479	ACC	5.352744	2.9078777	6.0831532
727646489	ACC	5.400601	2.917449	5.953941
727646498	ACC	5.5920267	3.1040893	5.7433724
727646508	ACC	5.692525	3.4007993	5.819943
727646517	ACC	5.773881	3.6448672	5.953941
727646527	ACC	5.9988065	3.8315072	6.0400825
727646536	ACC	6.3960147	3.984648	5.968298
727646546	ACC	6.530013	4.2478585	5.7720866
727646555	ACC	6.9415784	4.5158544	5.279165
727646565	ACC	7.372287	4.606782	4.551747
727646574	ACC	7.381858	4.7216372	3.8913279
727646584	ACC	7.578069	4.822136	3.2979078
727646593	ACC	7.1282187	4.9513483	2.6231318
727646603	ACC	7.02772	5.061418	2.0584257
727646612	ACC	7.4010005	5.5016975	1.2113664
727646622	ACC	7.3627152	5.535197	0.8045866
727646631	ACC	7.7072816	5.171488	0.6801598
727646641	ACC	7.5732837	4.946563	0.6753742
727646650	ACC	7.4010005	4.8699923	0.8428718
727646660	ACC	7.3052874	4.8269215	1.0677971
727646669	ACC	7.243074	4.8029933	1.1778669
727646679	ACC	7.281359	4.946563	1.0199406
727646688	ACC	7.487142	5.1762733	0.57009
727646698	ACC	7.850851	5.2624154	-0.032901313
727646707	ACC	8.310273	5.1906304	-0.56410795
727646717	ACC	8.721839	5.118846	-0.79860455
727646726	ACC	8.908479	4.9657054	-0.50189453
727646736	ACC	9.042477	4.764708	0.18245272
727646745	ACC	9.013762	4.697709	0.87158567
727646755	ACC	8.745767	4.6259246	1.2831511
727646764	ACC	8.382058	4.5684967	1.2065809
727646774	ACC	8.157132	4.601996	0.8333005
727646783	ACC	8.075776	4.5397825	0.39780676
727646793	ACC	8.094919	4.3722854	-0.023330022
727646802	ACC	8.190632	4.171288	-0.41575295
727646812	ACC	8.209774	3.8458643	-0.6789634
727646821	ACC	8.181061	3.5252259	-0.76989067
727646831	ACC	8.248059	3.2380872	-0.75553375
727646840	ACC	8.645268	3.094518	-0.76510507
727646850	ACC	9.133404	2.9940193	-0.70289165
727646859	ACC	9.573684	2.9365916	-0.7220342
727646869	ACC	9.923036	3.03709	-0.93260264
727646878	ACC	9.990034	3.1567314	-1.2723835
727646888	ACC	9.851251	3.1567314	-1.6313069
727646897	ACC	9.626326	3.0179477	-1.8418752
727646907	ACC	9.348758	2.797808	-1.8083757
727646916	ACC	9.042477	2.6255248	-1.5451652
727646926	ACC	8.750552	2.405385	-1.1288141
727646935	ACC	8.559127	2.1421745	-0.7507481
727646945	ACC	8.482556	1.8071793	-0.37268212
727646954	ACC	8.539984	1.5678971	-0.08075777
727646964	ACC	8.961121	1.3956138	0.12981063
727646973	ACC	9.272188	1.3238292	0.23509483
727646983	ACC	9.401401	1.2281163	0.28295127
727646992	ACC	9.4636135	1.1084751	0.21595225
727647002	ACC	9.420543	0.9601201	0.04366901
727647011	ACC	9.200403	0.77826554	-0.20518455
727647021	ACC	8.932407	0.58683974	-0.43010986
727647030	ACC	8.635697	0.4528417	-0.6406783
727647040	ACC	8.506484	0.24705894	-0.79860455
727647049	ACC	8.458628	-0.0065802624	-0.994816
727647059	ACC	8.640483	-0.24586253	-1.1335998
727647068	ACC	8.956335	-0.40378883	-1.1383854
727647078	ACC	9.195618	-0.49950173	-1.0953146
727647087	ACC	9.410972	-0.5377869	-1.0570294
727647097	ACC	9.540184	-0.5952146	-1.0091729
727647106	ACC	9.525827	-0.7052845	-0.9708878
727647116	ACC	9.444471	-0.8392825	-0.99960166
727647125	ACC	9.382257	-0.97806627	-0.9708878
727647135	ACC	9.315259	-1.1551352	-0.8895318
727647144	ACC	9.233903	-1.3082758	-0.78424764
727647154	ACC	9.238688	-1.4614165	-0.6646065
727647163	ACC	9.272188	-1.628914	-0.55453664
727647173	ACC	9.377472	-1.762912	-0.4779663
727647182	ACC	9.564112	-1.8777676	-0.43010986
727647192	ACC	9.784252	-1.9208384	-0.401396
727647201	ACC	10.090533	-1.9064814	-0.47318068
727647211	ACC	10.353744	-1.8681962	-0.549751
727647220	ACC	10.392029	-1.7964116	-0.68853474
727647230	ACC	10.301102	-1.7389839	-0.9086744
727647239	ACC	10.24846	-1.7485552	-1.1862419
727647249	ACC	10.186246	-1.7724833	-1.4350954
727647258	ACC	10.100104	-1.791626	-1.602593
727647267	ACC	10.253245	-1.8729819	-1.7605193
727647277	ACC	10.506885	-1.9974087	-1.7940187
727647286	ACC	10.822737	-2.155335	-1.7748762
727647296	ACC	10.99502	-2.289333	-1.7174485
727647305	ACC	11.10509	-2.5429723	-1.7270198
727647315	ACC	11.047662	-2.1649063	-1.4542379
727647324	ACC	11.224731	-2.1361923	-1.1575279
727647334	ACC	11.219945	-2.3802602	-1.1001002
727647343	ACC	11.100305	-2.4903302	-1.1527423
727647353	ACC	11.129018	-2.4951158	-1.1001002
727647362	ACC	11.277373	-2.4759731	-0.99960166
727647372	ACC	11.425728	-2.4568307	-0.927817
727647381	ACC	11.492727	-2.423331	-0.92303133
727647391	ACC	11.531013	-2.3611178	-0.9661021
727647400	ACC	11.58844	-2.2510478	-1.0426725
727647410	ACC	11.516655	-2.1888344	-1.1527423
727647419	ACC	11.420942	-2.184049	-1.2723835
727647429	ACC	11.310873	-2.2797618	-1.4446666
727647438	ACC	11.13859	-2.356332	-1.5643078
727647448	ACC	10.932807	-2.41376	-1.6169499
727647457	ACC	10.626525	-2.5525436	-1.6983058
727647467	ACC	10.291531	-2.6865416	-1.4159528
727647476	ACC	10.195817	-2.6434708	-1.439881
727647486	ACC	10.205389	-2.7343981	-1.7222341
727647495	ACC	10.291531	-3.0215368	-1.7988044
727647505	ACC	10.372886	-3.1842487	-1.7126628
727647514	ACC	10.459028	-3.3086755	-1.5738791
727647524	ACC	10.554741	-3.3469608	-1.4446666
727647533	ACC	10.621739	-3.3278182	-1.2915261
727647543	ACC	10.669596	-3.2368908	-1.1958131
727647552	ACC	10.717453	-3.2081769	-1.1718849
727647562	ACC	10.693524	-3.2177482	-1.2053844
727647571	ACC	10.602597	-3.1794631	-1.224527
727647581	ACC	10.497313	-3.0837502	-1.2293127
727647590	ACC	10.4016	-3.0263224	-1.1910275
727647600	ACC	10.281959	-2.992823	-1.1527423
727647609	ACC	10.109675	-2.964109	-1.0139586
727647619	ACC	9.985249	-2.9976087	-0.8033902
727647628	ACC	9.894321	-3.0646076	-0.56410795
727647638	ACC	9.812965	-3.141178	-0.30089745
727647647	ACC	9.741181	-3.2129626	-0.15254244
727647657	ACC	9.631111	-3.260819	-0.08554341
727647666	ACC	9.516255	-3.275176	-0.047258247
727647676	ACC	9.497113	-3.2656047	-0.066400826
727647685	ACC	9.473185	-3.275176	-0.15732808
727647695	ACC	9.501899	-3.251248	-0.29132617
727647704	ACC	9.568898	-3.275176	-0.4779663
727647714	ACC	9.559326	-3.2321053	-0.60717875
727647723	ACC	9.521041	-3.1842487	-0.71724856
727647733	ACC	9.454042	-3.1172497	-0.8751749
727647742	ACC	9.439685	-3.0502508	-0.9613165
727647752	ACC	9.564112	-3.045465	-1.0139586
727647761	ACC	9.731609	-3.0598218	-1.0426725
727647771	ACC	9.836894	-3.0358937	-0.99003035
727647780	ACC	9.836894	-3.0263224	-0.85124665
727647790	ACC	9.760324	-2.978466	-0.7363912
727647799	ACC	9.645468	-2.9736803	-0.6358926
727647809	ACC	9.468399	-2.9210382	-0.5210371
727647818	ACC	9.300901	-2.8396823	-0.34396824
727647828	ACC	9.32483	-2.7822545	-0.17647067
727647837	ACC	9.449257	-2.7726831	-0.09032906
727647847	ACC	9.564112	-2.7248268	0.029312078
727647856	ACC	9.635897	-2.6578279	0.14895321
727647866	ACC	9.755538	-2.6243281	0.21595225
727647875	ACC	9.84168	-2.6051857	0.19202402
727647885	ACC	9.942178	-2.5812573	0.19202402
727647894	ACC	10.052248	-2.5525436	0.18245272
727647904	ACC	10.119247	-2.5094728	0.15373886
727647913	ACC	10.176675	-2.4616163	0.14416756
727647923	ACC	10.267602	-2.437688	0.16331014
727647932	ACC	10.4016	-2.4711876	0.17288144
727647942	ACC	10.583454	-2.5142584	0.17288144
727647951	ACC	10.755738	-2.5429723	0.14416756
727647961	ACC	10.951949	-2.5429723	0.05802595
727647970	ACC	11.114661	-2.562115	-0.08075777
727647980	ACC	11.186446	-2.5477579	-0.29132617
727647989	ACC	11.129018	-2.571686	-0.4779663
727647999	ACC	11.033305	-2.5908287	-0.61675006
727648008	ACC	10.837093	-2.6482565	-0.6789634
727648018	ACC	10.77488	-2.7152555	-0.6837491
727648027	ACC	10.975878	-2.8492537	-0.6263213
727648037	ACC	11.310873	-2.9162526	-0.57846487
727648046	ACC	11.693725	-2.964109	-0.549751
727648056	ACC	12.019148	-2.9832516	-0.6454639
727648065	ACC	12.196217	-2.9832516	-0.83688974
727648075	ACC	12.224931	-3.0215368	-1.0809577
727648084	ACC	12.224931	-3.1555347	-1.3154542
727648094	ACC	12.14836	-3.275176	-1.4542379
727648103	ACC	11.933006	-3.3086755	-1.4685949
727648113	ACC	11.650654	-3.3517463	-1.5164514
727648122	ACC	11.406586	-3.3517463	-1.5690935
727648132	ACC	11.176874	-3.3517463	-1.5690935
727648141	ACC	10.99502	-3.3086755	-1.5786648
727648151	ACC	10.884951	-3.2799616	-1.5595222
727648160	ACC	10.765309	-3.2368908	-1.4685949
727648170	ACC	10.77488	-3.2847474	-1.3010973
727648179	ACC	10.884951	-3.423531	-1.1048858
727648189	ACC	10.889736	-3.5096726	-0.9708878
727648198	ACC	10.856236	-3.5527434	-1.0043873
727648208	ACC	10.612168	-3.5623147	-0.8560323
727648217	ACC	10.334601	-3.4857445	-0.8321041
727648227	ACC	10.037891	-3.370889	-1.0043873
727648236	ACC	9.669396	-3.3326037	-1.1192428
727648246	ACC	9.267402	-3.1794631	-1.1479566
727648255	ACC	9.0233345	-3.0598218	-1.1144571
727648265	ACC	8.975478	-3.0358937	-1.0953146
727648274	ACC	9.080762	-2.978466	-1.0187442
727648284	ACC	9.138189	-2.8875387	-0.91346
727648293	ACC	9.119047	-2.748755	-0.9086744
727648303	ACC	9.052048	-2.6051857	-0.94695956
727648312	ACC	8.913264	-2.4759731	-0.98524475
727648322	ACC	8.76491	-2.356332	-1.061815
727648331	ACC	8.573483	-2.2558336	-1.1001002
727648341	ACC	8.353344	-2.184049	-1.1001002
727648350	ACC	8.157132	-2.1314068	-1.0378869
727648360	ACC	8.013563	-2.1314068	-0.94695956
727648369	ACC	7.91785	-2.2175484	-0.8703892
727648379	ACC	7.836494	-2.2701905	-0.79860455
727648388	ACC	7.769495	-2.2701905	-0.7363912
727648398	ACC	7.798209	-2.236691	-0.70289165
727648407	ACC	7.8460655	-2.1361923	-0.7076773
727648417	ACC	7.8987074	-1.9878374	-0.7507481
727648426	ACC	7.941778	-1.8394824	-0.8895318
727648436	ACC	7.941778	-1.6911274	-1.076172
727648445	ACC	7.91785	-1.5379868	-1.2005987
727648455	ACC	7.8699937	-1.41356	-1.2915261
727648464	ACC	7.8556366	-1.3274183	-1.3393825
727648474	ACC	7.91785	-1.2987045	-1.3537394
727648483	ACC	7.989635	-1.265205	-1.3058829
727648493	ACC	8.094919	-1.2891332	-1.2628121
727648502	ACC	8.185846	-1.265205	-1.2293127
727648512	ACC	8.295917	-1.2364911	-1.2484552
727648521	ACC	8.372486	-1.183849	-1.2771691
727648531	ACC	8.487342	-1.1264212	-1.3393825
727648540	ACC	8.640483	-1.0307083	-1.4207385
727648550	ACC	8.702696	-0.93978107	-1.5451652
727648559	ACC	8.69791	-0.88235337	-1.6073786
727648569	ACC	8.58784	-0.8392825	-1.6313069
727648578	ACC	8.5112705	-0.8392825	-1.6504494
727648588	ACC	8.496913	-0.8392825	-1.5930216
727648597	ACC	8.5112705	-0.8632108	-1.5403795
727648607	ACC	8.573483	-0.8775677	-1.4446666
727648616	ACC	8.721839	-0.87278205	-1.4111671
727648626	ACC	8.903693	-0.8536395	-1.439881
727648635	ACC	9.0951185	-0.8488538	-1.5308083
727648645	ACC	9.205189	-0.82013994	-1.6073786
727648654	ACC	9.18126	-0.74835527	-1.7126628
727648664	ACC	9.138189	-0.738784	-1.8610178
727648673	ACC	9.119047	-0.74835527	-1.9902302
727648683	ACC	9.138189	-0.77706915	-2.1050856
727648692	ACC	9.085547	-0.7962117	-2.1529422
727648702	ACC	9.06162	-0.87278205	-2.2342982
727648711	ACC	9.123833	-0.97806627	-2.3347967
727648721	ACC	9.162118	-1.035494	-2.4496522
727648730	ACC	9.176475	-1.0929217	-2.545365
727648740	ACC	9.142975	-1.1455638	-2.5645077
727648749	ACC	9.085547	-1.2029916	-2.5692933
727648759	ACC	9.037691	-1.2891332	-2.5070798
727648768	ACC	9.047262	-1.4087744	-2.344368
727648778	ACC	9.008977	-1.494916	-2.0907288
727648787	ACC	8.946764	-1.614557	-1.7700906
727648797	ACC	8.908479	-1.7102699	-1.4207385
727648806	ACC	8.922835	-1.805983	-1.1670992
727648816	ACC	8.91805	-1.9064814	-0.99003035
727648825	ACC	8.941978	-1.9591235	-0.85124665
727648835	ACC	9.032906	-1.9782661	-0.7746763
727648844	ACC	9.109476	-2.0165513	-0.7316055
727648854	ACC	9.162118	-1.9974087	-0.76989067
727648863	ACC	9.209974	-2.00698	-0.83688974
727648873	ACC	9.348758	-2.030908	-0.9613165
727648882	ACC	9.434899	-2.0021944	-1.0666007
727648892	ACC	9.458828	-2.035694	-1.1479566
727648901	ACC	9.444471	-2.0500507	-1.238884
727648911	ACC	9.434899	-2.11705	-1.2675978
727648920	ACC	9.449257	-2.2031915	-1.2436695
727648930	ACC	9.473185	-2.2701905	-1.1958131
727648939	ACC	9.454042	-2.3419752	-1.1144571
727648949	ACC	9.530613	-2.3946173	-1.0474582
727648958	ACC	9.611969	-2.480759	-1.061815
727648968	ACC	9.717253	-2.519044	-1.0809577
727648977	ACC	9.817751	-2.5286152	-1.0666007
727648987	ACC	9.894321	-2.4711876	-1.0474582
727648996	ACC	9.91825	-2.4041886	-1.0713863
727649006	ACC	9.879965	-2.332404	-1.1192428
727649015	ACC	9.875179	-2.274976	-1.1862419
727649025	ACC	9.851251	-2.2319052	-1.2580265
727649034	ACC	9.88475	-2.2031915	-1.2915261
727649044	ACC	9.923036	-2.2127628	-1.2963116
727649053	ACC	10.023534	-2.2414765	-1.3058829
727649063	ACC	10.066605	-2.2845473	-1.2484552
727649072	ACC	10.10489	-2.3276181	-1.2053844
727649082	ACC	10.143175	-2.3515465	-1.1048858
727649091	ACC	10.171889	-2.3754747	-1.0187442
727649101	ACC	10.205389	-2.4185455	-0.8991031
727649110	ACC	10.286744	-2.4616163	-0.78424764
727649120	ACC	10.353744	-2.5094728	-0.68853474
727649129	ACC	10.521241	-2.5429723	-0.6693921
727649139	ACC	10.655239	-2.5573292	-0.6837491
727649148	ACC	10.750952	-2.4903302	-0.70289165
727649158	ACC	10.880164	-2.4616163	-0.7603194
727649167	ACC	10.990234	-2.4568307	-0.83688974
727649177	ACC	11.02852	-2.437688	-0.8751749
727649186	ACC	11.033305	-2.423331	-0.8991031
727649196	ACC	11.062019	-2.4424736	-0.846461
727649205	ACC	11.07159	-2.4903302	-0.74596244
727649215	ACC	11.10509	-2.5142584	-0.6119644
727649224	ACC	11.148161	-2.5142584	-0.42053857
727649234	ACC	11.13859	-2.437688	-0.21475583
727649243	ACC	11.0811615	-2.332404	-0.09032906
727649253	ACC	11.0811615	-2.274976	-0.071186475
727649262	ACC	11.018949	-2.2031915	-0.109471634
727649272	ACC	10.932807	-2.1074786	-0.18604197
727649281	ACC	10.827522	-2.035694	-0.3152544
727649291	ACC	10.722239	-1.9878374	-0.44925246
727649300	ACC	10.602597	-1.9782661	-0.5736792
727649310	ACC	10.492527	-2.0165513	-0.6837491
727649319	ACC	10.286744	-2.0117657	-0.71724856
727649329	ACC	10.028319	-2.0165513	-0.7076773
727649338	ACC	9.856036	-2.0548365	-0.7363912
727649348	ACC	9.741181	-2.0739791	-0.74596244
727649357	ACC	9.669396	-2.0979073	-0.7220342
727649367	ACC	9.693324	-2.11705	-0.6789634
727649376	ACC	9.745967	-2.1361923	-0.65982085
727649386	ACC	9.784252	-2.1601207	-0.6693921
727649395	ACC	9.765109	-2.1601207	-0.69332033
727649405	ACC	9.731609	-2.1505494	-0.78424764
727649414	ACC	9.736395	-2.1649063	-0.8847462
727649424	ACC	9.88475	-2.1744776	-0.99960166
727649433	ACC	9.994821	-2.184049	-1.1144571
727649443	ACC	10.124033	-2.1361923	-1.1814562
727649452	ACC	10.238888	-2.126621	-1.2149557
727649462	ACC	10.286744	-2.1026928	-1.2293127
727649471	ACC	10.267602	-2.1314068	-1.2293127
727649481	ACC	10.234102	-2.169692	-1.1670992
727649490	ACC	10.176675	-2.236691	-0.99960166
727649500	ACC	10.18146	-2.318047	-0.82731843
727649509	ACC	10.281959	-2.423331	-0.698106
727649519	ACC	10.4159565	-2.4903302	-0.59760743
727649528	ACC	10.468599	-2.4903302	-0.5353941
727649538	ACC	10.482956	-2.4999015	-0.549751
727649547	ACC	10.444671	-2.5286152	-0.61675006
727649557	ACC	10.358529	-2.5525436	-0.68853474
727649566	ACC	10.281959	-2.571686	-0.65982085
727649576	ACC	10.1288185	-2.5764718	-0.56410795
727649585	ACC	9.994821	-2.5669005	-0.43968117
727649595	ACC	9.961321	-2.5956144	-0.28175488
727649604	ACC	10.037891	-2.629114	-0.119042926
727649614	ACC	10.238888	-2.71047	0.081954174
727649623	ACC	10.487741	-2.748755	0.25902304
727649633	ACC	10.727024	-2.7583263	0.35473597
727649642	ACC	10.827522	-2.7343981	0.2973082
727649652	ACC	10.851451	-2.6721847	0.091525465
727649661	ACC	10.803595	-2.6338995	-0.20997019
727649671	ACC	10.645668	-2.5812573	-0.4636094
727649680	ACC	10.4016	-2.5669005	-0.61675006
727649690	ACC	10.229317	-2.5477579	-0.6693921
727649699	ACC	10.195817	-2.6243281	-0.67417777
727649709	ACC	10.396814	-2.7870402	-0.6119644
727649718	ACC	10.669596	-2.9306095	-0.60717875
727649728	ACC	10.966306	-2.9976087	-0.71724856
727649737	ACC	11.176874	-3.0311081	-0.84167534
727649747	ACC	11.2343025	-2.9976087	-1.0570294
727649756	ACC	11.114661	-2.8779674	-1.3633107
727649766	ACC	10.99502	-2.7870402	-1.5834504
727649775	ACC	10.904093	-2.6865416	-1.669592
727649785	ACC	10.822737	-2.653042	-1.7030915
727649794	ACC	10.851451	-2.6721847	-1.655235
727649804	ACC	10.880164	-2.6721847	-1.6169499
727649813	ACC	10.822737	-2.6578279	-1.588236
727649823	ACC	10.755738	-2.6721847	-1.602593
727649832	ACC	10.616954	-2.720041	-1.6408781
727649842	ACC	10.372886	-2.7343981	-1.6217356
727649851	ACC	10.07139	-2.7822545	-1.50688
727649861	ACC	9.741181	-2.8492537	-1.358525
727649870	ACC	9.506684	-2.9353952	-1.2149557
727649880	ACC	9.29133	-3.0358937	-1.0331012
727649889	ACC	9.114262	-3.0933216	-0.87996054
727649899	ACC	8.970692	-3.1363924	-0.76989067
727649908	ACC	8.860622	-3.1316066	-0.71246296
727649918	ACC	8.788837	-3.0837502	-0.68853474
727649927	ACC	8.774481	-2.978466	-0.76989067
727649937	ACC	8.836694	-2.8923244	-0.9086744
727649946	ACC	8.817552	-2.7966115	-1.0713863
727649956	ACC	8.707481	-2.6243281	-1.2436695
727649965	ACC	8.630911	-2.5142584	-1.4255241
727649975	ACC	8.539984	-2.4472594	-1.5164514
727649984	ACC	8.444271	-2.3754747	-1.5690935
727649994	ACC	8.3581295	-2.2701905	-1.5451652
727650003	ACC	8.353344	-2.236691	-1.4973087
727650013	ACC	8.353344	-2.2031915	-1.4446666
727650022	ACC	8.305488	-2.1649063	-1.4159528
727650032	ACC	8.276773	-2.1122642	-1.4111671
727650041	ACC	8.252846	-2.0835502	-1.372882
727650051	ACC	8.262417	-2.0548365	-1.3345969
727650060	ACC	8.334201	-2.0261226	-1.3010973
727650070	ACC	8.329415	-2.00698	-1.2532408
727650079	ACC	8.267202	-1.9878374	-1.2197413
727650089	ACC	8.152347	-1.9686948	-1.21017
727650098	ACC	8.066205	-1.9447666	-1.1575279
727650108	ACC	7.989635	-1.9495523	-1.1288141
727650117	ACC	7.9657063	-1.9543378	-1.1144571
727650127	ACC	8.013563	-1.9495523	-1.0713863
727650136	ACC	8.032705	-1.925624	-1.0139586
727650146	ACC	8.066205	-1.9016958	-0.99003035
727650155	ACC	8.142776	-1.8969102	-0.99003035
727650165	ACC	8.2049885	-1.8681962	-1.0091729
727650174	ACC	8.276773	-1.8155541	-1.0474582
727650184	ACC	8.372486	-1.762912	-1.0809577
727650193	ACC	8.453842	-1.7198412	-1.1431711
727650203	ACC	8.472985	-1.6576279	-1.21017
727650212	ACC	8.482556	-1.6336997	-1.2580265
727650222	ACC	8.530413	-1.628914	-1.3250256
727650231	ACC	8.563912	-1.6002002	-1.3920245
727650241	ACC	8.6548395	-1.628914	-1.4590236
727650250	ACC	8.7266245	-1.6624135	-1.5116657
727650260	ACC	8.793623	-1.6815561	-1.5786648
727650269	ACC	8.827123	-1.7054844	-1.6360924
727650279	ACC	8.846265	-1.7198412	-1.7030915
727650288	ACC	8.889337	-1.7676977	-1.7700906
727650298	ACC	8.956335	-1.8203398	-1.8227327
727650307	ACC	9.02812	-1.8299111	-1.8801605
727650317	ACC	9.114262	-1.8394824	-1.9184456
727650326	ACC	9.18126	-1.8490537	-1.9519451
727650336	ACC	9.171689	-1.8873389	-1.9902302
727650345	ACC	9.18126	-1.8873389	-1.9615164
727650355	ACC	9.119047	-1.9160527	-1.9136599
727650364	ACC	9.099904	-1.9878374	-1.7748762
727650374	ACC	9.075976	-2.0739791	-1.6073786
727650383	ACC	9.052048	-2.1218355	-1.3968102
727650393	ACC	9.075976	-2.2127628	-1.224527
727650402	ACC	9.06162	-2.2701905	-1.1623136
727650412	ACC	9.06162	-2.3467607	-1.076172
727650421	ACC	9.042477	-2.3898315	-0.98524475
727650431	ACC	8.970692	-2.4041886	-0.94695956
727650440	ACC	8.989835	-2.4424736	-0.9613165
727650450	ACC	9.013762	-2.4711876	-0.9804591
727650459	ACC	9.075976	-2.4951158	-0.9708878
727650469	ACC	9.142975	-2.5142584	-0.94695956
727650478	ACC	9.224331	-2.5381866	-0.994816
727650488	ACC	9.29133	-2.5764718	-1.0426725
727650497	ACC	9.372686	-2.6004	-1.0426725
727650507	ACC	9.4636135	-2.6051857	-1.0570294
727650516	ACC	9.650253	-2.6195426	-1.1048858
727650526	ACC	9.779466	-2.6099713	-1.1288141
727650535	ACC	9.908679	-2.571686	-1.1575279
727650545	ACC	9.985249	-2.5812573	-1.2005987
727650554	ACC	10.047462	-2.5669005	-1.2771691
727650564	ACC	10.10489	-2.562115	-1.3202399
727650573	ACC	10.167104	-2.5812573	-1.3489537
727650583	ACC	10.219746	-2.5669005	-1.3824533
727650592	ACC	10.281959	-2.5669005	-1.3920245
727650602	ACC	10.315458	-2.533401	-1.3776677
727650611	ACC	10.348958	-2.5381866	-1.3441681
727650621	ACC	10.4016	-2.519044	-1.3298112
727650630	ACC	10.4159565	-2.4951158	-1.2867404
727650640	ACC	10.430314	-2.4855444	-1.238884
727650649	ACC	10.396814	-2.4568307	-1.1958131
727650659	ACC	10.4351	-2.4472594	-1.1431711
727650668	ACC	10.468599	-2.4951158	-1.1144571
727650678	ACC	10.420743	-2.4711876	-1.0713863
727650687	ACC	10.334601	-2.452045	-0.994816
727650697	ACC	10.277173	-2.437688	-0.9086744
727650706	ACC	10.262816	-2.480759	-0.84167534
727650716	ACC	10.234102	-2.5381866	-0.7746763
727650725	ACC	10.157532	-2.5669005	-0.69332033
727650735	ACC	10.057034	-2.5956144	-0.6119644
727650744	ACC	9.985249	-2.6865416	-0.52582276
727650754	ACC	9.9756775	-2.7583263	-0.42532423
727650763	ACC	10.047462	-2.8253253	-0.39661035
727650773	ACC	10.133604	-2.8827531	-0.35353956
727650782	ACC	10.234102	-2.8492537	-0.37746778
727650792	ACC	10.2723875	-2.7870402	-0.4779663
727650801	ACC	10.286744	-2.720041	-0.62153566
727650810	ACC	10.353744	-2.6243281	-0.779462
727650820	ACC	10.377672	-2.5429723	-0.927817
727650829	ACC	10.4351	-2.480759	-1.0426725
727650839	ACC	10.506885	-2.4185455	-1.1335998
727650848	ACC	10.554741	-2.3946173	-1.1814562
727650858	ACC	10.588241	-2.41376	-1.1862419
727650867	ACC	10.51167	-2.4041886	-1.2005987
727650877	ACC	10.439885	-2.4089742	-1.1766706
727650886	ACC	10.291531	-2.437688	-1.0331012
727650896	ACC	10.18146	-2.4711876	-0.846461
727650905	ACC	10.057034	-2.4711876	-0.6550352
727650915	ACC	9.956535	-2.5142584	-0.4636094
727650924	ACC	9.908679	-2.5238297	-0.27696922
727650934	ACC	9.817751	-2.5094728	-0.11425728
727650943	ACC	9.77468	-2.4855444	0.019740786
727650953	ACC	9.779466	-2.452045	0.14416756
727650962	ACC	9.84168	-2.423331	0.16331014
727650972	ACC	9.91825	-2.3754747	0.12023934
727650981	ACC	9.932607	-2.318047	-0.0041874396
727650991	ACC	9.927821	-2.30369	-0.20518455
727651000	ACC	9.994821	-2.318047	-0.42053857
727651010	ACC	10.057034	-2.2845473	-0.6646065
727651019	ACC	10.147961	-2.2558336	-0.8895318
727651029	ACC	10.234102	-2.2271197	-1.0378869
727651038	ACC	10.291531	-2.2175484	-1.1431711
727651048	ACC	10.229317	-2.1936202	-1.2293127
727651057	ACC	10.114461	-2.1984057	-1.2867404
727651067	ACC	10.004392	-2.2414765	-1.2867404
727651076	ACC	9.836894	-2.274976	-1.238884
727651086	ACC	9.712467	-2.30369	-1.1383854
727651095	ACC	9.592826	-2.3419752	-0.98524475
727651105	ACC	9.521041	-2.385046	-0.83688974
727651114	ACC	9.454042	-2.3611178	-0.6550352
727651124	ACC	9.444471	-2.3946173	-0.5449654
727651133	ACC	9.5353985	-2.41376	-0.44925246
727651143	ACC	9.664611	-2.4185455	-0.38703907
727651152	ACC	9.836894	-2.41376	-0.38703907
727651162	ACC	10.033105	-2.4185455	-0.4109673
727651171	ACC	10.24846	-2.4041886	-0.51146585
727651181	ACC	10.473385	-2.385046	-0.6454639
727651190	ACC	10.679168	-2.3611178	-0.76510507
727651200	ACC	10.7844515	-2.3371894	-0.85124665
727651209	ACC	10.827522	-2.3084757	-0.93738824
727651219	ACC	10.736595	-2.2845473	-1.0043873
727651228	ACC	10.564312	-2.318047	-0.99960166
727651238	ACC	10.396814	-2.3611178	-0.93738824
727651247	ACC	10.305887	-2.4472594	-0.8560323
727651257	ACC	10.411171	-2.5908287	-0.69332033
727651266	ACC	10.621739	-2.748755	-0.5449654
727651276	ACC	10.880164	-2.8109684	-0.4971089
727651285	ACC	11.152946	-2.8636105	-0.55453664
727651295	ACC	11.282159	-2.8875387	-0.6837491
727651304	ACC	11.272588	-2.815754	-0.92303133
727651314	ACC	11.196017	-2.8109684	-1.2005987
727651323	ACC	11.090733	-2.8061829	-1.4111671
727651333	ACC	10.861022	-2.8205397	-1.5690935
727651342	ACC	10.626525	-2.8540392	-1.5786648
727651352	ACC	10.473385	-2.925824	-1.4925231
727651361	ACC	10.334601	-3.0263224	-1.3298112
727651371	ACC	10.205389	-3.0789645	-1.0474582
727651380	ACC	10.090533	-3.1172497	-0.7316055
727651390	ACC	9.946963	-3.0885358	-0.5162515
727651399	ACC	9.789038	-3.0406795	-0.43968117
727651409	ACC	9.702896	-2.9545379	-0.44925246
727651418	ACC	9.54497	-2.830111	-0.47318068
727651428	ACC	9.363115	-2.667399	-0.5832505
727651437	ACC	9.238688	-2.571686	-0.76510507
727651447	ACC	9.090333	-2.504687	-0.90388876
727651456	ACC	9.071191	-2.4711876	-0.9613165
727651466	ACC	9.080762	-2.452045	-0.99003035
727651475	ACC	9.157332	-2.4616163	-0.99960166
727651485	ACC	9.219545	-2.4855444	-0.97567344
727651494	ACC	9.233903	-2.5142584	-0.99003035
727651504	ACC	9.205189	-2.5525436	-0.99960166
727651513	ACC	9.171689	-2.5812573	-1.0378869
727651523	ACC	9.119047	-2.6004	-1.0474582
727651532	ACC	9.06162	-2.6434708	-1.0426725
727651542	ACC	9.080762	-2.667399	-1.0474582
727651551	ACC	9.128618	-2.7152555	-1.0331012
727651561	ACC	9.219545	-2.7535408	-1.0474582
727651570	ACC	9.339187	-2.8061829	-1.1048858
727651580	ACC	9.387043	-2.8253253	-1.2149557
727651589	ACC	9.343972	-2.7822545	-1.358525
727651599	ACC	9.272188	-2.6913273	-1.4685949
727651608	ACC	9.205189	-2.653042	-1.6265212
727651618	ACC	9.114262	-2.5908287	-1.7174485
727651627	ACC	9.0233345	-2.4951158	-1.7461623
727651637	ACC	8.908479	-2.4424736	-1.7270198
727651646	ACC	8.817552	-2.423331	-1.683949
727651656	ACC	8.721839	-2.437688	-1.6073786
727651665	ACC	8.597412	-2.423331	-1.4494523
727651675	ACC	8.525627	-2.4329023	-1.2675978
727651684	ACC	8.492127	-2.4041886	-1.1288141
727651694	ACC	8.449057	-2.423331	-1.061815
727651703	ACC	8.410771	-2.3898315	-0.99003035
727651713	ACC	8.405986	-2.332404	-0.9182457
727651722	ACC	8.348558	-2.2701905	-0.9086744
727651732	ACC	8.286345	-2.1984057	-0.87996054
727651741	ACC	8.200203	-2.140978	-0.89431745
727651751	ACC	8.233703	-2.1074786	-0.9661021
727651760	ACC	8.305488	-2.0691934	-1.0331012
727651770	ACC	8.295917	-2.0165513	-1.0953146
727651779	ACC	8.295917	-1.9447666	-1.2293127
727651789	ACC	8.315059	-1.911267	-1.358525
727651798	ACC	8.343773	-1.8729819	-1.4494523
727651808	ACC	8.458628	-1.8442681	-1.521237
727651817	ACC	8.573483	-1.8203398	-1.602593
727651827	ACC	8.721839	-1.8251255	-1.6600207
727651836	ACC	8.932407	-1.7820547	-1.7030915
727651846	ACC	9.114262	-1.7485552	-1.8131614
727651855	ACC	9.224331	-1.7102699	-1.9471594
727651865	ACC	9.253045	-1.6624135	-2.047658
727651874	ACC	9.267402	-1.5762719	-2.1768703
727651884	ACC	9.305687	-1.5427724	-2.2917259
727651893	ACC	9.267402	-1.5236298	-2.373082
727651903	ACC	9.205189	-1.5140585	-2.4017956
727651912	ACC	9.128618	-1.5427724	-2.4017956
727651922	ACC	9.080762	-1.5667006	-2.3347967
727651931	ACC	9.047262	-1.6384853	-2.2151556
727651941	ACC	9.052048	-1.6863418	-2.0811574
727651950	ACC	9.071191	-1.7341982	-1.8705891
727651960	ACC	9.090333	-1.777269	-1.7126628
727651969	ACC	9.133404	-1.7868403	-1.6360924
727651979	ACC	9.21476	-1.8155541	-1.5978073
727651988	ACC	9.329616	-1.8442681	-1.6121643
727651998	ACC	9.47797	-1.8921245	-1.683949
727652007	ACC	9.530613	-1.9064814	-1.7653049
727652017	ACC	9.54497	-1.9351953	-1.80359
727652026	ACC	9.4636135	-1.9830518	-1.8514465
727652036	ACC	9.391829	-2.021337	-1.8323039
727652045	ACC	9.305687	-2.0787647	-1.7796619
727652055	ACC	9.229117	-2.1744776	-1.669592
727652064	ACC	9.133404	-2.2845473	-1.5643078
727652074	ACC	9.056833	-2.3659034	-1.4303098
727652083	ACC	9.032906	-2.480759	-1.2580265
727652093	ACC	9.06162	-2.5860431	-1.0809577
727652102	ACC	9.099904	-2.6195426	-0.9182457
727652112	ACC	9.176475	-2.5908287	-0.7603194
727652121	ACC	9.276974	-2.5381866	-0.6693921
727652131	ACC	9.300901	-2.4568307	-0.698106
727652140	ACC	9.32483	-2.3994029	-0.80817586
727652150	ACC	9.3200445	-2.318047	-0.9182457
727652159	ACC	9.267402	-2.2558336	-0.99003035
727652169	ACC	9.243474	-2.155335	-1.076172
727652178	ACC	9.219545	-2.1601207	-1.1001002
727652188	ACC	9.205189	-2.1649063	-1.0666007
727652197	ACC	9.162118	-2.2127628	-0.9613165
727652207	ACC	9.1669035	-2.289333	-0.84167534
727652216	ACC	9.171689	-2.3611178	-0.7316055
727652226	ACC	9.286545	-2.4185455	-0.7076773
727652235	ACC	9.410972	-2.466402	-0.70289165
727652245	ACC	9.5353985	-2.4855444	-0.70289165
727652254	ACC	9.65504	-2.4616163	-0.7603194
727652264	ACC	9.769895	-2.41376	-0.8991031
727652273	ACC	9.827323	-2.3611178	-0.99960166
727652283	ACC	9.88475	-2.289333	-1.1096715
727652292	ACC	9.956535	-2.2414765	-1.2005987
727652302	ACC	9.999606	-2.1936202	-1.2723835
727652311	ACC	10.013963	-2.1744776	-1.3106686
727652321	ACC	9.927821	-2.140978	-1.2963116
727652330	ACC	9.856036	-2.1218355	-1.238884
727652340	ACC	9.798609	-2.1457636	-1.1623136
727652349	ACC	9.80818	-2.184049	-1.0713863
727652359	ACC	9.860822	-2.2127628	-0.9804591
727652368	ACC	9.889536	-2.236691	-0.927817
727652378	ACC	9.84168	-2.236691	-0.93260264
727652387	ACC	9.836894	-2.2319052	-0.9182457
727652397	ACC	9.9038925	-2.2797618	-0.9086744
727652406	ACC	10.023534	-2.3228326	-0.8991031
727652416	ACC	10.13839	-2.3419752	-0.8895318
727652425	ACC	10.24846	-2.3754747	-0.85124665
727652435	ACC	10.305887	-2.3994029	-0.83688974
727652444	ACC	10.262816	-2.4041886	-0.8847462
727652454	ACC	10.267602	-2.3898315	-0.90388876
727652463	ACC	10.277173	-2.4185455	-0.90388876
727652473	ACC	10.363315	-2.3802602	-0.89431745
727652482	ACC	10.506885	-2.370689	-0.91346
727652492	ACC	10.621739	-2.3515465	-0.9517452
727652501	ACC	10.6408825	-2.289333	-1.0139586
727652511	ACC	10.626525	-2.2414765	-1.1001002
727652520	ACC	10.607383	-2.2510478	-1.1670992
727652530	ACC	10.588241	-2.2319052	-1.1431711
727652539	ACC	10.593026	-2.236691	-1.0809577
727652549	ACC	10.588241	-2.2606192	-0.95653087
727652558	ACC	10.549955	-2.2606192	-0.8751749
727652568	ACC	10.459028	-2.2701905	-0.7938189
727652577	ACC	10.243673	-2.274976	-0.7938189
727652587	ACC	9.91825	-2.332404	-0.8321041
727652596	ACC	9.645468	-2.3611178	-0.8033902
727652606	ACC	9.430114	-2.3802602	-0.6789634
727652615	ACC	9.334401	-2.3946173	-0.5306084
727652625	ACC	9.353543	-2.4472594	-0.35832518
727652634	ACC	9.434899	-2.4951158	-0.19561325
727652644	ACC	9.592826	-2.5525436	-0.09990034
727652653	ACC	9.77468	-2.562115	-0.08075777
727652663	ACC	9.860822	-2.5286152	-0.09032906
727652672	ACC	9.932607	-2.4855444	-0.19082761
727652682	ACC	9.95175	-2.4185455	-0.33918262
727652691	ACC	9.961321	-2.3419752	-0.52582276
727652701	ACC	10.009177	-2.265405	-0.7076773
727652710	ACC	10.100104	-2.2031915	-0.83688974
727652720	ACC	10.191031	-2.140978	-0.8847462
727652729	ACC	10.224531	-2.0835502	-0.8895318
727652739	ACC	10.195817	-2.0500507	-0.82731843
727652748	ACC	10.152746	-2.0165513	-0.7268199
727652758	ACC	10.090533	-1.9878374	-0.60717875
727652767	ACC	10.023534	-1.9543378	-0.4779663
727652777	ACC	9.970892	-1.939981	-0.39661035
727652786	ACC	9.994821	-1.9734805	-0.31046873
727652796	ACC	9.985249	-2.0165513	-0.21954148
727652805	ACC	9.946963	-2.0261226	-0.16689938
727652815	ACC	9.956535	-2.00698	-0.13339986
727652824	ACC	9.994821	-1.9782661	-0.123828575
727652834	ACC	10.061819	-1.8969102	-0.13339986
727652843	ACC	10.281959	-1.8299111	-0.22911277
727652853	ACC	10.459028	-1.8011973	-0.36789647
727652862	ACC	10.612168	-1.8011973	-0.5162515
727652872	ACC	10.683953	-1.7868403	-0.6406783
727652881	ACC	10.851451	-1.8442681	-0.7746763
727652891	ACC	11.076376	-1.9543378	-0.846461
727652900	ACC	11.239088	-2.00698	-0.8703892
727652910	ACC	11.339586	-2.0739791	-0.8991031
727652919	ACC	11.387443	-2.088336	-0.94695956
727652929	ACC	11.339586	-2.0931215	-1.0091729
727652938	ACC	11.315659	-2.11705	-1.0809577
727652948	ACC	11.32523	-2.1649063	-1.1718849
727652957	ACC	11.296515	-2.236691	-1.1862419
727652967	ACC	11.267802	-2.274976	-1.1814562
727652976	ACC	11.248659	-2.3515465	-1.1192428
727652986	ACC	11.181661	-2.4568307	-1.0331012
727652995	ACC	11.052447	-2.5142584	-0.94695956
727653005	ACC	10.894522	-2.6051857	-0.90388876
727653014	ACC	10.760524	-2.720041	-0.8560323
727653024	ACC	10.597812	-2.801397	-0.7938189
727653033	ACC	10.487741	-2.9162526	-0.74596244
727653043	ACC	10.4016	-3.0119655	-0.7268199
727653052	ACC	10.363315	-3.1172497	-0.7268199
727653062	ACC	10.372886	-3.19382	-0.7220342
727653071	ACC	10.3441725	-3.1842487	-0.74117684
727653081	ACC	10.277173	-3.1507492	-0.8033902
727653090	ACC	10.167104	-3.0502508	-0.8321041
727653100	ACC	10.042677	-2.925824	-0.9086744
727653109	ACC	9.942178	-2.8061829	-1.0187442
727653119	ACC	9.846465	-2.7056842	-1.1527423
727653128	ACC	9.736395	-2.6051857	-1.238884
727653138	ACC	9.664611	-2.6004	-1.2867404
727653147	ACC	9.611969	-2.6482565	-1.3345969
727653157	ACC	9.540184	-2.7008986	-1.3441681
727653166	ACC	9.415757	-2.7152555	-1.3106686
727653176	ACC	9.281759	-2.7343981	-1.3154542
727653185	ACC	9.157332	-2.7726831	-1.2867404
727653195	ACC	9.018549	-2.801397	-1.2915261
727653204	ACC	8.913264	-2.777469	-1.2675978
727653214	ACC	8.846265	-2.7870402	-1.2532408
727653223	ACC	8.755338	-2.748755	-1.2197413
727653232	ACC	8.712267	-2.7296124	-1.224527
727653242	ACC	8.7266245	-2.7343981	-1.224527
727653251	ACC	8.755338	-2.71047	-1.2771691
727653261	ACC	8.755338	-2.6338995	-1.3058829
727653270	ACC	8.717052	-2.5860431	-1.3680964
727653280	ACC	8.721839	-2.5286152	-1.4063815
727653289	ACC	8.669196	-2.4616163	-1.4781662
727653299	ACC	8.611769	-2.370689	-1.5547365
727653308	ACC	8.559127	-2.2989044	-1.588236
727653318	ACC	8.496913	-2.2127628	-1.6073786
727653327	ACC	8.449057	-2.1457636	-1.5595222
727653337	ACC	8.4012	-2.0931215	-1.5020944
727653346	ACC	8.338987	-2.0548365	-1.4350954
727653356	ACC	8.315059	-1.9830518	-1.3776677
727653365	ACC	8.319844	-1.9686948	-1.3489537
727653375	ACC	8.4012	-1.9160527	-1.3824533
727653384	ACC	8.4682	-1.8969102	-1.4542379
727653394	ACC	8.487342	-1.8634106	-1.5403795
727653403	ACC	8.482556	-1.8442681	-1.6887345
727653413	ACC	8.4682	-1.8011973	-1.7796619
727653422	ACC	8.410771	-1.7437695	-1.7988044
727653432	ACC	8.4012	-1.7054844	-1.80359
727653441	ACC	8.463413	-1.6671991	-1.7940187
727653451	ACC	8.539984	-1.6049858	-1.7318054
727653460	ACC	8.6548395	-1.5379868	-1.683949
727653470	ACC	8.750552	-1.4901303	-1.7078772
727653479	ACC	8.793623	-1.4231312	-1.7222341
727653489	ACC	8.788837	-1.3896317	-1.736591
727653498	ACC	8.793623	-1.3513466	-1.7653049
727653508	ACC	8.7984085	-1.3417753	-1.8083757
727653517	ACC	8.846265	-1.317847	-1.8370895
727653527	ACC	8.941978	-1.3082758	-1.8323039
727653536	ACC	9.056833	-1.2939188	-1.8705891
727653546	ACC	9.162118	-1.332204	-1.9088743
727653555	ACC	9.195618	-1.3082758	-1.9471594
727653565	ACC	9.186047	-1.2891332	-1.966302
727653574	ACC	9.229117	-1.2747762	-1.9423738
727653584	ACC	9.300901	-1.265205	-1.8801605
727653593	ACC	9.353543	-1.2412767	-1.8323039
727653603	ACC	9.387043	-1.2364911	-1.7892331
727653612	ACC	9.391829	-1.2317054	-1.7700906
727653622	ACC	9.35833	-1.2029916	-1.7557336
727653631	ACC	9.339187	-1.1886346	-1.7413766
727653641	ACC	9.367901	-1.1934203	-1.7844474
727653650	ACC	9.425328	-1.1216356	-1.8083757
727653660	ACC	9.487542	-1.0642079	-1.8562322
727653669	ACC	9.492328	-0.9876375	-1.9232312
727653679	ACC	9.51147	-0.8919246	-1.9806589
727653688	ACC	9.616755	-0.8344969	-1.9998015
727653698	ACC	9.745967	-0.7818548	-1.9902302
727653707	ACC	9.84168	-0.7004988	-1.9854445
727653717	ACC	9.913465	-0.6861419	-2.0285153
727653726	ACC	9.970892	-0.7292127	-1.9519451
727653736	ACC	9.923036	-0.7579266	-1.8514465
727653745	ACC	9.927821	-0.8105687	-1.7605193
727653755	ACC	9.999606	-0.93978107	-1.6265212
727653764	ACC	10.076176	-1.0307083	-1.4925231
727653774	ACC	10.109675	-1.102493	-1.3345969
727653783	ACC	10.157532	-1.1551352	-1.224527
727653793	ACC	10.191031	-1.1551352	-1.1958131
727653802	ACC	10.210175	-1.1790633	-1.2197413
727653812	ACC	10.171889	-1.2173486	-1.3345969
727653821	ACC	10.047462	-1.2412767	-1.4685949
727653831	ACC	9.889536	-1.2556337	-1.535594
727653840	ACC	9.712467	-1.3082758	-1.5834504
727653850	ACC	9.51147	-1.3369896	-1.5738791
727653859	ACC	9.305687	-1.4327025	-1.50688
727653869	ACC	9.085547	-1.5332011	-1.4111671
727653878	ACC	8.961121	-1.6815561	-1.2819548
727653888	ACC	8.903693	-1.777269	-1.1670992
727653897	ACC	8.913264	-1.8729819	-1.0331012
727653907	ACC	8.95155	-1.939981	-0.9708878
727653916	ACC	8.985049	-1.9447666	-0.94695956
727653926	ACC	9.047262	-1.9447666	-1.0043873
727653935	ACC	9.142975	-1.9016958	-1.0857433
727653945	ACC	9.186047	-1.8777676	-1.224527
727653954	ACC	9.257831	-1.8777676	-1.3298112
727653964	ACC	9.21476	-1.8490537	-1.4207385
727653973	ACC	9.119047	-1.8634106	-1.4446666
727653983	ACC	8.985049	-1.8634106	-1.372882
727653992	ACC	8.874979	-1.9016958	-1.2580265
727654002	ACC	8.784052	-1.9543378	-1.090529
727654011	ACC	8.702696	-2.0021944	-0.95653087
727654021	ACC	8.6548395	-2.126621	-0.84167534
727654030	ACC	8.62134	-2.236691	-0.75553375
727654040	ACC	8.659625	-2.3611178	-0.6454639
727654049	ACC	8.822337	-2.4999015	-0.5066802
727654059	ACC	8.99462	-2.5908287	-0.3822534
727654068	ACC	9.128618	-2.6243281	-0.32961133
727654078	ACC	9.262616	-2.629114	-0.3152544
727654087	ACC	9.391829	-2.5860431	-0.3152544
727654097	ACC	9.482756	-2.5286152	-0.37746778
727654106	ACC	9.54497	-2.4329023	-0.46839502
727654116	ACC	9.6071825	-2.3467607	-0.5210371
727654125	ACC	9.669396	-2.2797618	-0.4971089
727654135	ACC	9.741181	-2.2175484	-0.4779663
727654144	ACC	9.817751	-2.2127628	-0.42053857
727654154	ACC	9.812965	-2.2223341	-0.36311084
727654163	ACC	9.798609	-2.207977	-0.2865405
727654173	ACC	9.80818	-2.2031915	-0.21954148
727654182	ACC	9.812965	-2.1744776	-0.19082761
727654192	ACC	9.812965	-2.126621	-0.17168503
727654201	ACC	9.84168	-2.0691934	-0.16211374
727654211	ACC	9.985249	-2.035694	-0.20518455
727654220	ACC	10.18146	-1.9926231	-0.2865405
727654230	ACC	10.406385	-1.9734805	-0.42532423
727654239	ACC	10.626525	-1.9543378	-0.59760743
727654249	ACC	10.789237	-1.8777676	-0.7890333
727654258	ACC	10.846665	-1.791626	-0.927817
727654268	ACC	10.918449	-1.6815561	-1.1288141
727654277	ACC	10.942378	-1.5714862	-1.3202399
727654287	ACC	10.9375925	-1.4518452	-1.5451652
727654296	ACC	10.894522	-1.3513466	-1.7222341
727654306	ACC	10.846665	-1.2412767	-1.7940187
727654315	ACC	10.884951	-1.198206	-1.8275183
727654325	ACC	11.047662	-1.183849	-1.8562322
727654334	ACC	11.286944	-1.1264212	-1.6887345
727654344	ACC	11.420942	-1.0642079	-1.4638093
727654353	ACC	11.535798	-1.0259227	-1.3298112
727654363	ACC	11.540584	-1.0019945	-1.2005987
727654372	ACC	11.406586	-0.9637093	-1.1001002
727654382	ACC	11.248659	-0.9206385	-1.0139586
727654391	ACC	11.057234	-0.87278205	-0.9517452
727654401	ACC	10.875379	-0.8153543	-0.83688974
727654410	ACC	10.755738	-0.7579266	-0.6789634
727654420	ACC	10.746166	-0.76271224	-0.5401797
727654429	ACC	10.789237	-0.7579266	-0.39661035
727654439	ACC	10.875379	-0.77706915	-0.27218357
727654448	ACC	10.932807	-0.8105687	-0.19082761
727654458	ACC	10.889736	-0.8632108	-0.15254244
727654467	ACC	10.813166	-0.91585284	-0.19561325
727654477	ACC	10.722239	-0.9493524	-0.2865405
727654486	ACC	10.655239	-1.049851	-0.37746778
727654496	ACC	10.626525	-1.1216356	-0.49232325
727654505	ACC	10.626525	-1.2029916	-0.59760743
727654515	ACC	10.736595	-1.317847	-0.71246296
727654524	ACC	10.84188	-1.4039887	-0.8847462
727654534	ACC	10.913664	-1.466202	-1.0235299
727654543	ACC	10.971092	-1.4901303	-1.1001002
727654553	ACC	10.990234	-1.5092729	-1.1862419
727654562	ACC	11.023734	-1.5427724	-1.2867404
727654572	ACC	11.119447	-1.6576279	-1.358525
727654581	ACC	11.25823	-1.8155541	-1.3920245
727654591	ACC	11.358729	-1.9734805	-1.3537394
727654600	ACC	11.397015	-2.030908	-1.3489537
727654610	ACC	11.4353	-2.0979073	-1.3298112
727654619	ACC	11.382657	-2.1457636	-1.3824533
727654629	ACC	11.296515	-2.155335	-1.50688
727654638	ACC	11.205588	-2.1984057	-1.5499508
727654648	ACC	11.157732	-2.2462623	-1.5020944
727654657	ACC	11.062019	-2.30369	-1.372882
727654667	ACC	11.038091	-2.3946173	-1.2149557
727654676	ACC	11.085947	-2.5286152	-1.0666007
727654686	ACC	11.124232	-2.6769702	-0.994816
727654695	ACC	11.085947	-2.7678976	-0.994816
727654705	ACC	10.999805	-2.7678976	-1.0474582
727654714	ACC	10.9375925	-2.7583263	-1.1910275
727654724	ACC	10.918449	-2.7248268	-1.4207385
727654733	ACC	10.856236	-2.6865416	-1.5930216
727654743	ACC	10.741381	-2.629114	-1.7174485
727654752	ACC	10.516456	-2.5381866	-1.80359
727654762	ACC	10.277173	-2.4855444	-1.8466609
727654771	ACC	10.100104	-2.5094728	-1.8227327
727654781	ACC	9.9756775	-2.562115	-1.7222341
727654790	ACC	9.9038925	-2.5669005	-1.5786648
727654800	ACC	9.836894	-2.5477579	-1.4063815
727654809	ACC	9.745967	-2.5286152	-1.2819548
727654819	ACC	9.645468	-2.5381866	-1.2436695
727654828	ACC	9.51147	-2.4855444	-1.2771691
727654838	ACC	9.401401	-2.4424736	-1.3106686
727654847	ACC	9.24826	-2.3898315	-1.2771691
727654857	ACC	9.128618	-2.3659034	-1.2436695
727654866	ACC	9.056833	-2.4041886	-1.2197413
727654876	ACC	9.066405	-2.4424736	-1.1910275
727654885	ACC	9.075976	-2.4281168	-1.1766706
727654895	ACC	9.090333	-2.3467607	-1.1383854
727654904	ACC	9.080762	-2.274976	-1.1144571
727654914	ACC	9.099904	-2.1601207	-1.1288141
727654923	ACC	9.075976	-2.0165513	-1.1958131
727654933	ACC	8.970692	-1.9016958	-1.21017
727654942	ACC	8.812766	-1.8299111	-1.224527
727654952	ACC	8.62134	-1.7964116	-1.2197413
727654961	ACC	8.458628	-1.777269	-1.1958131
727654971	ACC	8.353344	-1.791626	-1.1288141
727654980	ACC	8.29113	-1.8586249	-1.0713863
727654990	ACC	8.224132	-1.9160527	-1.0331012
727654999	ACC	8.161918	-1.925624	-0.994816
727655009	ACC	8.133204	-1.9782661	-1.0187442
727655018	ACC	8.166703	-1.9686948	-1.076172
727655028	ACC	8.123632	-1.9351953	-1.1814562
727655037	ACC	8.085348	-1.8729819	-1.3010973
727655047	ACC	8.056634	-1.8203398	-1.4542379
727655056	ACC	8.018349	-1.7676977	-1.5834504
727655066	ACC	8.066205	-1.7341982	-1.6648064
727655075	ACC	8.123632	-1.7054844	-1.6887345
727655085	ACC	8.176275	-1.6384853	-1.6887345
727655094	ACC	8.123632	-1.5954145	-1.6408781
727655104	ACC	8.090134	-1.5379868	-1.6313069
727655113	ACC	8.0614195	-1.5427724	-1.6073786
727655123	ACC	8.085348	-1.5140585	-1.5690935
727655132	ACC	8.147561	-1.5332011	-1.5260227
727655142	ACC	8.17149	-1.5236298	-1.4590236
727655151	ACC	8.147561	-1.5284154	-1.4015958
727655161	ACC	8.10449	-1.5332011	-1.3345969
727655170	ACC	8.114061	-1.5427724	-1.2723835
727655180	ACC	8.142776	-1.5427724	-1.2340983
727655189	ACC	8.219346	-1.5379868	-1.2149557
727655199	ACC	8.276773	-1.5188441	-1.2340983
727655208	ACC	8.362915	-1.4901303	-1.2963116
727655218	ACC	8.449057	-1.4853446	-1.358525
727655227	ACC	8.4682	-1.494916	-1.3920245
727655237	ACC	8.539984	-1.4997016	-1.3968102
727655246	ACC	8.592627	-1.480559	-1.4542379
727655256	ACC	8.69791	-1.4901303	-1.50688
727655265	ACC	8.807981	-1.4997016	-1.5499508
727655275	ACC	8.898908	-1.494916	-1.602593
727655284	ACC	8.985049	-1.5092729	-1.6313069
727655294	ACC	9.104691	-1.5092729	-1.6456637
727655303	ACC	9.296116	-1.5284154	-1.7126628
727655313	ACC	9.420543	-1.5044873	-1.7126628
727655322	ACC	9.54497	-1.5044873	-1.7653049
727655332	ACC	9.659825	-1.5284154	-1.8323039
727655341	ACC	9.731609	-1.5427724	-1.9040886
727655351	ACC	9.889536	-1.5332011	-1.9184456
727655360	ACC	10.057034	-1.5284154	-1.9088743
727655370	ACC	10.1288185	-1.5332011	-1.8610178
727655379	ACC	10.100104	-1.5284154	-1.8562322
727655389	ACC	10.076176	-1.5810575	-1.817947
727655398	ACC	10.004392	-1.628914	-1.7222341
727655408	ACC	9.927821	-1.6671991	-1.5260227
727655417	ACC	9.875179	-1.7054844	-1.3154542
727655427	ACC	9.88475	-1.7581264	-1.1096715
727655436	ACC	9.937392	-1.805983	-0.94695956
727655446	ACC	9.994821	-1.8729819	-0.846461
727655455	ACC	10.066605	-1.9351953	-0.7603194
727655465	ACC	10.061819	-1.9543378	-0.698106
727655474	ACC	10.018748	-1.9830518	-0.6837491
727655484	ACC	10.004392	-1.9926231	-0.71724856
727655493	ACC	9.966106	-1.9926231	-0.7507481
727655503	ACC	9.865608	-2.0021944	-0.8129615
727655512	ACC	9.789038	-2.00698	-0.86081797
727655522	ACC	9.745967	-2.0691934	-0.93260264
727655531	ACC	9.731609	-2.140978	-0.9708878
727655541	ACC	9.707682	-2.184049	-0.99960166
727655550	ACC	9.645468	-2.1936202	-0.994816
727655560	ACC	9.573684	-2.2462623	-0.98524475
727655569	ACC	9.540184	-2.2941186	-1.0091729
727655579	ACC	9.5353985	-2.332404	-1.0331012
727655588	ACC	9.564112	-2.30369	-1.0378869
727655598	ACC	9.631111	-2.318047	-1.0522437
727655607	ACC	9.745967	-2.3276181	-1.061815
727655617	ACC	9.817751	-2.3659034	-1.090529
727655626	ACC	9.84168	-2.370689	-1.1048858
727655636	ACC	9.803394	-2.3611178	-1.1192428
727655645	ACC	9.817751	-2.3659034	-1.1479566
727655655	ACC	9.879965	-2.4185455	-1.1527423
727655664	ACC	9.879965	-2.4089742	-1.1431711
727655674	ACC	9.937392	-2.3659034	-1.1192428
727655683	ACC	10.009177	-2.3898315	-1.1144571
727655693	ACC	10.119247	-2.4041886	-1.090529
727655702	ACC	10.238888	-2.3946173	-1.0331012
727655712	ACC	10.4016	-2.4424736	-1.0043873
727655721	ACC	10.559526	-2.4281168	-0.93260264
727655731	ACC	10.645668	-2.3754747	-0.90388876
727655740	ACC	10.722239	-2.3754747	-0.94695956
727655750	ACC	10.77488	-2.4041886	-1.0235299
727655759	ACC	10.803595	-2.4041886	-1.090529
727655769	ACC	10.851451	-2.3946173	-1.1766706
727655778	ACC	10.827522	-2.4329023	-1.224527
727655788	ACC	10.770095	-2.4185455	-1.21017
727655797	ACC	10.760524	-2.4041886	-1.1479566
727655807	ACC	10.794023	-2.3898315	-1.0474582
727655816	ACC	10.851451	-2.332404	-0.97567344
727655826	ACC	10.884951	-2.2701905	-0.92303133
727655835	ACC	10.942378	-2.236691	-0.89431745
727655845	ACC	10.9375925	-2.2319052	-0.86081797
727655854	ACC	10.894522	-2.2127628	-0.846461
727655864	ACC	10.755738	-2.2271197	-0.8129615
727655873	ACC	10.621739	-2.2271197	-0.78424764
727655883	ACC	10.463814	-2.2175484	-0.7890333
727655892	ACC	10.3681	-2.2127628	-0.80817586
727655902	ACC	10.3441725	-2.2462623	-0.7890333
727655911	ACC	10.372886	-2.2510478	-0.78424764
727655921	ACC	10.459028	-2.2606192	-0.779462
727655930	ACC	10.492527	-2.2414765	-0.8129615
727655940	ACC	10.51167	-2.2510478	-0.846461
727655949	ACC	10.468599	-2.289333	-0.9182457
727655958	ACC	10.392029	-2.3132613	-0.98524475
727655968	ACC	10.224531	-2.3419752	-0.99960166
727655977	ACC	10.042677	-2.3802602	-1.0283155
727655987	ACC	9.860822	-2.4185455	-0.98524475
727655996	ACC	9.707682	-2.466402	-0.927817
727656006	ACC	9.674182	-2.4903302	-0.846461
727656015	ACC	9.688539	-2.519044	-0.74596244
727656025	ACC	9.698111	-2.5142584	-0.6358926
727656034	ACC	9.702896	-2.504687	-0.56410795
727656044	ACC	9.650253	-2.504687	-0.549751
727656053	ACC	9.674182	-2.533401	-0.51146585
727656063	ACC	9.698111	-2.5429723	-0.48275197
727656072	ACC	9.731609	-2.5669005	-0.4444668
727656082	ACC	9.755538	-2.5573292	-0.43489552
727656091	ACC	9.736395	-2.5669005	-0.42053857
727656101	ACC	9.717253	-2.5908287	-0.43010986
727656110	ACC	9.779466	-2.6338995	-0.43010986
727656120	ACC	9.91825	-2.6721847	-0.43489552
727656129	ACC	10.147961	-2.7583263	-0.43968117
727656139	ACC	10.382458	-2.7918258	-0.46839502
727656148	ACC	10.554741	-2.7870402	-0.5401797
727656158	ACC	10.717453	-2.7152555	-0.6358926
727656167	ACC	10.908878	-2.6865416	-0.7076773
727656177	ACC	11.023734	-2.6386852	-0.76989067
727656186	ACC	11.02852	-2.653042	-0.8129615
727656196	ACC	10.875379	-2.6865416	-0.7746763
727656205	ACC	10.707881	-2.7391837	-0.65982085
727656215	ACC	10.583454	-2.8731818	-0.4971089
727656224	ACC	10.722239	-3.0693932	-0.35832518
727656234	ACC	10.942378	-3.251248	-0.27218357
727656243	ACC	11.10509	-3.260819	-0.26739794
727656253	ACC	11.263016	-3.2129626	-0.3822534
727656262	ACC	11.353944	-3.141178	-0.6023931
727656272	ACC	11.296515	-3.0311081	-0.8895318
727656281	ACC	11.157732	-2.949752	-1.1958131
727656291	ACC	11.014163	-2.8923244	-1.4255241
727656300	ACC	10.822737	-2.8875387	-1.5403795
727656310	ACC	10.602597	-2.9162526	-1.4638093
727656319	ACC	10.430314	-2.9880373	-1.3058829
727656329	ACC	10.176675	-3.0837502	-1.1383854
727656338	ACC	9.970892	-3.165106	-0.95653087
727656348	ACC	9.765109	-3.2033913	-0.8225328
727656357	ACC	9.640682	-3.1698918	-0.7268199
727656367	ACC	9.597611	-3.0789645	-0.6789634
727656376	ACC	9.635897	-2.992823	-0.7076773
727656386	ACC	9.731609	-2.8348966	-0.79860455
727656395	ACC	9.784252	-2.6482565	-0.9661021
727656405	ACC	9.722038	-2.480759	-1.1910275
727656414	ACC	9.6071825	-2.318047	-1.4255241
727656424	ACC	9.482756	-2.2127628	-1.5786648
727656433	ACC	9.353543	-2.1505494	-1.6313069
727656443	ACC	9.272188	-2.126621	-1.5643078
727656452	ACC	9.238688	-2.1361923	-1.4446666
727656462	ACC	9.238688	-2.1505494	-1.2340983
727656471	ACC	9.229117	-2.184049	-1.0378869
727656481	ACC	9.200403	-2.2414765	-0.8895318
727656490	ACC	9.157332	-2.2701905	-0.8129615
727656500	ACC	9.109476	-2.2701905	-0.82731843
727656509	ACC	9.02812	-2.2701905	-0.8703892
727656519	ACC	9.004191	-2.2845473	-0.994816
727656528	ACC	9.018549	-2.2175484	-1.0666007
727656538	ACC	8.999406	-2.169692	-1.1766706
727656547	ACC	8.91805	-2.0931215	-1.2867404
727656557	ACC	8.788837	-2.0500507	-1.3920245
727656566	ACC	8.688339	-2.0117657	-1.4733806
727656576	ACC	8.58784	-2.0021944	-1.5020944
727656585	ACC	8.472985	-1.9878374	-1.4829519
727656595	ACC	8.3581295	-1.9686948	-1.4063815
727656604	ACC	8.252846	-1.9351953	-1.3058829
727656614	ACC	8.176275	-1.9160527	-1.1958131
727656623	ACC	8.166703	-1.9208384	-1.0713863
727656633	ACC	8.157132	-1.911267	-0.99003035
727656642	ACC	8.161918	-1.911267	-0.9182457
727656652	ACC	8.17149	-1.9208384	-0.8991031
727656661	ACC	8.176275	-1.8825532	-0.8991031
727656671	ACC	8.2145605	-1.8777676	-0.9182457
727656680	ACC	8.257631	-1.8681962	-0.9661021
727656690	ACC	8.276773	-1.8203398	-1.0235299
727656699	ACC	8.233703	-1.777269	-1.0474582
727656709	ACC	8.248059	-1.7389839	-1.0953146
727656718	ACC	8.271988	-1.7054844	-1.061815
727656728	ACC	8.310273	-1.6815561	-1.0139586
727656737	ACC	8.362915	-1.6528423	-0.97567344
727656747	ACC	8.444271	-1.6049858	-0.927817
727656756	ACC	8.477771	-1.6002002	-0.9182457
727656766	ACC	8.520842	-1.5906289	-0.93260264
727656775	ACC	8.62134	-1.6049858	-0.9708878
727656785	ACC	8.693125	-1.5667006	-1.0283155
727656794	ACC	8.736196	-1.561915	-1.1096715
727656804	ACC	8.822337	-1.5714862	-1.2436695
727656813	ACC	8.903693	-1.5954145	-1.3633107
727656823	ACC	8.946764	-1.6241283	-1.5020944
727656832	ACC	9.013762	-1.6863418	-1.5978073
727656842	ACC	9.104691	-1.7676977	-1.6743777
727656851	ACC	9.157332	-1.8346968	-1.7078772
727656861	ACC	9.253045	-1.8777676	-1.7413766
727656870	ACC	9.329616	-1.911267	-1.7461623
727656880	ACC	9.35833	-1.9495523	-1.7270198
727656889	ACC	9.387043	-1.9830518	-1.7270198
727656899	ACC	9.415757	-2.0117657	-1.7318054
727656908	ACC	9.387043	-2.0261226	-1.7270198
727656918	ACC	9.391829	-2.0739791	-1.6791633
727656927	ACC	9.391829	-2.1122642	-1.6169499
727656937	ACC	9.401401	-2.126621	-1.5260227
727656946	ACC	9.372686	-2.169692	-1.4159528
727656956	ACC	9.339187	-2.2127628	-1.2915261
727656965	ACC	9.300901	-2.2462623	-1.1910275
727656975	ACC	9.296116	-2.318047	-1.1001002
727656984	ACC	9.262616	-2.3132613	-1.0091729
727656994	ACC	9.296116	-2.3371894	-0.93260264
727657003	ACC	9.343972	-2.3467607	-0.8703892
727657013	ACC	9.343972	-2.3132613	-0.8033902
727657022	ACC	9.353543	-2.3371894	-0.7507481
727657032	ACC	9.353543	-2.3467607	-0.7220342
727657041	ACC	9.339187	-2.3611178	-0.7220342
727657051	ACC	9.329616	-2.3898315	-0.70289165
727657060	ACC	9.262616	-2.4568307	-0.71724856
727657070	ACC	9.238688	-2.4999015	-0.7316055
727657079	ACC	9.219545	-2.5525436	-0.75553375
727657089	ACC	9.243474	-2.5669005	-0.779462
727657098	ACC	9.257831	-2.5860431	-0.79860455
727657108	ACC	9.3104725	-2.5860431	-0.82731843
727657117	ACC	9.430114	-2.6051857	-0.90388876
727657127	ACC	9.530613	-2.6338995	-0.97567344
727657136	ACC	9.678967	-2.6482565	-1.0666007
727657146	ACC	9.784252	-2.6386852	-1.1479566
727657155	ACC	9.827323	-2.614757	-1.2436695
727657165	ACC	9.80818	-2.5860431	-1.3393825
727657174	ACC	9.793823	-2.5525436	-1.4063815
727657184	ACC	9.741181	-2.533401	-1.4303098
727657193	ACC	9.698111	-2.5238297	-1.4159528
727657203	ACC	9.712467	-2.5525436	-1.3345969
727657212	ACC	9.741181	-2.571686	-1.238884
727657222	ACC	9.784252	-2.5956144	-1.1240284
727657231	ACC	9.851251	-2.614757	-0.9661021
727657241	ACC	9.9038925	-2.6099713	-0.8847462
727657250	ACC	9.985249	-2.5860431	-0.8847462
727657260	ACC	10.009177	-2.5429723	-0.8751749
727657269	ACC	10.028319	-2.480759	-0.90388876
727657279	ACC	10.090533	-2.4472594	-0.9613165
727657288	ACC	10.109675	-2.4329023	-0.9708878
727657298	ACC	10.114461	-2.3898315	-0.93260264
727657307	ACC	10.157532	-2.3659034	-0.9517452
727657317	ACC	10.21496	-2.3276181	-0.9517452
727657326	ACC	10.262816	-2.2941186	-0.99960166
727657336	ACC	10.301102	-2.265405	-1.0666007
727657345	ACC	10.3681	-2.236691	-1.2005987
727657355	ACC	10.444671	-2.1984057	-1.3298112
727657364	ACC	10.540383	-2.169692	-1.439881
727657374	ACC	10.621739	-2.126621	-1.5308083
727657383	ACC	10.7126665	-2.088336	-1.5690935
727657393	ACC	10.889736	-2.0835502	-1.5930216
727657402	ACC	10.985449	-2.0404794	-1.5738791
727657412	ACC	11.014163	-1.9830518	-1.5547365
727657421	ACC	11.062019	-1.9447666	-1.4685949
727657431	ACC	11.124232	-1.9064814	-1.3489537
727657440	ACC	11.157732	-1.8777676	-1.2532408
727657450	ACC	11.143375	-1.8251255	-1.1335998
727657459	ACC	11.095519	-1.762912	-1.0187442
727657469	ACC	11.052447	-1.7485552	-0.90388876
727657478	ACC	10.980663	-1.7102699	-0.75553375
727657488	ACC	10.904093	-1.6911274	-0.5688936
727657497	ACC	10.832308	-1.6959131	-0.40618163
727657507	ACC	10.779666	-1.6959131	-0.29132617
727657516	ACC	10.7126665	-1.7246269	-0.18604197
727657526	ACC	10.660025	-1.7581264	-0.10468599
727657535	ACC	10.650454	-1.8107685	-0.037686955
727657545	ACC	10.679168	-1.8729819	0.005383851
727657554	ACC	10.722239	-1.8969102	-0.018544376
727657564	ACC	10.746166	-1.925624	-0.13339986
727657573	ACC	10.73181	-1.9495523	-0.27696922
727657583	ACC	10.688739	-1.9782661	-0.48275197
727657592	ACC	10.683953	-2.0117657	-0.67417777
727657602	ACC	10.66481	-2.0548365	-0.8177471
727657611	ACC	10.645668	-2.11705	-0.91346
727657621	ACC	10.588241	-2.169692	-0.9661021
727657630	ACC	10.47817	-2.236691	-0.9708878
727657640	ACC	10.387243	-2.289333	-0.9613165
727657649	ACC	10.482956	-2.370689	-0.87996054
727657659	ACC	10.674382	-2.437688	-0.8225328
727657668	ACC	10.861022	-2.4472594	-0.76510507
727657678	ACC	11.066805	-2.4472594	-0.7363912
727657687	ACC	11.181661	-2.4711876	-0.8177471
727657697	ACC	11.148161	-2.504687	-0.95653087
727657706	ACC	11.009377	-2.4999015	-1.0570294
727657716	ACC	10.870593	-2.5142584	-1.1096715
727657725	ACC	10.794023	-2.5860431	-1.1144571
727657735	ACC	10.765309	-2.6578279	-1.0570294
727657744	ACC	10.794023	-2.7870402	-0.9804591
727657754	ACC	10.794023	-2.858825	-0.9086744
727657763	ACC	10.741381	-2.8731818	-0.89431745
727657773	ACC	10.741381	-2.9018958	-0.927817
727657782	ACC	10.660025	-2.89711	-1.0426725
727657792	ACC	10.530812	-2.8636105	-1.1766706
727657801	ACC	10.411171	-2.8444679	-1.3298112
727657811	ACC	10.320244	-2.8540392	-1.4685949
727657820	ACC	10.157532	-2.8444679	-1.5308083
727657830	ACC	9.980463	-2.8348966	-1.5451652
727657839	ACC	9.812965	-2.8348966	-1.5308083
727657849	ACC	9.683753	-2.7726831	-1.5116657
727657858	ACC	9.583255	-2.7248268	-1.5116657
727657868	ACC	9.583255	-2.6961129	-1.4925231
727657877	ACC	9.640682	-2.6482565	-1.4925231
727657887	ACC	9.736395	-2.5908287	-1.5164514
727657896	ACC	9.789038	-2.5429723	-1.5690935
727657906	ACC	9.812965	-2.4855444	-1.655235
727657915	ACC	9.803394	-2.4424736	-1.736591
727657925	ACC	9.731609	-2.385046	-1.8275183
727657934	ACC	9.683753	-2.3084757	-1.8897316
727657944	ACC	9.650253	-2.2941186	-1.8945173
727657953	ACC	9.58804	-2.2414765	-1.8562322
727657963	ACC	9.564112	-2.2127628	-1.7605193
727657972	ACC	9.47797	-2.1888344	-1.602593
727657982	ACC	9.35833	-2.1505494	-1.4255241
727657991	ACC	9.224331	-2.11705	-1.2915261
727658001	ACC	9.06162	-2.0452652	-1.1623136
727658010	ACC	8.903693	-1.9782661	-1.0283155
727658020	ACC	8.779266	-1.9208384	-0.93260264
727658029	ACC	8.669196	-1.8490537	-0.84167534
727658039	ACC	8.659625	-1.8155541	-0.7938189
727658048	ACC	8.664411	-1.8299111	-0.76989067
727658058	ACC	8.669196	-1.8394824	-0.78424764
727658067	ACC	8.659625	-1.8394824	-0.8033902
727658077	ACC	8.659625	-1.791626	-0.89431745
727658086	ACC	8.678768	-1.7389839	-1.0522437
727658096	ACC	8.707481	-1.6815561	-1.2149557
727658105	ACC	8.750552	-1.5954145	-1.4303098
727658115	ACC	8.788837	-1.5236298	-1.602593
727658124	ACC	8.841479	-1.4279169	-1.7270198
727658134	ACC	8.903693	-1.3800604	-1.7940187
727658143	ACC	8.965906	-1.317847	-1.817947
727658153	ACC	9.008977	-1.317847	-1.7988044
727658162	ACC	9.018549	-1.3034902	-1.7557336
727658172	ACC	9.018549	-1.2987045	-1.669592
727658181	ACC	8.999406	-1.332204	-1.5595222
727658191	ACC	8.989835	-1.3609179	-1.4638093
727658200	ACC	8.937193	-1.346561	-1.358525
727658210	ACC	8.889337	-1.4087744	-1.2867404
727658219	ACC	8.841479	-1.4087744	-1.2532408
727658229	ACC	8.784052	-1.4279169	-1.2293127
727658238	ACC	8.69791	-1.4470595	-1.2532408
727658248	ACC	8.645268	-1.4518452	-1.3154542
727658257	ACC	8.606983	-1.4566308	-1.3680964
727658267	ACC	8.583055	-1.4518452	-1.4446666
727658276	ACC	8.554341	-1.4422739	-1.4925231
727658286	ACC	8.549556	-1.4614165	-1.5451652
727658295	ACC	8.568698	-1.4997016	-1.588236
727658305	ACC	8.544769	-1.5284154	-1.5978073
727658314	ACC	8.539984	-1.5427724	-1.5643078
727658324	ACC	8.549556	-1.5954145	-1.5834504
727658333	ACC	8.530413	-1.6193427	-1.5547365
727658343	ACC	8.530413	-1.6384853	-1.5164514
727658352	ACC	8.559127	-1.6336997	-1.5164514
727658362	ACC	8.616554	-1.6576279	-1.5260227
727658371	ACC	8.597412	-1.6863418	-1.5595222
727658381	ACC	8.578269	-1.7006987	-1.5643078
727658390	ACC	8.520842	-1.7341982	-1.6073786
727658400	ACC	8.5016985	-1.7820547	-1.6456637
727658409	ACC	8.487342	-1.8203398	-1.6408781
727658419	ACC	8.5112705	-1.8921245	-1.669592
727658428	ACC	8.530413	-1.9160527	-1.6743777
727658438	ACC	8.530413	-1.9591235	-1.6313069
727658447	ACC	8.544769	-1.9926231	-1.5834504
727658457	ACC	8.5112705	-2.0021944	-1.5260227
727658466	ACC	8.444271	-2.0500507	-1.4781662
727658476	ACC	8.439486	-2.0644078	-1.3920245
727658485	ACC	8.472985	-2.1314068	-1.3154542
727658495	ACC	8.568698	-2.184049	-1.2675978
727658504	ACC	8.597412	-2.2223341	-1.1575279
727658514	ACC	8.6548395	-2.2414765	-1.1335998
727658523	ACC	8.721839	-2.2462623	-1.1192428
727658533	ACC	8.817552	-2.2223341	-1.1623136
727658542	ACC	8.937193	-2.2031915	-1.2197413
727658552	ACC	9.042477	-2.207977	-1.2915261
727658561	ACC	9.200403	-2.1888344	-1.3010973
727658571	ACC	9.339187	-2.1457636	-1.4494523
727658580	ACC	9.487542	-2.155335	-1.5978073
727658590	ACC	9.578469	-2.2031915	-1.7270198
727658599	ACC	9.578469	-2.184049	-1.7796619
727658609	ACC	9.559326	-2.1888344	-1.7748762
727658618	ACC	9.54497	-2.1984057	-1.7940187
727658627	ACC	9.6071825	-2.2271197	-1.8227327
727658637	ACC	9.717253	-2.2701905	-1.7844474
727658646	ACC	9.803394	-2.274976	-1.7078772
727658656	ACC	9.942178	-2.3084757	-1.5930216
727658665	ACC	10.061819	-2.2941186	-1.4877375
727658675	ACC	10.162318	-2.2414765	-1.4350954
727658684	ACC	10.267602	-2.2271197	-1.3968102
727658694	ACC	10.382458	-2.184049	-1.387239
727658703	ACC	10.588241	-2.1457636	-1.3824533
727658713	ACC	10.80838	-2.1218355	-1.4207385
727658722	ACC	11.066805	-2.0644078	-1.5451652
727658732	ACC	11.186446	-2.00698	-1.7748762
727658741	ACC	11.129018	-1.8729819	-2.114657
727658751	ACC	11.066805	-1.7964116	-2.425724
727658760	ACC	10.956735	-1.7150556	-2.669792
727658770	ACC	10.798809	-1.6959131	-2.8037899
727658779	ACC	10.7126665	-1.6911274	-2.736791
727658789	ACC	10.636097	-1.7533408	-2.4592235
727658798	ACC	10.597812	-1.8873389	-2.0237298
727658808	ACC	10.554741	-2.030908	-1.4303098
727658817	ACC	10.459028	-2.140978	-0.8751749
727658827	ACC	10.339387	-2.1744776	-0.5401797
727658836	ACC	10.267602	-2.1936202	-0.4636094
727658846	ACC	10.210175	-2.1744776	-0.5688936
727658855	ACC	10.162318	-2.1122642	-0.7938189
727658865	ACC	10.090533	-2.0117657	-1.090529
727658874	ACC	9.937392	-1.911267	-1.3441681
727658884	ACC	9.77468	-1.8586249	-1.535594
727658893	ACC	9.683753	-1.8538394	-1.6073786
727658903	ACC	9.645468	-1.9064814	-1.5116657
727658912	ACC	9.645468	-1.9208384	-1.2963116
727658922	ACC	9.674182	-2.0117657	-1.1288141
727658931	ACC	9.745967	-2.0979073	-0.87996054
727658941	ACC	9.736395	-2.1601207	-0.6358926
727658950	ACC	9.722038	-2.140978	-0.43489552
727658960	ACC	9.77468	-2.1457636	-0.34396824
727658969	ACC	9.812965	-2.1122642	-0.36789647
727658979	ACC	9.827323	-2.059622	-0.47318068
727658988	ACC	9.865608	-2.0165513	-0.62153566
727658998	ACC	9.879965	-1.9830518	-0.7890333
727659007	ACC	9.889536	-1.9208384	-0.93738824
727659017	ACC	9.913465	-1.8777676	-0.99003035
727659026	ACC	9.946963	-1.8777676	-1.0235299
727659036	ACC	10.013963	-1.8921245	-0.99003035
727659045	ACC	10.114461	-1.9208384	-0.9086744
727659055	ACC	10.234102	-1.9686948	-0.76989067
727659064	ACC	10.296316	-1.9830518	-0.55453664
727659074	ACC	10.334601	-1.9591235	-0.3822534
727659083	ACC	10.363315	-1.9782661	-0.34396824
727659093	ACC	10.387243	-1.9734805	-0.2961118
727659102	ACC	10.392029	-1.9639091	-0.28175488
727659112	ACC	10.396814	-1.9734805	-0.3152544
727659121	ACC	10.4159565	-1.9878374	-0.37746778
727659131	ACC	10.425529	-1.9830518	-0.401396
727659140	ACC	10.526027	-1.9974087	-0.4444668
727659150	ACC	10.602597	-2.0261226	-0.45882374
727659159	ACC	10.660025	-2.00698	-0.47318068
727659169	ACC	10.693524	-2.0452652	-0.47318068
727659178	ACC	10.7126665	-2.0404794	-0.45403808
727659188	ACC	10.683953	-2.088336	-0.41575295
727659197	ACC	10.655239	-2.1074786	-0.36789647
727659207	ACC	10.621739	-2.1218355	-0.35353956
727659216	ACC	10.540383	-2.1505494	-0.37268212
727659226	ACC	10.521241	-2.1649063	-0.42532423
727659235	ACC	10.482956	-2.207977	-0.50189453
727659245	ACC	10.444671	-2.2223341	-0.60717875
727659254	ACC	10.4351	-2.207977	-0.7316055
727659264	ACC	10.463814	-2.2223341	-0.8033902
727659273	ACC	10.521241	-2.2127628	-0.87996054
727659283	ACC	10.631311	-2.207977	-0.8703892
727659292	ACC	10.631311	-2.2031915	-0.79860455
727659302	ACC	10.636097	-2.2031915	-0.7363912
727659311	ACC	10.593026	-2.1984057	-0.6837491
727659321	ACC	10.540383	-2.2462623	-0.65024954
727659330	ACC	10.516456	-2.3132613	-0.6358926
727659340	ACC	10.47817	-2.3515465	-0.6263213
727659349	ACC	10.487741	-2.423331	-0.59282184
727659359	ACC	10.492527	-2.452045	-0.62153566
727659368	ACC	10.535598	-2.4903302	-0.6119644
727659378	ACC	10.521241	-2.4855444	-0.68853474
727659387	ACC	10.540383	-2.4855444	-0.79860455
727659397	ACC	10.5690975	-2.5094728	-0.92303133
727659406	ACC	10.573883	-2.5142584	-1.0331012
727659416	ACC	10.583454	-2.5286152	-1.1001002
727659425	ACC	10.645668	-2.5669005	-1.1575279
727659435	ACC	10.69831	-2.5956144	-1.21017
727659444	ACC	10.760524	-2.6386852	-1.2867404
727659454	ACC	10.832308	-2.6721847	-1.3489537
727659463	ACC	10.856236	-2.7056842	-1.4494523
727659473	ACC	10.817951	-2.7583263	-1.5690935
727659482	ACC	10.736595	-2.7918258	-1.6408781
727659492	ACC	10.631311	-2.830111	-1.6935202
727659501	ACC	10.5690975	-2.8827531	-1.6983058
727659511	ACC	10.487741	-2.925824	-1.6983058
727659520	ACC	10.4016	-2.9593234	-1.6456637
727659530	ACC	10.320244	-2.992823	-1.5930216
727659539	ACC	10.243673	-3.0119655	-1.5308083
727659549	ACC	10.162318	-2.992823	-1.4829519
727659558	ACC	10.07139	-3.00718	-1.4303098
727659568	ACC	10.009177	-2.9880373	-1.4350954
727659577	ACC	9.875179	-2.949752	-1.4159528
727659587	ACC	9.731609	-2.9066813	-1.3776677
727659596	ACC	9.58804	-2.8875387	-1.3680964
727659606	ACC	9.430114	-2.858825	-1.3489537
727659615	ACC	9.233903	-2.815754	-1.3010973
727659625	ACC	9.071191	-2.777469	-1.2580265
727659634	ACC	8.922835	-2.7535408	-1.2005987
727659644	ACC	8.807981	-2.7391837	-1.1862419
727659653	ACC	8.740981	-2.6961129	-1.1431711
727659663	ACC	8.669196	-2.629114	-1.1431711
727659672	ACC	8.611769	-2.5860431	-1.1431711
727659682	ACC	8.563912	-2.533401	-1.1623136
727659691	ACC	8.5112705	-2.480759	-1.2005987
727659701	ACC	8.472985	-2.423331	-1.2149557
727659710	ACC	8.425129	-2.385046	-1.2436695
727659720	ACC	8.353344	-2.3371894	-1.2532408
727659729	ACC	8.271988	-2.3084757	-1.2723835
727659739	ACC	8.185846	-2.2701905	-1.2819548
727659748	ACC	8.099705	-2.207977	-1.2771691
727659758	ACC	8.070991	-2.1744776	-1.2723835
727659767	ACC	8.056634	-2.1026928	-1.2532408
727659777	ACC	8.128419	-2.059622	-1.2436695
727659786	ACC	8.200203	-2.0261226	-1.2436695
727659796	ACC	8.252846	-1.9878374	-1.2436695
727659805	ACC	8.262417	-1.9351953	-1.2915261
727659815	ACC	8.2145605	-1.911267	-1.3250256
727659824	ACC	8.142776	-1.8921245	-1.3489537
727659834	ACC	8.142776	-1.8729819	-1.3489537
727659843	ACC	8.157132	-1.8873389	-1.3154542
727659853	ACC	8.228917	-1.8873389	-1.3106686
727659862	ACC	8.257631	-1.8681962	-1.3154542
727659872	ACC	8.338987	-1.8346968	-1.3202399
727659881	ACC	8.4347	-1.8203398	-1.3633107
727659891	ACC	8.458628	-1.7676977	-1.4207385
727659900	ACC	8.458628	-1.7198412	-1.4685949
727659910	ACC	8.463413	-1.7102699	-1.535594
727659919	ACC	8.482556	-1.6911274	-1.5834504
727659929	ACC	8.544769	-1.6911274	-1.602593
727659938	ACC	8.592627	-1.6863418	-1.5978073
727659948	ACC	8.611769	-1.6624135	-1.6169499
727659957	ACC	8.630911	-1.6624135	-1.6360924
727659967	ACC	8.626125	-1.6624135	-1.669592
727659976	ACC	8.616554	-1.6528423	-1.7078772
727659986	ACC	8.683554	-1.6624135	-1.750948
727659995	ACC	8.779266	-1.6815561	-1.7844474
727660005	ACC	8.836694	-1.6671991	-1.7988044
727660014	ACC	8.879765	-1.6863418	-1.7988044
727660024	ACC	8.913264	-1.7150556	-1.7748762
727660033	ACC	8.961121	-1.7485552	-1.7700906
727660043	ACC	8.999406	-1.777269	-1.7605193
727660052	ACC	9.052048	-1.805983	-1.736591
727660062	ACC	9.128618	-1.8538394	-1.7126628
727660071	ACC	9.219545	-1.9064814	-1.7126628
727660081	ACC	9.3104725	-1.9782661	-1.6743777
727660090	ACC	9.348758	-2.035694	-1.6456637
727660100	ACC	9.387043	-2.0644078	-1.5738791
727660109	ACC	9.439685	-2.0979073	-1.4925231
727660119	ACC	9.473185	-2.1026928	-1.4063815
727660128	ACC	9.51147	-2.140978	-1.3489537
727660138	ACC	9.549755	-2.140978	-1.2819548
727660147	ACC	9.54497	-2.1505494	-1.2484552
727660157	ACC	9.592826	-2.169692	-1.224527
727660166	ACC	9.583255	-2.1984057	-1.1862419
727660176	ACC	9.540184	-2.236691	-1.1431711
727660185	ACC	9.549755	-2.2845473	-1.1048858
727660195	ACC	9.554541	-2.3228326	-1.0666007
727660204	ACC	9.573684	-2.3659034	-1.0187442
727660214	ACC	9.564112	-2.3946173	-0.98524475
727660223	ACC	9.58804	-2.4711876	-0.9613165
727660233	ACC	9.640682	-2.5381866	-0.9421739
727660242	ACC	9.722038	-2.5286152	-0.90388876
727660252	ACC	9.812965	-2.5525436	-0.8703892
727660261	ACC	9.942178	-2.5669005	-0.8751749
727660271	ACC	10.124033	-2.5956144	-0.93738824
727660280	ACC	10.24846	-2.5908287	-1.0043873
727660290	ACC	10.301102	-2.6004	-1.0953146
727660299	ACC	10.348958	-2.5764718	-1.1240284
727660309	ACC	10.387243	-2.5525436	-1.1575279
727660318	ACC	10.463814	-2.533401	-1.1718849
727660328	ACC	10.554741	-2.4855444	-1.1718849
727660337	ACC	10.655239	-2.4329023	-1.1862419
727660347	ACC	10.7126665	-2.3611178	-1.2005987
727660356	ACC	10.770095	-2.30369	-1.1958131
727660366	ACC	10.798809	-2.2510478	-1.2005987
727660375	ACC	10.741381	-2.2223341	-1.2005987
727660385	ACC	10.688739	-2.2127628	-1.1718849
727660394	ACC	10.631311	-2.1984057	-1.1335998
727660404	ACC	10.526027	-2.2031915	-1.061815
727660413	ACC	10.4016	-2.1984057	-1.0091729
727660423	ACC	10.277173	-2.1984057	-0.95653087
727660432	ACC	10.219746	-2.1744776	-0.91346
727660442	ACC	10.152746	-2.1744776	-0.90388876
727660451	ACC	10.090533	-2.1505494	-0.93260264
727660461	ACC	10.061819	-2.140978	-1.0139586
727660470	ACC	10.057034	-2.1122642	-1.0809577
727660480	ACC	10.028319	-2.0835502	-1.1718849
727660489	ACC	10.013963	-2.0787647	-1.21017
727660499	ACC	9.9756775	-2.0261226	-1.2628121
727660508	ACC	9.966106	-1.9782661	-1.2723835
727660518	ACC	9.956535	-1.9351953	-1.2915261
727660527	ACC	9.860822	-1.8969102	-1.3010973
727660537	ACC	9.798609	-1.911267	-1.3202399
727660546	ACC	9.769895	-1.9160527	-1.3106686
727660556	ACC	9.736395	-1.9208384	-1.2340983
727660565	ACC	9.693324	-1.911267	-1.1479566
727660575	ACC	9.635897	-1.9304097	-1.061815
727660584	ACC	9.650253	-1.9351953	-0.994816
727660594	ACC	9.664611	-1.8969102	-0.99003035
727660603	ACC	9.707682	-1.9160527	-0.97567344
727660613	ACC	9.750752	-1.925624	-0.87996054
727660622	ACC	9.8321085	-1.8825532	-0.80817586
727660632	ACC	9.9038925	-1.8825532	-0.7746763
727660641	ACC	9.9756775	-1.8825532	-0.7507481
727660651	ACC	10.023534	-1.8203398	-0.7268199
727660660	ACC	10.066605	-1.8203398	-0.7363912
727660670	ACC	10.07139	-1.791626	-0.71724856
727660679	ACC	10.095319	-1.8251255	-0.71246296
727660689	ACC	10.13839	-1.8442681	-0.71246296
727660698	ACC	10.157532	-1.8777676	-0.7507481
727660708	ACC	10.21496	-1.8729819	-0.75553375
727660717	ACC	10.2723875	-1.8777676	-0.75553375
727660727	ACC	10.310673	-1.8873389	-0.7938189
727660736	ACC	10.315458	-1.8873389	-0.846461
727660746	ACC	10.320244	-1.911267	-0.86081797
727660755	ACC	10.238888	-1.9351953	-0.846461
727660765	ACC	10.186246	-1.9447666	-0.8177471
727660774	ACC	10.167104	-1.9734805	-0.78424764
727660784	ACC	10.10489	-2.0021944	-0.7746763
727660793	ACC	10.052248	-2.021337	-0.7507481
727660803	ACC	9.970892	-2.0644078	-0.7507481
727660812	ACC	9.865608	-2.11705	-0.779462
727660822	ACC	9.798609	-2.1744776	-0.7938189
727660831	ACC	9.879965	-2.3132613	-0.7603194
727660841	ACC	10.066605	-2.4185455	-0.7076773
727660850	ACC	10.229317	-2.4185455	-0.6693921
727660860	ACC	10.4016	-2.3659034	-0.69332033
727660869	ACC	10.492527	-2.385046	-0.7890333
727660879	ACC	10.473385	-2.3754747	-0.94695956
727660888	ACC	10.353744	-2.370689	-1.090529
727660898	ACC	10.162318	-2.3898315	-1.1383854
727660907	ACC	10.042677	-2.4568307	-1.090529
727660917	ACC	10.037891	-2.5525436	-0.9708878
727660926	ACC	10.18146	-2.6961129	-0.80817586
727660936	ACC	10.325029	-2.777469	-0.6358926
727660945	ACC	10.425529	-2.7583263	-0.55453664
727660955	ACC	10.502099	-2.7439694	-0.6263213
727660964	ACC	10.530812	-2.7439694	-0.80817586
727660974	ACC	10.463814	-2.7343981	-0.98524475
727660983	ACC	10.291531	-2.7391837	-1.1335998
727660993	ACC	10.243673	-2.7439694	-1.238884
727661002	ACC	10.210175	-2.801397	-1.2580265
727661012	ACC	10.229317	-2.8492537	-1.2053844
727661021	ACC	10.291531	-2.8875387	-1.1479566
727661031	ACC	10.339387	-2.9162526	-1.1623136
727661040	ACC	10.372886	-2.9306095	-1.1192428
727661050	ACC	10.267602	-2.9306095	-1.1001002
727661059	ACC	10.157532	-2.9210382	-1.1862419
727661069	ACC	10.066605	-2.8779674	-1.2197413
727661078	ACC	9.956535	-2.8779674	-1.2197413
727661088	ACC	9.899107	-2.858825	-1.2005987
727661097	ACC	9.846465	-2.8636105	-1.1862419
727661107	ACC	9.84168	-2.8827531	-1.1048858
727661116	ACC	9.8321085	-2.8875387	-1.0378869
727661126	ACC	9.836894	-2.8827531	-0.98524475
727661135	ACC	9.80818	-2.8396823	-0.9613165
727661145	ACC	9.793823	-2.8396823	-0.9182457
727661154	ACC	9.789038	-2.858825	-0.93260264
727661164	ACC	9.822537	-2.8396823	-0.97567344
727661173	ACC	9.793823	-2.815754	-0.994816
727661182	ACC	9.760324	-2.8061829	-1.0043873
727661192	ACC	9.702896	-2.7870402	-1.0474582
727661201	ACC	9.626326	-2.801397	-1.0570294
727661211	ACC	9.5353985	-2.7678976	-1.0426725
727661220	ACC	9.487542	-2.777469	-0.9804591
727661230	ACC	9.458828	-2.801397	-0.95653087
727661239	ACC	9.434899	-2.815754	-0.927817
727661249	ACC	9.51147	-2.7966115	-0.9517452
727661258	ACC	9.492328	-2.7439694	-0.98524475
727661268	ACC	9.391829	-2.7248268	-1.0426725
727661277	ACC	9.229117	-2.6865416	-1.1718849
727661287	ACC	9.066405	-2.629114	-1.2819548
727661296	ACC	8.932407	-2.5956144	-1.3633107
727661306	ACC	8.836694	-2.5429723	-1.3680964
727661315	ACC	8.779266	-2.5238297	-1.3537394
727661325	ACC	8.717052	-2.5142584	-1.3489537
727661334	ACC	8.707481	-2.4999015	-1.3250256
727661344	ACC	8.693125	-2.480759	-1.2963116
727661353	ACC	8.6548395	-2.4424736	-1.2963116
727661363	ACC	8.626125	-2.4185455	-1.2963116
727661372	ACC	8.583055	-2.3754747	-1.3345969
727661382	ACC	8.5112705	-2.3228326	-1.3633107
727661391	ACC	8.449057	-2.236691	-1.358525
727661401	ACC	8.396415	-2.184049	-1.3920245
727661410	ACC	8.396415	-2.155335	-1.4350954
727661420	ACC	8.362915	-2.1218355	-1.4733806
727661429	ACC	8.391629	-2.0739791	-1.4877375
727661439	ACC	8.410771	-2.021337	-1.4973087
727661448	ACC	8.439486	-1.9974087	-1.5403795
727661458	ACC	8.463413	-1.9591235	-1.6169499
727661467	ACC	8.4347	-1.925624	-1.6791633
727661477	ACC	8.372486	-1.8825532	-1.683949
727661486	ACC	8.338987	-1.8729819	-1.6648064
727661496	ACC	8.372486	-1.8777676	-1.6600207
727661505	ACC	8.415557	-1.8921245	-1.6265212
727661515	ACC	8.458628	-1.8586249	-1.5643078
727661524	ACC	8.482556	-1.8681962	-1.5116657
727661534	ACC	8.506484	-1.8777676	-1.4733806
727661543	ACC	8.525627	-1.8921245	-1.4638093
727661553	ACC	8.58784	-1.8969102	-1.4494523
727661562	ACC	8.592627	-1.9016958	-1.4494523
727661572	ACC	8.630911	-1.8969102	-1.4303098
727661581	ACC	8.683554	-1.9208384	-1.4255241
727661591	ACC	8.76491	-1.8969102	-1.4255241
727661600	ACC	8.879765	-1.8873389	-1.4590236
727661610	ACC	8.999406	-1.9064814	-1.5260227
727661619	ACC	9.018549	-1.9064814	-1.588236
727661629	ACC	9.071191	-1.8825532	-1.655235
727661638	ACC	9.080762	-1.8777676	-1.6791633
727661648	ACC	9.066405	-1.8969102	-1.7078772
727661657	ACC	9.047262	-1.9543378	-1.6983058
727661667	ACC	9.052048	-2.021337	-1.6408781
727661676	ACC	8.999406	-2.0691934	-1.5403795
727661686	ACC	8.961121	-2.1457636	-1.4207385
727661695	ACC	8.975478	-2.2031915	-1.3010973
727661705	ACC	9.047262	-2.30369	-1.1862419
727661714	ACC	9.142975	-2.370689	-1.1192428
727661724	ACC	9.253045	-2.437688	-1.0857433
727661733	ACC	9.300901	-2.452045	-1.0426725
727661743	ACC	9.3104725	-2.466402	-1.0570294
727661752	ACC	9.329616	-2.466402	-1.090529
727661762	ACC	9.296116	-2.4759731	-1.0953146
727661771	ACC	9.233903	-2.4999015	-1.0857433
727661781	ACC	9.205189	-2.5286152	-1.0809577
727661790	ACC	9.176475	-2.571686	-1.0522437
727661800	ACC	9.200403	-2.5956144	-0.9804591
727661809	ACC	9.300901	-2.653042	-0.91346
727661819	ACC	9.406186	-2.7152555	-0.85124665
727661828	ACC	9.492328	-2.7296124	-0.79860455
727661838	ACC	9.54497	-2.7296124	-0.7890333
727661847	ACC	9.645468	-2.7583263	-0.8225328
727661857	ACC	9.731609	-2.748755	-0.8991031
727661866	ACC	9.798609	-2.748755	-0.9182457
727661876	ACC	9.779466	-2.748755	-0.927817
727661885	ACC	9.817751	-2.7631118	-0.8895318
727661895	ACC	9.827323	-2.7391837	-0.8033902
727661904	ACC	9.913465	-2.7296124	-0.6358926
727661914	ACC	10.095319	-2.7631118	-0.43489552
727661923	ACC	10.253245	-2.7918258	-0.2865405
727661933	ACC	10.3441725	-2.7822545	-0.16689938
727661942	ACC	10.406385	-2.7918258	-0.11425728
727661952	ACC	10.4016	-2.8061829	-0.109471634
727661961	ACC	10.348958	-2.8061829	-0.1381855
727661971	ACC	10.286744	-2.7583263	-0.21475583
727661980	ACC	10.186246	-2.6626134	-0.3487539
727661990	ACC	10.147961	-2.571686	-0.55453664
727661999	ACC	10.13839	-2.452045	-0.84167534
727662009	ACC	10.191031	-2.3132613	-1.1144571
727662018	ACC	10.334601	-2.179263	-1.387239
727662028	ACC	10.459028	-2.0548365	-1.6360924
727662037	ACC	10.54517	-1.925624	-1.8705891
727662047	ACC	10.683953	-1.8251255	-2.0668006
727662056	ACC	10.77488	-1.7294126	-2.1768703
727662066	ACC	10.928021	-1.5954145	-2.2390838
727662075	ACC	10.999805	-1.4183456	-2.3300111
727662085	ACC	11.062019	-1.2077773	-2.425724
727662094	ACC	11.114661	-0.97806627	-2.5836504
727662104	ACC	11.272588	-0.79142606	-2.7320054
727662113	ACC	11.4496565	-0.590429	-2.7415764
727662123	ACC	11.770294	-0.3702893	-2.5645077
727662132	ACC	12.287145	-0.28893334	-2.3108685
727662142	ACC	12.80878	-0.22671995	-2.018944
727662151	ACC	13.339986	-0.13579269	-1.7892331
727662161	ACC	13.7324095	-0.030508488	-1.5834504
727662170	ACC	14.129618	0.046061836	-1.4685949
727662180	ACC	14.143974	0.1896312	-1.5690935
727662189	ACC	13.919049	0.3188436	-1.7653049
727662199	ACC	13.794622	0.32841492	-1.9040886
727662208	ACC	13.69891	0.20877378	-1.8945173
727662218	ACC	13.612768	0.20398813	-1.7653049
727662227	ACC	13.718052	0.17527425	-1.521237
727662237	ACC	13.761123	0.1369891	-1.2436695
727662246	ACC	13.641482	0.16091733	-1.0139586
727662256	ACC	13.5170555	0.21834506	-0.9708878
727662265	ACC	13.473985	0.25663024	-0.9661021
727662275	ACC	13.564912	0.21355942	-0.8703892
727662284	ACC	13.636696	0.13220344	-0.6119644
727662294	ACC	13.63191	0.11306087	-0.17168503
727662303	ACC	13.5170555	0.07956135	-0.028115666
727662313	ACC	13.282558	0.07477571	0.07238288
727662322	ACC	13.009777	0.093918286	0.2015953
727662332	ACC	12.684353	-0.04007978	-0.6358926
727662341	ACC	12.138789	-0.044865426	-0.5306084
727662351	ACC	12.157932	-0.064008005	0.42652065
727662360	ACC	11.894721	0.26620153	1.0390832
727662370	ACC	11.88515	0.17527425	1.1443675
727662379	ACC	11.727223	-0.064008005	0.6897311
727662389	ACC	10.837093	-0.13579269	1.689931
727662398	ACC	10.516456	-0.23629123	2.4699912
727662408	ACC	10.315458	-0.4564309	2.8863423
727662417	ACC	10.028319	-0.3272185	3.0299118
727662427	ACC	9.688539	-0.111864455	3.24048
727662436	ACC	9.47797	-0.16450655	3.5611184
727662446	ACC	9.157332	-0.20279172	3.522833
727662455	ACC	8.894122	-0.064008005	3.2644083
727662465	ACC	8.429914	-0.04965107	3.3457642
727662474	ACC	8.094919	-0.020937199	3.0921252
727662484	ACC	7.7886376	0.012562319	2.8959136
727662493	ACC	7.578069	-0.020937199	2.6757739
727662503	ACC	7.463214	-0.13579269	2.6805596
727662512	ACC	7.4440713	-0.54257256	3.135196
727662522	ACC	6.463014	0.28055847	4.1497526
727662531	ACC	6.640083	-0.31286156	3.8578284
727662541	ACC	6.687939	-0.51864433	3.7621155
727662550	ACC	6.257231	-0.3080759	4.2071805
727662560	ACC	6.0418773	-0.31764722	4.4464626
727662569	ACC	6.1328044	-0.293719	4.666602
727662579	ACC	6.06102	-0.3080759	5.0973105
727662588	ACC	5.8169518	-0.32243285	5.3796635
727662598	ACC	5.4484572	-0.41336012	5.805586
727662607	ACC	4.974678	-0.5665008	6.116653
727662617	ACC	4.54397	-0.42771706	6.169295
727662626	ACC	4.2041893	-0.212363	6.1884375
727662636	ACC	4.0127635	-0.18843478	6.025726
727662645	ACC	3.9074793	-0.064008005	5.7577295
727662655	ACC	3.7064822	0.1274178	5.6907306
727662664	ACC	3.5150564	0.26620153	5.858228
727662674	ACC	3.3762727	0.27098715	6.2315083
727662683	ACC	3.237489	0.1896312	6.8392854
727662693	ACC	3.0652058	0.14177474	7.3369923
727662702	ACC	3.0460632	0.18005991	7.5475607
727662712	ACC	3.1944182	0.27098715	7.585846
727662721	ACC	3.2327034	0.3044867	7.4997044
727662731	ACC	3.2470603	0.3714857	7.3417783
727662740	ACC	3.3044882	0.5102694	7.126424
727662750	ACC	3.0987053	0.70648086	7.289136
727662759	ACC	2.9359934	0.7686943	7.6289167
727662769	ACC	2.7014968	0.93619186	7.906484
727662778	ACC	2.6488547	0.974477	8.274979
727662788	ACC	2.6775684	0.91226363	8.447262
727662797	ACC	2.7158537	0.9170493	8.495118
727662807	ACC	2.7062824	0.98883396	8.408977
727662816	ACC	2.6871397	1.0510473	8.351549
727662826	ACC	2.806781	1.1324034	8.279764
727662835	ACC	3.103491	1.218545	8.136195
727662845	ACC	3.1130621	1.3190435	8.093124
727662854	ACC	2.9982069	1.4099708	8.145766
727662864	ACC	2.7397819	1.4626129	8.351549
727662873	ACC	2.5148566	1.4626129	8.686544
727662883	ACC	2.5052853	1.5296118	8.882756
727662892	ACC	2.5627131	1.66361	8.940184
727662902	ACC	2.6009982	1.7449659	8.901898
727662911	ACC	2.7302105	1.7880367	8.681759
727662921	ACC	2.8354948	1.9220347	8.461619
727662930	ACC	2.8546374	2.012962	8.337193
727662940	ACC	2.7589245	1.9698912	8.2558365
727662949	ACC	2.6392834	1.96032	8.370692
727662959	ACC	2.495714	1.9411774	8.542975
727662968	ACC	2.361716	1.8598214	8.700901
727662978	ACC	2.2181466	1.8454645	8.820542
727662987	ACC	2.2229323	1.931606	9.323035
727662997	ACC	2.4239295	1.9268204	9.873384
727663006	ACC	2.9216363	0.9936196	8.787043
727663016	ACC	2.4670002	1.5056837	8.313264
727663025	ACC	2.5962126	2.1230319	8.475976
727663035	ACC	3.2805598	2.0608184	8.533403
727663044	ACC	3.711268	2.1134605	8.6961155
727663054	ACC	3.802195	2.2666013	9.078967
