727557812	ACC	3.6394832	3.0514472	8.231908
727557821	ACC	4.1611185	3.132803	7.9160557
727557831	ACC	4.089334	2.9940193	8.145766
727557840	ACC	4.2041893	2.9605198	8.117053
727557850	ACC	4.2520456	2.9557343	8.088339
727557859	ACC	4.3094735	2.9796624	8.073982
727557869	ACC	4.304688	2.998805	8.035697
727557878	ACC	4.3764725	3.0418758	8.107481
727557888	ACC	4.496114	3.0562327	8.179266
727557897	ACC	4.5296135	3.1232316	8.169695
727557907	ACC	4.5631127	3.1806595	8.112267
727557916	ACC	4.5966125	3.214159	8.002197
727557926	ACC	4.65404	3.281158	7.8777704
727557935	ACC	4.6205406	3.2476585	7.72463
727557945	ACC	4.4578285	3.1088748	7.6719875
727557954	ACC	4.4913282	3.0562327	7.6959157
727557964	ACC	4.4913282	3.0562327	7.624131
727557973	ACC	4.5008993	2.998805	7.4327054
727557983	ACC	4.7976093	2.970091	7.0642104
727557992	ACC	5.127819	3.0083764	6.53779
727558002	ACC	5.3766723	3.0179477	6.102296
727558011	ACC	5.6733823	3.03709	5.6620164
727558021	ACC	5.3718867	3.1519456	5.1260242
727558030	ACC	5.4053864	3.1758738	4.9489555
727558040	ACC	5.697311	3.0323045	4.9202414
727558049	ACC	5.4053864	3.0418758	4.9489555
727558059	ACC	5.639883	3.0562327	4.953741
727558068	ACC	5.8743796	3.0275187	4.795815
727558078	ACC	6.5108705	3.266801	4.767101
727558087	ACC	6.7166533	3.4390843	4.4895334
727558097	ACC	6.707082	3.4055848	4.221537
727558106	ACC	6.9798636	3.4342988	4.039683
727558116	ACC	7.314859	3.3338	4.025326
727558125	ACC	7.391429	3.539583	3.5611184
727558135	ACC	7.520642	3.74058	3.24048
727558144	ACC	7.6259255	3.8937206	3.106482
727558154	ACC	7.702496	3.836293	3.3026934
727558163	ACC	7.7216387	3.8123646	3.4271202
727558173	ACC	7.6977105	3.8171504	3.565904
727558182	ACC	7.7312098	3.8123646	3.848257
727558192	ACC	7.879565	3.7836509	4.2406797
727558201	ACC	7.999206	3.7597225	4.6283174
727558211	ACC	8.123632	3.7597225	4.7336016
727558220	ACC	8.233703	3.7357943	4.6091747
727558230	ACC	8.209774	3.673581	4.278965
727558239	ACC	8.176275	3.606582	4.144967
727558249	ACC	8.176275	3.4965122	3.8051863
727558258	ACC	8.238488	3.242873	3.3649068
727558268	ACC	8.300702	3.5826538	3.1208389
727558277	ACC	8.042277	3.984648	3.025126
727558287	ACC	8.185846	3.778865	2.4939194
727558296	ACC	8.262417	3.7118661	2.364707
727558306	ACC	8.29113	3.6640096	2.1589243
727558315	ACC	8.583055	3.5252259	2.1110678
727558325	ACC	8.922835	3.3864422	2.1828525
727558334	ACC	9.3104725	3.2572298	2.2594228
727558344	ACC	9.674182	3.2093735	2.3551357
727558353	ACC	10.009177	3.1519456	2.4652054
727558363	ACC	10.186246	3.1375887	2.5992036
727558372	ACC	10.334601	3.0897322	2.594418
727558382	ACC	10.334601	3.0466614	2.75713
727558391	ACC	10.286744	3.0705895	2.8815567
727558401	ACC	10.334601	3.0418758	2.8576283
727558410	ACC	10.301102	3.0418758	2.7667012
727558420	ACC	10.152746	2.998805	2.7188447
727558429	ACC	10.004392	2.9653056	2.5896323
727558439	ACC	9.9038925	2.970091	2.4987051
727558448	ACC	9.827323	3.0227332	2.4699912
727558458	ACC	9.698111	3.0897322	2.4747767
727558467	ACC	9.611969	3.1280174	2.541776
727558477	ACC	9.592826	3.065804	2.580061
727558486	ACC	9.626326	2.998805	2.6135604
727558496	ACC	9.702896	2.984448	2.7332017
727558505	ACC	9.717253	2.9557343	2.838486
727558515	ACC	9.640682	2.836093	2.809772
727558524	ACC	9.501899	2.7260232	2.7188447
727558534	ACC	9.276974	2.6015964	2.5704896
727558543	ACC	9.128618	2.4532413	2.393421
727558553	ACC	9.013762	2.3001008	2.2354946
727558562	ACC	8.989835	2.2235305	2.067997
727558572	ACC	8.961121	2.161317	1.8574286
727558581	ACC	8.927621	2.079961	1.6755741
727558591	ACC	8.922835	1.9363917	1.527219
727558600	ACC	8.889337	1.7880367	1.4219348
727558610	ACC	8.831908	1.6444674	1.3597214
727558619	ACC	8.807981	1.3956138	1.311865
727558629	ACC	8.817552	1.1371889	1.3692927
727558638	ACC	8.879765	0.8787641	1.5032908
727558648	ACC	8.894122	0.6155536	1.6612171
727558657	ACC	8.841479	0.381057	1.7138592
727558667	ACC	8.99462	-0.111864455	1.6707884
727558676	ACC	8.583055	-0.10707881	1.3357933
727558686	ACC	8.329415	0.12263216	1.9244276
727558695	ACC	8.4347	-0.19800608	1.689931
727558705	ACC	8.449057	-0.39900318	1.3549358
727558714	ACC	8.391629	-0.34636107	1.2209377
727558724	ACC	8.315059	-0.33200413	1.0725827
727558733	ACC	8.295917	-0.39900318	0.85244304
727558743	ACC	8.405986	-0.4755735	0.7615158
727558752	ACC	8.544769	-0.5808577	0.8333005
727558762	ACC	8.630911	-0.7004988	1.0295119
727558771	ACC	8.793623	-0.8249256	1.2831511
727558781	ACC	9.032906	-0.91585284	1.5367904
727558790	ACC	9.119047	-0.9924232	1.6947167
727558800	ACC	9.052048	-1.0259227	1.7282162
727558809	ACC	8.88455	-0.9828519	1.6516458
727558819	ACC	8.745767	-0.88235337	1.4410775
727558828	ACC	8.827123	-0.8536395	1.1826526
727558838	ACC	8.961121	-0.8105687	1.0055838
727558847	ACC	9.123833	-0.8009974	0.9194421
727558857	ACC	9.3200445	-0.85842514	0.90029955
727558866	ACC	9.516255	-0.9445667	0.89072824
727558876	ACC	9.635897	-1.0067801	0.933799
727558885	ACC	9.80818	-1.0785648	1.0295119
727558895	ACC	9.985249	-1.1694921	1.2113664
727558904	ACC	10.085748	-1.2221341	1.4123635
727558914	ACC	10.004392	-1.2317054	1.5176477
727558923	ACC	9.822537	-1.2460624	1.4219348
727558933	ACC	9.640682	-1.2747762	1.244866
727558942	ACC	9.516255	-1.3561323	1.0438689
727558952	ACC	9.47797	-1.4327025	0.87637126
727558961	ACC	9.501899	-1.4757733	0.7375876
727558971	ACC	9.611969	-1.5140585	0.6131608
727558980	ACC	9.731609	-1.5714862	0.421735
727558990	ACC	9.865608	-1.6193427	0.2973082
727558999	ACC	9.95175	-1.6336997	0.12023934
727559009	ACC	10.018748	-1.6384853	-0.047258247
727559018	ACC	10.10489	-1.6480566	-0.16211374
727559028	ACC	10.191031	-1.6576279	-0.29132617
727559037	ACC	10.219746	-1.6911274	-0.3822534
727559047	ACC	10.2723875	-1.7150556	-0.43010986
727559056	ACC	10.325029	-1.7437695	-0.40618163
727559066	ACC	10.406385	-1.7676977	-0.36311084
727559075	ACC	10.420743	-1.8011973	-0.29132617
727559085	ACC	10.463814	-1.8155541	-0.27696922
727559094	ACC	10.597812	-1.8873389	-0.28175488
727559104	ACC	10.693524	-1.9447666	-0.27218357
727559113	ACC	10.717453	-1.939981	-0.20039889
727559123	ACC	10.746166	-1.9734805	-0.123828575
727559132	ACC	10.832308	-2.0021944	-0.09990034
727559142	ACC	10.918449	-2.030908	-0.066400826
727559151	ACC	10.985449	-2.0261226	-0.047258247
727559161	ACC	11.085947	-2.0117657	-0.066400826
727559170	ACC	11.157732	-1.9734805	-0.08075777
727559180	ACC	11.205588	-1.925624	-0.09990034
727559189	ACC	11.29173	-1.9208384	-0.16211374
727559199	ACC	11.382657	-1.8921245	-0.21475583
727559208	ACC	11.4496565	-1.8729819	-0.26739794
727559218	ACC	11.440085	-1.8442681	-0.32482567
727559227	ACC	11.473584	-1.8394824	-0.36789647
727559237	ACC	11.459228	-1.8538394	-0.37746778
727559246	ACC	11.440085	-1.9447666	-0.4779663
727559256	ACC	11.416157	-2.0739791	-0.8895318
727559265	ACC	11.224731	-1.9351953	-0.5880362
727559275	ACC	11.062019	-1.9782661	-0.26261228
727559284	ACC	10.822737	-1.939981	-0.39182472
727559294	ACC	10.578669	-2.030908	-0.37746778
727559303	ACC	10.339387	-2.088336	-0.3056831
727559313	ACC	10.176675	-2.088336	-0.20039889
727559322	ACC	10.114461	-2.1314068	-0.052043892
727559332	ACC	10.152746	-2.1601207	0.053240303
727559341	ACC	10.195817	-2.2031915	0.1680958
727559351	ACC	10.224531	-2.2223341	0.27816564
727559360	ACC	10.143175	-2.1984057	0.3499503
727559370	ACC	10.042677	-2.179263	0.35473597
727559379	ACC	9.985249	-2.1936202	0.3260221
727559389	ACC	9.9038925	-2.2175484	0.27816564
727559398	ACC	9.77468	-2.2175484	0.18723837
727559408	ACC	9.65504	-2.2127628	0.12502499
727559417	ACC	9.5353985	-2.2414765	0.06759724
727559427	ACC	9.506684	-2.2701905	0.048454657
727559436	ACC	9.592826	-2.2845473	0.096311115
727559446	ACC	9.693324	-2.274976	0.18245272
727559455	ACC	9.856036	-2.2701905	0.27816564
727559465	ACC	9.942178	-2.236691	0.3595216
727559474	ACC	9.990034	-2.2127628	0.35473597
727559484	ACC	10.033105	-2.2558336	0.3164508
727559493	ACC	10.080962	-2.2989044	0.29252258
727559503	ACC	10.13839	-2.318047	0.27816564
727559512	ACC	10.21496	-2.3802602	0.27816564
727559522	ACC	10.243673	-2.452045	0.28295127
727559531	ACC	10.234102	-2.4855444	0.27337998
727559541	ACC	10.200603	-2.5429723	0.22552353
727559550	ACC	10.13839	-2.614757	0.1680958
727559560	ACC	10.042677	-2.6721847	0.13459627
727559569	ACC	10.004392	-2.7583263	0.12023934
727559579	ACC	10.009177	-2.8540392	0.14895321
727559588	ACC	10.07139	-2.925824	0.22552353
727559598	ACC	10.10489	-3.0023942	0.27337998
727559607	ACC	10.124033	-3.0358937	0.27816564
727559617	ACC	10.152746	-3.0885358	0.23988047
727559626	ACC	10.13839	-3.1555347	0.13938192
727559636	ACC	10.090533	-3.1794631	0.05802595
727559645	ACC	10.018748	-3.1890345	0.014955142
727559655	ACC	9.927821	-3.2177482	-0.032901313
727559664	ACC	9.875179	-3.2321053	-0.047258247
727559674	ACC	9.812965	-3.2129626	-0.032901313
727559683	ACC	9.803394	-3.2033913	0.005383851
727559693	ACC	9.798609	-3.1986058	0.05802595
727559702	ACC	9.779466	-3.1794631	0.14416756
727559712	ACC	9.77468	-3.1746774	0.23030917
727559721	ACC	9.726824	-3.141178	0.28295127
727559731	ACC	9.635897	-3.0598218	0.28773692
727559740	ACC	9.516255	-3.0023942	0.24945176
727559750	ACC	9.415757	-2.9545379	0.2542374
727559759	ACC	9.51147	-2.9736803	0.2973082
727559769	ACC	9.698111	-2.9736803	0.36909288
727559778	ACC	9.879965	-2.8875387	0.35473597
727559788	ACC	10.095319	-2.7726831	0.31166515
727559797	ACC	10.334601	-2.6626134	0.18723837
727559807	ACC	10.454242	-2.519044	0.014955142
727559816	ACC	10.406385	-2.3371894	-0.17168503
727559826	ACC	10.310673	-2.2319052	-0.32004002
727559835	ACC	10.152746	-2.1314068	-0.43968117
727559845	ACC	10.037891	-2.0787647	-0.48275197
727559854	ACC	10.004392	-2.1649063	-0.44925246
727559864	ACC	10.004392	-2.2175484	-0.37268212
727559873	ACC	9.970892	-2.1888344	-0.3056831
727559883	ACC	9.946963	-2.1505494	-0.22911277
727559892	ACC	9.966106	-2.0931215	-0.17647067
727559902	ACC	10.047462	-2.0739791	-0.253041
727559911	ACC	10.042677	-2.0404794	-0.23389842
727559921	ACC	10.004392	-2.00698	-0.19082761
727559930	ACC	10.018748	-1.9974087	-0.16689938
727559940	ACC	9.9756775	-1.9830518	-0.13339986
727559949	ACC	9.999606	-1.9830518	-0.09032906
727559959	ACC	10.009177	-1.9447666	-0.071186475
727559968	ACC	9.956535	-1.9064814	-0.08075777
727559978	ACC	9.8321085	-1.8681962	-0.0951147
727559987	ACC	9.65504	-1.8394824	-0.0951147
727559997	ACC	9.468399	-1.8011973	-0.1381855
727560006	ACC	9.305687	-1.7246269	-0.119042926
727560016	ACC	9.219545	-1.7150556	-0.066400826
727560025	ACC	9.233903	-1.7006987	0.005383851
727560035	ACC	9.243474	-1.6576279	0.07716853
727560044	ACC	9.334401	-1.614557	0.12981063
727560054	ACC	9.396614	-1.5954145	0.13938192
727560063	ACC	9.363115	-1.5427724	0.1058824
727560073	ACC	9.267402	-1.5044873	0.03888337
727560082	ACC	9.138189	-1.5044873	-0.037686955
727560092	ACC	9.047262	-1.4614165	-0.09032906
727560101	ACC	8.99462	-1.3992031	-0.08554341
727560111	ACC	9.013762	-1.3369896	-0.037686955
727560120	ACC	9.056833	-1.2795619	0.014955142
727560130	ACC	9.080762	-1.2317054	0.034097724
727560139	ACC	9.06162	-1.2077773	0.03888337
727560149	ACC	8.965906	-1.1455638	0.03888337
727560158	ACC	8.91805	-1.1120644	0.03888337
727560168	ACC	8.879765	-1.0689936	0.081954174
727560177	ACC	8.908479	-1.049851	0.10109676
727560187	ACC	8.95155	-1.0163515	0.18245272
727560196	ACC	8.946764	-0.9924232	0.25902304
727560206	ACC	8.975478	-0.9732806	0.26859435
727560215	ACC	9.013762	-0.9445667	0.23509483
727560225	ACC	9.02812	-0.9062816	0.2015953
727560234	ACC	9.0233345	-0.87278205	0.12981063
727560244	ACC	9.013762	-0.8344969	0.11545369
727560253	ACC	8.989835	-0.8105687	0.08673982
727560263	ACC	8.927621	-0.8153543	0.05802595
727560272	ACC	8.860622	-0.80578303	0.06759724
727560282	ACC	8.817552	-0.84406817	0.07716853
727560291	ACC	8.831908	-0.887139	0.091525465
727560301	ACC	8.784052	-0.91585284	0.12023934
727560310	ACC	8.769695	-0.9062816	0.1585245
727560320	ACC	8.807981	-0.88235337	0.20638095
727560329	ACC	8.836694	-0.84406817	0.23988047
727560339	ACC	8.846265	-0.8105687	0.2015953
727560348	ACC	8.841479	-0.78664047	0.1585245
727560358	ACC	8.846265	-0.79142606	0.12981063
727560367	ACC	8.831908	-0.79142606	0.12502499
727560377	ACC	8.827123	-0.79142606	0.12023934
727560386	ACC	8.8701935	-0.8105687	0.13459627
727560396	ACC	8.865408	-0.8632108	0.1680958
727560405	ACC	8.836694	-0.90149593	0.22073789
727560415	ACC	8.803194	-0.9302098	0.23030917
727560424	ACC	8.784052	-0.97806627	0.22073789
727560434	ACC	8.73141	-1.0307083	0.23509483
727560443	ACC	8.7266245	-1.0977074	0.2638087
727560453	ACC	8.784052	-1.1647065	0.29252258
727560462	ACC	8.841479	-1.2269198	0.34516466
727560472	ACC	8.903693	-1.250848	0.3786642
727560481	ACC	8.989835	-1.2699906	0.46002015
727560491	ACC	9.152547	-1.2556337	0.503091
727560500	ACC	9.262616	-1.265205	0.5509474
727560510	ACC	9.334401	-1.2699906	0.56530434
727560519	ACC	9.372686	-1.2891332	0.53180486
727560529	ACC	9.286545	-1.3417753	0.46959144
727560538	ACC	9.176475	-1.3848461	0.40737805
727560548	ACC	9.066405	-1.4183456	0.34516466
727560557	ACC	8.989835	-1.480559	0.32123643
727560567	ACC	8.894122	-1.494916	0.2542374
727560576	ACC	8.855837	-1.561915	0.18245272
727560586	ACC	8.903693	-1.6624135	0.15373886
727560595	ACC	8.889337	-1.6767704	0.07716853
727560605	ACC	8.927621	-1.7294126	-0.01375873
727560614	ACC	9.037691	-1.777269	-0.11425728
727560624	ACC	9.219545	-1.8107685	-0.15254244
727560633	ACC	9.315259	-1.8299111	-0.18604197
727560643	ACC	9.353543	-1.8921245	-0.27696922
727560652	ACC	9.410972	-1.911267	-0.401396
727560662	ACC	9.458828	-1.9447666	-0.5210371
727560671	ACC	9.473185	-1.9734805	-0.6550352
727560681	ACC	9.506684	-1.9878374	-0.74596244
727560690	ACC	9.578469	-2.0691934	-0.8129615
727560700	ACC	9.765109	-2.1649063	-0.86081797
727560709	ACC	9.980463	-2.265405	-0.93738824
727560719	ACC	10.200603	-2.3371894	-0.94695956
727560728	ACC	10.444671	-2.4041886	-0.9517452
727560738	ACC	10.602597	-2.41376	-0.9086744
727560747	ACC	10.789237	-2.5094728	-1.090529
727560757	ACC	10.765309	-2.4568307	-1.090529
727560766	ACC	10.7126665	-2.3611178	-1.0522437
727560776	ACC	10.674382	-2.3659034	-1.0378869
727560785	ACC	10.6408825	-2.3994029	-0.98524475
727560795	ACC	10.564312	-2.437688	-0.8703892
727560804	ACC	10.463814	-2.519044	-0.7076773
727560814	ACC	10.348958	-2.5669005	-0.5401797
727560823	ACC	10.291531	-2.6482565	-0.40618163
727560833	ACC	10.243673	-2.667399	-0.20997019
727560842	ACC	10.191031	-2.667399	-0.061615184
727560852	ACC	10.13839	-2.681756	0.034097724
727560861	ACC	10.047462	-2.6865416	0.096311115
727560871	ACC	9.999606	-2.6769702	0.13938192
727560880	ACC	9.923036	-2.6099713	0.14416756
727560890	ACC	9.889536	-2.5860431	0.12023934
727560899	ACC	9.80818	-2.5381866	0.06281159
727560909	ACC	9.693324	-2.4903302	-0.047258247
727560918	ACC	9.683753	-2.4759731	-0.16689938
727560928	ACC	9.736395	-2.4999015	-0.31046873
727560937	ACC	9.755538	-2.5142584	-0.4109673
727560947	ACC	9.803394	-2.4999015	-0.48753762
727560956	ACC	9.846465	-2.5477579	-0.57846487
727560966	ACC	9.875179	-2.5381866	-0.6358926
727560975	ACC	9.812965	-2.4759731	-0.69332033
727560985	ACC	9.741181	-2.4568307	-0.698106
727560994	ACC	9.702896	-2.4711876	-0.6646065
727561004	ACC	9.707682	-2.466402	-0.631107
727561013	ACC	9.760324	-2.4951158	-0.55453664
727561023	ACC	9.851251	-2.5429723	-0.47318068
727561032	ACC	9.889536	-2.562115	-0.43010986
727561042	ACC	9.860822	-2.5477579	-0.40618163
727561051	ACC	9.856036	-2.5381866	-0.36789647
727561061	ACC	9.827323	-2.5381866	-0.30089745
727561070	ACC	9.784252	-2.4999015	-0.25782663
727561080	ACC	9.803394	-2.5286152	-0.21954148
727561089	ACC	9.769895	-2.5429723	-0.17168503
727561099	ACC	9.8321085	-2.5764718	-0.15732808
727561108	ACC	9.91825	-2.653042	-0.13339986
727561118	ACC	9.95175	-2.681756	-0.13339986
727561127	ACC	9.856036	-2.6578279	-0.07597212
727561137	ACC	9.803394	-2.6578279	-0.047258247
727561146	ACC	9.765109	-2.681756	-0.018544376
727561156	ACC	9.769895	-2.6626134	0.014955142
727561165	ACC	9.827323	-2.6913273	-0.0041874396
727561175	ACC	9.80818	-2.6913273	-0.023330022
727561184	ACC	9.745967	-2.6482565	-0.023330022
727561194	ACC	9.678967	-2.6243281	-0.0041874396
727561203	ACC	9.669396	-2.6721847	-0.0041874396
727561213	ACC	9.707682	-2.7248268	0.024526432
727561222	ACC	9.750752	-2.7678976	0.07716853
727561232	ACC	9.789038	-2.7966115	0.11066805
727561241	ACC	9.80818	-2.8205397	0.14895321
727561251	ACC	9.789038	-2.858825	0.19202402
727561260	ACC	9.702896	-2.868396	0.23030917
727561270	ACC	9.611969	-2.8875387	0.26859435
727561279	ACC	9.578469	-2.9449666	0.3164508
727561289	ACC	9.573684	-2.9832516	0.38823548
727561298	ACC	9.611969	-3.0119655	0.42652065
727561308	ACC	9.683753	-3.016751	0.52223355
727561317	ACC	9.688539	-3.00718	0.5270192
727561327	ACC	9.712467	-2.978466	0.5557331
727561336	ACC	9.683753	-2.964109	0.52223355
727561346	ACC	9.650253	-2.9401808	0.4456632
727561355	ACC	9.650253	-2.9593234	0.40737805
727561365	ACC	9.6071825	-2.978466	0.36909288
727561374	ACC	9.6071825	-3.00718	0.33080772
727561384	ACC	9.58804	-3.0215368	0.31166515
727561393	ACC	9.525827	-3.0023942	0.3068795
727561403	ACC	9.47797	-2.9832516	0.33559337
727561412	ACC	9.454042	-2.9210382	0.3260221
727561422	ACC	9.410972	-2.8731818	0.3068795
727561431	ACC	9.367901	-2.8348966	0.2973082
727561441	ACC	9.3200445	-2.7678976	0.2973082
727561450	ACC	9.238688	-2.7008986	0.30209386
727561460	ACC	9.209974	-2.6578279	0.3164508
727561469	ACC	9.176475	-2.5525436	0.28773692
727561479	ACC	9.205189	-2.4616163	0.23030917
727561488	ACC	9.367901	-2.452045	0.16331014
727561498	ACC	9.583255	-2.466402	0.11545369
727561507	ACC	9.827323	-2.4711876	0.12981063
727561517	ACC	9.946963	-2.3946173	0.13938192
727561526	ACC	10.013963	-2.30369	0.091525465
727561536	ACC	10.234102	-2.2606192	0.04366901
727561545	ACC	10.439885	-2.2271197	-0.01375873
727561555	ACC	10.655239	-2.184049	0.005383851
727561564	ACC	10.928021	-2.2414765	0.1585245
727561574	ACC	11.152946	-2.30369	0.41694933
727561583	ACC	11.344372	-2.3898315	0.6945168
727561593	ACC	11.521441	-2.5142584	0.86201435
727561602	ACC	11.612369	-2.562115	0.8285148
727561612	ACC	11.531013	-2.5477579	0.5988039
727561621	ACC	11.420942	-2.5573292	0.19680966
727561631	ACC	11.253445	-2.5860431	-0.2865405
727561640	ACC	11.085947	-2.6099713	-0.6550352
727561650	ACC	10.851451	-2.5908287	-0.8847462
727561659	ACC	10.683953	-2.614757	-0.9421739
727561669	ACC	10.573883	-2.7056842	-0.93260264
727561678	ACC	10.506885	-2.830111	-0.846461
727561688	ACC	10.4351	-2.9688947	-0.7220342
727561697	ACC	10.301102	-3.0885358	-0.56410795
727561707	ACC	10.1288185	-3.1459637	-0.40618163
727561716	ACC	9.879965	-3.165106	-0.253041
727561726	ACC	9.62154	-3.1459637	-0.17168503
727561735	ACC	9.449257	-3.074179	-0.10468599
727561745	ACC	9.32483	-3.0933216	-0.09032906
727561754	ACC	9.276974	-3.1076784	-0.11425728
727561764	ACC	9.1669035	-3.1459637	-0.1381855
727561773	ACC	9.02812	-3.141178	-0.16211374
727561783	ACC	8.860622	-3.1220353	-0.15732808
727561792	ACC	8.707481	-3.1076784	-0.15732808
727561802	ACC	8.597412	-3.112464	-0.19082761
727561811	ACC	8.520842	-3.1076784	-0.22432712
727561821	ACC	8.425129	-3.0550363	-0.25782663
727561830	ACC	8.3581295	-3.0311081	-0.29132617
727561840	ACC	8.32463	-3.045465	-0.32961133
727561849	ACC	8.305488	-3.0550363	-0.36311084
727561859	ACC	8.252846	-2.9832516	-0.36311084
727561868	ACC	8.2145605	-2.9353952	-0.34396824
727561878	ACC	8.224132	-2.9066813	-0.35353956
727561887	ACC	8.200203	-2.8636105	-0.32961133
727561897	ACC	8.190632	-2.8109684	-0.33439696
727561906	ACC	8.185846	-2.7678976	-0.35832518
727561916	ACC	8.166703	-2.7439694	-0.39661035
727561925	ACC	8.133204	-2.6913273	-0.38703907
727561935	ACC	8.085348	-2.5860431	-0.4109673
727561944	ACC	8.085348	-2.5094728	-0.39182472
727561954	ACC	8.252846	-2.4855444	-0.32482567
727561963	ACC	8.386844	-2.4424736	-0.20039889
727561972	ACC	8.535198	-2.4041886	-0.109471634
727561982	ACC	8.640483	-2.3994029	-0.052043892
727561991	ACC	8.736196	-2.3802602	-0.05682954
727562001	ACC	8.7984085	-2.3611178	-0.09032906
727562010	ACC	8.8701935	-2.3228326	-0.16689938
727562020	ACC	8.822337	-2.2845473	-0.19082761
727562029	ACC	8.779266	-2.207977	-0.23868406
727562039	ACC	8.793623	-2.184049	-0.3056831
727562048	ACC	8.846265	-2.1074786	-0.32961133
727562058	ACC	8.91805	-2.0548365	-0.34396824
727562067	ACC	9.008977	-2.030908	-0.34396824
727562077	ACC	9.0951185	-1.9878374	-0.34396824
727562086	ACC	9.162118	-1.9351953	-0.33439696
727562096	ACC	9.200403	-1.8969102	-0.35353956
727562105	ACC	9.24826	-1.8729819	-0.35353956
727562115	ACC	9.272188	-1.8586249	-0.39661035
727562124	ACC	9.272188	-1.805983	-0.4444668
727562134	ACC	9.24826	-1.762912	-0.47318068
727562143	ACC	9.233903	-1.7485552	-0.56410795
727562153	ACC	9.262616	-1.7246269	-0.6023931
727562162	ACC	9.238688	-1.7102699	-0.6454639
727562172	ACC	9.300901	-1.7198412	-0.6454639
727562181	ACC	9.377472	-1.762912	-0.68853474
727562191	ACC	9.415757	-1.762912	-0.6789634
727562200	ACC	9.434899	-1.7676977	-0.6406783
727562210	ACC	9.439685	-1.8011973	-0.65024954
727562219	ACC	9.454042	-1.8155541	-0.6119644
727562229	ACC	9.444471	-1.8777676	-0.56410795
727562238	ACC	9.410972	-1.8921245	-0.52582276
727562248	ACC	9.387043	-1.9686948	-0.46839502
727562257	ACC	9.334401	-2.00698	-0.3822534
727562267	ACC	9.257831	-2.0452652	-0.2961118
727562276	ACC	9.21476	-2.126621	-0.21954148
727562286	ACC	9.162118	-2.169692	-0.12861422
727562295	ACC	9.147761	-2.236691	-0.047258247
727562305	ACC	9.157332	-2.289333	-0.0041874396
727562314	ACC	9.152547	-2.3467607	0.019740786
727562324	ACC	9.119047	-2.3371894	0.019740786
727562333	ACC	9.162118	-2.3754747	0.005383851
727562343	ACC	9.190832	-2.423331	-0.0041874396
727562352	ACC	9.276974	-2.4185455	-0.018544376
727562362	ACC	9.32483	-2.423331	-0.028115666
727562371	ACC	9.401401	-2.4568307	-0.05682954
727562381	ACC	9.434899	-2.4855444	-0.15254244
727562390	ACC	9.487542	-2.4711876	-0.253041
727562400	ACC	9.473185	-2.504687	-0.33918262
727562409	ACC	9.492328	-2.519044	-0.42053857
727562419	ACC	9.530613	-2.5908287	-0.4779663
727562428	ACC	9.62154	-2.6626134	-0.4779663
727562438	ACC	9.678967	-2.7248268	-0.45882374
727562447	ACC	9.741181	-2.7822545	-0.4109673
727562457	ACC	9.836894	-2.815754	-0.36311084
727562466	ACC	9.9038925	-2.868396	-0.37268212
727562476	ACC	9.923036	-2.9066813	-0.42532423
727562485	ACC	9.860822	-2.8731818	-0.48753762
727562495	ACC	9.812965	-2.8875387	-0.5449654
727562504	ACC	9.741181	-2.8827531	-0.59282184
727562514	ACC	9.635897	-2.8923244	-0.56410795
727562523	ACC	9.554541	-2.89711	-0.55453664
727562533	ACC	9.506684	-2.925824	-0.49232325
727562542	ACC	9.501899	-2.978466	-0.41575295
727562552	ACC	9.530613	-3.0263224	-0.3152544
727562561	ACC	9.564112	-3.0646076	-0.25782663
727562571	ACC	9.6071825	-3.0885358	-0.21475583
727562580	ACC	9.669396	-3.1028929	-0.21954148
727562590	ACC	9.722038	-3.0837502	-0.25782663
727562599	ACC	9.784252	-3.0933216	-0.31046873
727562609	ACC	9.789038	-3.1172497	-0.3822534
727562618	ACC	9.712467	-3.1316066	-0.42532423
727562628	ACC	9.616755	-3.1220353	-0.4636094
727562637	ACC	9.47797	-3.141178	-0.45403808
727562647	ACC	9.458828	-3.1507492	-0.401396
727562656	ACC	9.506684	-3.165106	-0.32004002
727562666	ACC	9.597611	-3.1794631	-0.21475583
727562675	ACC	9.731609	-3.1746774	-0.109471634
727562685	ACC	9.827323	-3.1507492	-0.05682954
727562694	ACC	9.812965	-3.1076784	-0.037686955
727562704	ACC	9.765109	-3.0693932	-0.01375873
727562713	ACC	9.702896	-3.0598218	-0.0041874396
727562723	ACC	9.65504	-3.0311081	0.024526432
727562732	ACC	9.650253	-3.0358937	0.07716853
727562742	ACC	9.702896	-3.045465	0.14895321
727562751	ACC	9.702896	-3.0119655	0.22073789
727562761	ACC	9.698111	-2.9880373	0.24466611
727562770	ACC	9.693324	-2.9880373	0.23509483
727562780	ACC	9.731609	-2.9401808	0.21595225
727562789	ACC	9.77468	-2.9018958	0.23988047
727562799	ACC	9.80818	-2.8540392	0.24466611
727562808	ACC	9.8321085	-2.8253253	0.22552353
727562818	ACC	9.9038925	-2.7583263	0.18245272
727562827	ACC	9.966106	-2.7056842	0.11066805
727562837	ACC	9.970892	-2.6578279	0.024526432
727562846	ACC	9.985249	-2.6386852	-0.07597212
727562856	ACC	9.956535	-2.6386852	-0.15732808
727562865	ACC	9.927821	-2.6386852	-0.2434697
727562875	ACC	9.851251	-2.614757	-0.23389842
727562884	ACC	9.77468	-2.571686	-0.16211374
727562894	ACC	9.750752	-2.5908287	-0.10468599
727562903	ACC	9.80818	-2.6004	-0.047258247
727562913	ACC	9.927821	-2.6338995	0.053240303
727562922	ACC	10.028319	-2.6243281	0.1058824
727562932	ACC	10.095319	-2.6004	0.11066805
727562941	ACC	10.157532	-2.5860431	0.081954174
727562951	ACC	10.147961	-2.5812573	0.03888337
727562960	ACC	10.147961	-2.571686	0.014955142
727562970	ACC	10.109675	-2.5764718	-0.032901313
727562979	ACC	10.109675	-2.6099713	-0.061615184
727562989	ACC	10.10489	-2.6434708	-0.047258247
727562998	ACC	10.147961	-2.7296124	-0.052043892
727563008	ACC	10.171889	-2.7583263	-0.09032906
727563017	ACC	10.147961	-2.7535408	-0.109471634
727563027	ACC	10.1288185	-2.7822545	-0.1381855
727563036	ACC	10.07139	-2.8109684	-0.16689938
727563046	ACC	10.023534	-2.8253253	-0.17168503
727563055	ACC	9.990034	-2.8779674	-0.15254244
727563065	ACC	9.923036	-2.9066813	-0.09032906
727563074	ACC	9.908679	-2.949752	-0.05682954
727563084	ACC	9.879965	-2.9880373	-0.023330022
727563093	ACC	9.827323	-2.9976087	-0.037686955
727563103	ACC	9.755538	-2.9832516	-0.061615184
727563112	ACC	9.631111	-2.9688947	-0.12861422
727563122	ACC	9.516255	-2.978466	-0.20039889
727563131	ACC	9.420543	-3.0215368	-0.28175488
727563141	ACC	9.339187	-3.0693932	-0.31046873
727563150	ACC	9.281759	-3.098107	-0.28175488
727563160	ACC	9.339187	-3.165106	-0.22432712
727563169	ACC	9.391829	-3.1316066	-0.11425728
727563179	ACC	9.391829	-3.112464	-0.05682954
727563188	ACC	9.449257	-3.0837502	-0.047258247
727563198	ACC	9.5353985	-3.141178	-0.071186475
727563207	ACC	9.549755	-3.1363924	-0.119042926
727563217	ACC	9.573684	-3.1363924	-0.119042926
727563226	ACC	9.559326	-3.1316066	-0.12861422
727563236	ACC	9.597611	-3.1555347	-0.123828575
727563245	ACC	9.631111	-3.1842487	-0.15254244
727563255	ACC	9.664611	-3.1794631	-0.17168503
727563264	ACC	9.726824	-3.1794631	-0.17647067
727563274	ACC	9.702896	-3.1555347	-0.18604197
727563283	ACC	9.736395	-3.1507492	-0.18125631
727563293	ACC	9.707682	-3.112464	-0.1477568
727563302	ACC	9.635897	-3.0789645	-0.10468599
727563312	ACC	9.635897	-3.112464	-0.071186475
727563321	ACC	9.698111	-3.1363924	-0.07597212
727563331	ACC	9.741181	-3.19382	-0.061615184
727563340	ACC	9.77468	-3.2321053	-0.061615184
727563350	ACC	9.755538	-3.1986058	-0.10468599
727563359	ACC	9.683753	-3.1316066	-0.20518455
727563369	ACC	9.58804	-3.0358937	-0.3056831
727563378	ACC	9.506684	-2.9401808	-0.47318068
727563388	ACC	9.482756	-2.868396	-0.5688936
727563397	ACC	9.387043	-2.7678976	-0.59282184
727563407	ACC	9.229117	-2.6865416	-0.5593223
727563416	ACC	9.075976	-2.6578279	-0.46839502
727563426	ACC	9.013762	-2.681756	-0.37268212
727563435	ACC	9.06162	-2.7248268	-0.27218357
727563445	ACC	9.133404	-2.7008986	-0.24825534
727563454	ACC	9.162118	-2.6721847	-0.3152544
727563464	ACC	9.219545	-2.6338995	-0.43968117
727563473	ACC	9.195618	-2.6004	-0.59282184
727563483	ACC	9.123833	-2.4951158	-0.74117684
727563492	ACC	9.02812	-2.41376	-0.8703892
727563502	ACC	8.980264	-2.370689	-0.95653087
727563511	ACC	8.985049	-2.3276181	-0.98524475
727563521	ACC	8.970692	-2.2845473	-0.95653087
727563530	ACC	8.922835	-2.2797618	-0.8560323
727563540	ACC	8.913264	-2.318047	-0.74596244
727563549	ACC	8.860622	-2.356332	-0.5880362
727563559	ACC	8.831908	-2.3659034	-0.44925246
727563568	ACC	8.807981	-2.3611178	-0.32961133
727563578	ACC	8.846265	-2.370689	-0.26261228
727563587	ACC	8.932407	-2.385046	-0.23389842
727563597	ACC	8.965906	-2.3659034	-0.20039889
727563606	ACC	9.013762	-2.3515465	-0.18604197
727563616	ACC	9.0233345	-2.3276181	-0.20039889
727563625	ACC	9.0233345	-2.3228326	-0.20997019
727563635	ACC	9.032906	-2.318047	-0.22911277
727563644	ACC	9.032906	-2.3084757	-0.25782663
727563654	ACC	9.080762	-2.3371894	-0.25782663
727563663	ACC	9.104691	-2.3228326	-0.21475583
727563673	ACC	9.138189	-2.2941186	-0.20518455
727563682	ACC	9.114262	-2.30369	-0.19561325
727563692	ACC	9.071191	-2.3084757	-0.18125631
727563701	ACC	9.02812	-2.3132613	-0.15732808
727563711	ACC	9.004191	-2.3515465	-0.13339986
727563720	ACC	8.975478	-2.332404	-0.10468599
727563730	ACC	8.975478	-2.3276181	-0.123828575
727563739	ACC	9.004191	-2.3611178	-0.119042926
727563749	ACC	8.989835	-2.3611178	-0.15254244
727563758	ACC	8.975478	-2.332404	-0.22432712
727563768	ACC	8.985049	-2.370689	-0.30089745
727563777	ACC	9.02812	-2.3994029	-0.37268212
727563787	ACC	9.037691	-2.370689	-0.40618163
727563796	ACC	9.085547	-2.3754747	-0.44925246
727563806	ACC	9.104691	-2.3802602	-0.48753762
727563815	ACC	9.071191	-2.3946173	-0.5593223
727563825	ACC	8.985049	-2.3898315	-0.5688936
727563834	ACC	8.903693	-2.423331	-0.5736792
727563844	ACC	8.851051	-2.480759	-0.5593223
727563853	ACC	8.779266	-2.5286152	-0.48275197
727563863	ACC	8.73141	-2.5573292	-0.37268212
727563872	ACC	8.7266245	-2.6004	-0.26261228
727563882	ACC	8.779266	-2.6482565	-0.16211374
727563891	ACC	8.7984085	-2.6626134	-0.09990034
727563901	ACC	8.836694	-2.6338995	-0.061615184
727563910	ACC	8.894122	-2.6482565	-0.066400826
727563920	ACC	8.922835	-2.6195426	-0.119042926
727563929	ACC	8.965906	-2.629114	-0.14297116
727563939	ACC	9.008977	-2.6434708	-0.14297116
727563948	ACC	9.071191	-2.6243281	-0.14297116
727563958	ACC	9.133404	-2.6721847	-0.1477568
727563967	ACC	9.186047	-2.7296124	-0.11425728
727563977	ACC	9.238688	-2.7248268	-0.071186475
727563986	ACC	9.272188	-2.7391837	-0.023330022
727563996	ACC	9.3104725	-2.720041	0.005383851
727564005	ACC	9.315259	-2.7008986	5.9820566E-4
727564015	ACC	9.32483	-2.667399	-0.047258247
727564024	ACC	9.396614	-2.6769702	-0.1381855
727564034	ACC	9.439685	-2.6865416	-0.26261228
727564043	ACC	9.501899	-2.7056842	-0.36311084
727564053	ACC	9.578469	-2.7008986	-0.41575295
727564062	ACC	9.597611	-2.720041	-0.49232325
727564072	ACC	9.645468	-2.720041	-0.5401797
727564081	ACC	9.693324	-2.6961129	-0.549751
727564091	ACC	9.717253	-2.6961129	-0.549751
727564100	ACC	9.755538	-2.6578279	-0.5880362
727564110	ACC	9.812965	-2.6769702	-0.62153566
727564119	ACC	9.860822	-2.6865416	-0.6406783
727564129	ACC	9.865608	-2.6913273	-0.61675006
727564138	ACC	9.865608	-2.71047	-0.5832505
727564148	ACC	9.879965	-2.7631118	-0.50189453
727564157	ACC	9.889536	-2.7870402	-0.42053857
727564167	ACC	9.913465	-2.8061829	-0.34396824
727564176	ACC	9.961321	-2.8396823	-0.27696922
727564186	ACC	9.994821	-2.8636105	-0.26739794
727564195	ACC	10.085748	-2.9210382	-0.2961118
727564205	ACC	10.147961	-2.9449666	-0.31046873
727564214	ACC	10.234102	-2.9306095	-0.32961133
727564224	ACC	10.277173	-2.9353952	-0.35832518
727564233	ACC	10.234102	-2.9401808	-0.45403808
727564243	ACC	10.042677	-2.9210382	-0.5353941
727564252	ACC	9.827323	-2.9736803	-0.6358926
727564262	ACC	9.678967	-3.0358937	-0.698106
727564271	ACC	9.51147	-3.0885358	-0.7076773
727564281	ACC	9.410972	-3.126821	-0.67417777
727564290	ACC	9.334401	-3.165106	-0.6646065
727564300	ACC	9.377472	-3.2177482	-0.6263213
727564309	ACC	9.449257	-3.246462	-0.57846487
727564319	ACC	9.410972	-3.2416766	-0.50189453
727564328	ACC	9.367901	-3.2177482	-0.50189453
727564338	ACC	9.329616	-3.19382	-0.5210371
727564347	ACC	9.300901	-3.1842487	-0.5832505
727564357	ACC	9.229117	-3.1698918	-0.6550352
727564366	ACC	9.162118	-3.1459637	-0.698106
727564376	ACC	9.099904	-3.1363924	-0.6646065
727564385	ACC	9.114262	-3.1316066	-0.631107
727564395	ACC	9.138189	-3.126821	-0.5401797
727564404	ACC	9.152547	-3.1459637	-0.45403808
727564414	ACC	9.186047	-3.141178	-0.33918262
727564423	ACC	9.281759	-3.165106	-0.22911277
727564433	ACC	9.329616	-3.165106	-0.0951147
727564442	ACC	9.339187	-3.141178	0.019740786
727564452	ACC	9.334401	-3.1076784	0.081954174
727564461	ACC	9.372686	-3.074179	0.06759724
727564471	ACC	9.406186	-3.0406795	0.04366901
727564480	ACC	9.444471	-3.016751	-0.023330022
727564490	ACC	9.425328	-3.0023942	-0.0951147
727564499	ACC	9.401401	-2.9688947	-0.123828575
727564509	ACC	9.410972	-2.9545379	-0.10468599
727564518	ACC	9.458828	-2.9306095	-0.05682954
727564528	ACC	9.549755	-2.9306095	0.048454657
727564537	ACC	9.698111	-2.9306095	0.14416756
727564547	ACC	9.77468	-2.9162526	0.17288144
727564556	ACC	9.798609	-2.8731818	0.13938192
727564566	ACC	9.817751	-2.8396823	0.081954174
727564575	ACC	9.789038	-2.8061829	0.010169496
727564585	ACC	9.745967	-2.777469	0.005383851
727564594	ACC	9.736395	-2.748755	0.024526432
727564604	ACC	9.769895	-2.7535408	0.053240303
727564613	ACC	9.803394	-2.7391837	0.1058824
727564623	ACC	9.851251	-2.748755	0.20638095
727564632	ACC	9.851251	-2.7296124	0.24945176
727564642	ACC	9.860822	-2.7631118	0.30209386
727564651	ACC	9.91825	-2.8396823	0.3595216
727564661	ACC	9.961321	-2.858825	0.39780676
727564670	ACC	9.9756775	-2.8205397	0.38823548
727564680	ACC	9.990034	-2.8253253	0.36430725
727564689	ACC	9.999606	-2.801397	0.2638087
727564699	ACC	9.9756775	-2.7631118	0.13938192
727564708	ACC	9.970892	-2.7631118	0.005383851
727564718	ACC	9.946963	-2.815754	-0.10468599
727564727	ACC	9.966106	-2.858825	-0.20039889
727564737	ACC	9.9756775	-2.8779674	-0.2434697
727564746	ACC	9.970892	-2.9018958	-0.25782663
727564756	ACC	9.990034	-2.8923244	-0.32961133
727564765	ACC	9.980463	-2.9114668	-0.4109673
727564775	ACC	9.937392	-2.925824	-0.42532423
727564784	ACC	9.932607	-2.9401808	-0.4636094
727564794	ACC	9.889536	-2.9401808	-0.44925246
727564803	ACC	9.817751	-2.978466	-0.401396
727564813	ACC	9.731609	-2.9976087	-0.3152544
727564822	ACC	9.674182	-3.0358937	-0.26739794
727564832	ACC	9.616755	-3.074179	-0.1477568
727564841	ACC	9.602397	-3.1028929	-0.09032906
727564851	ACC	9.559326	-3.1076784	-0.066400826
727564860	ACC	9.51147	-3.1028929	-0.061615184
727564870	ACC	9.482756	-3.1028929	-0.07597212
727564879	ACC	9.497113	-3.1363924	-0.123828575
727564889	ACC	9.444471	-3.1555347	-0.18604197
727564898	ACC	9.4636135	-3.1842487	-0.23389842
727564908	ACC	9.54497	-3.1698918	-0.27696922
727564917	ACC	9.678967	-3.1459637	-0.35832518
727564927	ACC	9.779466	-3.1220353	-0.41575295
727564936	ACC	9.870394	-3.098107	-0.5066802
727564946	ACC	9.908679	-3.0837502	-0.62153566
727564955	ACC	9.870394	-3.0502508	-0.71246296
727564965	ACC	9.827323	-3.0358937	-0.7746763
727564974	ACC	9.779466	-3.0502508	-0.8225328
727564984	ACC	9.712467	-3.0598218	-0.779462
727564993	ACC	9.659825	-3.0502508	-0.6646065
727565003	ACC	9.635897	-3.0885358	-0.5688936
727565012	ACC	9.611969	-3.074179	-0.50189453
727565022	ACC	9.564112	-3.0837502	-0.5066802
727565031	ACC	9.54497	-3.0837502	-0.5162515
727565041	ACC	9.492328	-3.045465	-0.52582276
727565050	ACC	9.439685	-2.9880373	-0.52582276
727565060	ACC	9.468399	-2.9736803	-0.4971089
727565069	ACC	9.549755	-2.964109	-0.4444668
727565079	ACC	9.568898	-2.9593234	-0.3822534
727565088	ACC	9.592826	-2.964109	-0.35353956
727565098	ACC	9.530613	-2.9593234	-0.35353956
727565107	ACC	9.430114	-2.9353952	-0.36311084
727565117	ACC	9.300901	-2.925824	-0.4109673
727565126	ACC	9.186047	-2.9066813	-0.39661035
727565136	ACC	9.099904	-2.8923244	-0.40618163
727565145	ACC	9.052048	-2.8540392	-0.39661035
727565155	ACC	8.989835	-2.815754	-0.401396
727565164	ACC	8.99462	-2.7822545	-0.42053857
727565174	ACC	9.008977	-2.748755	-0.43010986
727565183	ACC	9.004191	-2.7296124	-0.43010986
727565193	ACC	8.965906	-2.7008986	-0.43489552
727565202	ACC	8.894122	-2.6865416	-0.43489552
727565212	ACC	8.855837	-2.6913273	-0.43489552
727565221	ACC	8.855837	-2.681756	-0.4109673
727565231	ACC	8.865408	-2.6578279	-0.37746778
727565240	ACC	8.851051	-2.6338995	-0.32482567
727565250	ACC	8.836694	-2.6243281	-0.32004002
727565259	ACC	8.7984085	-2.6004	-0.32482567
727565269	ACC	8.812766	-2.5669005	-0.32004002
727565278	ACC	8.7984085	-2.5381866	-0.35353956
727565288	ACC	8.831908	-2.5286152	-0.37746778
727565297	ACC	8.831908	-2.519044	-0.4109673
727565307	ACC	8.846265	-2.504687	-0.43010986
727565316	ACC	8.827123	-2.504687	-0.4636094
727565326	ACC	8.822337	-2.4951158	-0.4779663
727565335	ACC	8.827123	-2.4711876	-0.48275197
727565345	ACC	8.831908	-2.4329023	-0.50189453
727565354	ACC	8.851051	-2.4185455	-0.48753762
727565364	ACC	8.8701935	-2.4185455	-0.48275197
727565373	ACC	8.879765	-2.4185455	-0.49232325
727565383	ACC	8.941978	-2.452045	-0.4971089
727565392	ACC	8.985049	-2.4568307	-0.48753762
727565402	ACC	9.037691	-2.4711876	-0.4779663
727565411	ACC	9.0233345	-2.480759	-0.5306084
727565421	ACC	8.99462	-2.4759731	-0.5066802
727565430	ACC	9.004191	-2.4616163	-0.4971089
727565440	ACC	9.085547	-2.4568307	-0.48753762
727565449	ACC	9.133404	-2.4711876	-0.49232325
727565459	ACC	9.133404	-2.452045	-0.48753762
727565468	ACC	9.138189	-2.4472594	-0.48275197
727565478	ACC	9.128618	-2.4568307	-0.52582276
727565487	ACC	9.119047	-2.4759731	-0.5353941
727565497	ACC	9.06162	-2.5142584	-0.5066802
727565506	ACC	9.02812	-2.5525436	-0.48275197
727565516	ACC	8.999406	-2.5956144	-0.43489552
727565525	ACC	8.999406	-2.6626134	-0.38703907
727565535	ACC	8.932407	-2.6865416	-0.30089745
727565544	ACC	8.88455	-2.71047	-0.22911277
727565554	ACC	8.879765	-2.7535408	-0.22911277
727565563	ACC	8.927621	-2.777469	-0.2434697
727565573	ACC	8.956335	-2.7966115	-0.26261228
727565582	ACC	8.999406	-2.777469	-0.27696922
727565592	ACC	9.013762	-2.7918258	-0.32961133
727565601	ACC	9.075976	-2.7870402	-0.37268212
727565611	ACC	9.0951185	-2.8205397	-0.36311084
727565620	ACC	9.090333	-2.8109684	-0.36311084
727565630	ACC	9.119047	-2.830111	-0.34396824
727565639	ACC	9.18126	-2.89711	-0.34396824
727565649	ACC	9.205189	-2.9210382	-0.36311084
727565658	ACC	9.195618	-2.9449666	-0.33439696
727565668	ACC	9.176475	-2.9593234	-0.31046873
727565677	ACC	9.224331	-2.964109	-0.26261228
727565687	ACC	9.24826	-3.0023942	-0.22911277
727565696	ACC	9.296116	-3.016751	-0.19561325
727565705	ACC	9.329616	-3.0358937	-0.17168503
727565715	ACC	9.3200445	-3.045465	-0.14297116
727565724	ACC	9.363115	-3.0550363	-0.15254244
727565734	ACC	9.396614	-3.0646076	-0.18125631
727565743	ACC	9.434899	-3.0550363	-0.19082761
727565753	ACC	9.487542	-3.0358937	-0.23389842
727565762	ACC	9.521041	-3.0311081	-0.253041
727565772	ACC	9.573684	-3.016751	-0.31046873
727565781	ACC	9.578469	-2.978466	-0.3487539
727565791	ACC	9.573684	-2.9545379	-0.42053857
727565800	ACC	9.592826	-2.9401808	-0.48753762
727565810	ACC	9.597611	-2.9162526	-0.5162515
727565819	ACC	9.640682	-2.9162526	-0.5449654
727565829	ACC	9.683753	-2.9162526	-0.56410795
727565838	ACC	9.726824	-2.9114668	-0.5832505
727565848	ACC	9.745967	-2.9066813	-0.59282184
727565857	ACC	9.789038	-2.9401808	-0.5832505
727565867	ACC	9.827323	-2.9210382	-0.6119644
727565876	ACC	9.846465	-2.9114668	-0.6263213
727565886	ACC	9.88475	-2.89711	-0.65982085
727565895	ACC	9.932607	-2.8827531	-0.70289165
727565905	ACC	9.956535	-2.8731818	-0.7316055
727565914	ACC	9.966106	-2.8396823	-0.7507481
727565924	ACC	9.999606	-2.830111	-0.7507481
727565933	ACC	10.037891	-2.830111	-0.7507481
727565943	ACC	10.023534	-2.801397	-0.7316055
727565952	ACC	9.994821	-2.7631118	-0.698106
727565962	ACC	9.942178	-2.7822545	-0.6454639
727565971	ACC	9.923036	-2.8109684	-0.6023931
727565981	ACC	9.851251	-2.8253253	-0.5449654
727565990	ACC	9.750752	-2.8396823	-0.48753762
727566000	ACC	9.669396	-2.8253253	-0.42532423
727566009	ACC	9.597611	-2.8396823	-0.35353956
727566019	ACC	9.626326	-2.9018958	-0.28175488
727566028	ACC	9.6071825	-2.8731818	-0.22911277
727566038	ACC	9.602397	-2.868396	-0.17168503
727566047	ACC	9.640682	-2.8923244	-0.19561325
727566057	ACC	9.631111	-2.9018958	-0.23389842
727566066	ACC	9.578469	-2.8827531	-0.25782663
727566076	ACC	9.530613	-2.8540392	-0.23389842
727566085	ACC	9.506684	-2.8540392	-0.18604197
727566095	ACC	9.497113	-2.8109684	-0.15254244
727566104	ACC	9.51147	-2.8109684	-0.119042926
727566114	ACC	9.530613	-2.7870402	-0.066400826
727566123	ACC	9.568898	-2.7439694	-0.023330022
727566133	ACC	9.559326	-2.6865416	-0.008973085
727566142	ACC	9.592826	-2.6578279	-0.008973085
727566152	ACC	9.573684	-2.6386852	-0.028115666
727566161	ACC	9.559326	-2.6195426	-0.061615184
727566171	ACC	9.549755	-2.6338995	-0.09032906
727566180	ACC	9.54497	-2.6482565	-0.08554341
727566190	ACC	9.5353985	-2.667399	-0.066400826
727566199	ACC	9.573684	-2.6913273	-0.052043892
727566209	ACC	9.635897	-2.7248268	-0.07597212
727566218	ACC	9.698111	-2.71047	-0.061615184
727566228	ACC	9.745967	-2.7008986	-0.061615184
727566237	ACC	9.779466	-2.6769702	-0.08554341
727566247	ACC	9.812965	-2.6626134	-0.08554341
727566256	ACC	9.875179	-2.6913273	-0.047258247
727566266	ACC	9.937392	-2.720041	-0.05682954
727566275	ACC	9.985249	-2.7535408	-0.061615184
727566285	ACC	10.009177	-2.7870402	-0.07597212
727566294	ACC	9.980463	-2.815754	-0.05682954
727566304	ACC	9.899107	-2.8396823	-0.07597212
727566313	ACC	9.846465	-2.8827531	-0.08075777
727566323	ACC	9.812965	-2.9162526	-0.032901313
727566332	ACC	9.789038	-2.9449666	5.9820566E-4
727566342	ACC	9.817751	-2.964109	0.053240303
727566351	ACC	9.856036	-3.0119655	0.11066805
727566361	ACC	9.8321085	-3.0215368	0.1058824
727566370	ACC	9.736395	-3.0215368	0.1058824
727566380	ACC	9.559326	-3.0263224	0.096311115
727566389	ACC	9.372686	-3.0311081	0.1058824
727566399	ACC	9.272188	-3.0502508	0.14895321
727566408	ACC	9.21476	-3.0646076	0.22073789
727566418	ACC	9.205189	-3.0933216	0.26859435
727566427	ACC	9.219545	-3.1172497	0.27337998
727566437	ACC	9.262616	-3.112464	0.19202402
727566446	ACC	9.372686	-3.1698918	0.014955142
727566456	ACC	9.501899	-3.1555347	-0.17647067
727566465	ACC	9.573684	-3.1028929	-0.26261228
727566475	ACC	9.669396	-3.0789645	-0.32482567
727566484	ACC	9.683753	-3.0502508	-0.42053857
727566494	ACC	9.645468	-3.0215368	-0.45882374
727566503	ACC	9.597611	-2.992823	-0.45882374
727566513	ACC	9.482756	-2.949752	-0.43968117
727566522	ACC	9.410972	-2.949752	-0.39182472
727566532	ACC	9.367901	-2.964109	-0.32482567
727566541	ACC	9.444471	-3.0598218	-0.21475583
727566551	ACC	9.65504	-3.1746774	-0.17168503
727566560	ACC	9.846465	-3.19382	-0.18604197
727566570	ACC	10.057034	-3.1746774	-0.21475583
727566579	ACC	10.267602	-3.1507492	-0.37746778
727566589	ACC	10.4016	-3.0406795	-0.5880362
727566598	ACC	10.382458	-2.9353952	-0.80817586
727566608	ACC	10.229317	-2.8636105	-0.9661021
727566617	ACC	10.076176	-2.815754	-1.0570294
727566627	ACC	10.066605	-2.8779674	-1.0953146
727566636	ACC	10.023534	-2.949752	-0.9517452
727566646	ACC	9.966106	-3.0598218	-0.74117684
727566655	ACC	9.942178	-3.1220353	-0.60717875
727566665	ACC	9.860822	-3.1076784	-0.4636094
727566674	ACC	9.894321	-3.0837502	-0.37746778
727566684	ACC	9.9756775	-3.0358937	-0.4109673
727566693	ACC	10.095319	-2.9880373	-0.4779663
727566703	ACC	10.162318	-2.9353952	-0.5353941
727566712	ACC	10.157532	-2.89711	-0.61675006
727566722	ACC	10.057034	-2.8779674	-0.6550352
727566731	ACC	9.870394	-2.8396823	-0.6693921
727566741	ACC	9.616755	-2.8444679	-0.6789634
727566750	ACC	9.420543	-2.8348966	-0.65024954
727566760	ACC	9.272188	-2.8253253	-0.5832505
727566769	ACC	9.147761	-2.815754	-0.4444668
727566779	ACC	9.056833	-2.7631118	-0.32004002
727566788	ACC	9.018549	-2.7439694	-0.25782663
727566798	ACC	9.032906	-2.7248268	-0.20518455
727566807	ACC	9.066405	-2.667399	-0.20039889
727566817	ACC	9.032906	-2.6386852	-0.15254244
727566826	ACC	9.004191	-2.6004	-0.16211374
727566836	ACC	8.961121	-2.5908287	-0.23389842
727566845	ACC	8.894122	-2.614757	-0.26739794
727566855	ACC	8.827123	-2.6195426	-0.2434697
727566864	ACC	8.793623	-2.6482565	-0.22432712
727566874	ACC	8.717052	-2.6626134	-0.16689938
727566883	ACC	8.58784	-2.6482565	-0.09032906
727566893	ACC	8.563912	-2.6243281	-0.047258247
727566902	ACC	8.516056	-2.6099713	0.005383851
727566912	ACC	8.5016985	-2.5860431	0.029312078
727566921	ACC	8.520842	-2.562115	0.010169496
727566931	ACC	8.535198	-2.5525436	0.019740786
727566940	ACC	8.583055	-2.5286152	0.014955142
727566950	ACC	8.597412	-2.4855444	-0.061615184
727566959	ACC	8.602198	-2.466402	-0.17168503
727566969	ACC	8.602198	-2.4472594	-0.21954148
727566978	ACC	8.616554	-2.4329023	-0.30089745
727566988	ACC	8.6548395	-2.4089742	-0.29132617
727566997	ACC	8.693125	-2.4089742	-0.32961133
727567007	ACC	8.736196	-2.3946173	-0.32004002
727567016	ACC	8.740981	-2.385046	-0.2961118
727567026	ACC	8.774481	-2.4041886	-0.24825534
727567035	ACC	8.769695	-2.4089742	-0.19082761
727567045	ACC	8.755338	-2.3898315	-0.1477568
727567054	ACC	8.793623	-2.4089742	-0.109471634
727567064	ACC	8.822337	-2.4185455	-0.123828575
727567073	ACC	8.851051	-2.4185455	-0.11425728
727567083	ACC	8.860622	-2.4424736	-0.17168503
727567092	ACC	8.903693	-2.4424736	-0.21475583
727567102	ACC	8.8701935	-2.4329023	-0.23868406
727567111	ACC	8.946764	-2.4089742	-0.24825534
727567121	ACC	9.042477	-2.385046	-0.26739794
727567130	ACC	9.099904	-2.370689	-0.31046873
727567140	ACC	9.133404	-2.370689	-0.2961118
727567149	ACC	9.142975	-2.3994029	-0.26261228
727567159	ACC	9.142975	-2.41376	-0.23868406
727567168	ACC	9.147761	-2.4424736	-0.18125631
727567178	ACC	9.133404	-2.4568307	-0.123828575
727567187	ACC	9.152547	-2.4951158	-0.061615184
727567197	ACC	9.209974	-2.504687	-0.05682954
727567206	ACC	9.272188	-2.5094728	-0.052043892
727567216	ACC	9.238688	-2.480759	-0.10468599
727567225	ACC	9.209974	-2.4855444	-0.1477568
727567235	ACC	9.205189	-2.504687	-0.17168503
727567244	ACC	9.224331	-2.5381866	-0.19082761
727567254	ACC	9.24826	-2.5381866	-0.17168503
727567263	ACC	9.29133	-2.5525436	-0.16211374
727567273	ACC	9.334401	-2.5764718	-0.12861422
727567282	ACC	9.363115	-2.5812573	-0.17168503
727567292	ACC	9.367901	-2.6338995	-0.18125631
727567301	ACC	9.372686	-2.6386852	-0.18125631
727567311	ACC	9.353543	-2.6482565	-0.15254244
727567320	ACC	9.372686	-2.6434708	-0.11425728
727567330	ACC	9.406186	-2.6721847	-0.07597212
727567339	ACC	9.468399	-2.720041	-0.066400826
727567349	ACC	9.501899	-2.7296124	-0.052043892
727567358	ACC	9.530613	-2.7678976	-0.071186475
727567368	ACC	9.559326	-2.8109684	-0.08554341
727567377	ACC	9.6071825	-2.8348966	-0.109471634
727567387	ACC	9.602397	-2.830111	-0.12861422
727567396	ACC	9.640682	-2.8109684	-0.109471634
727567406	ACC	9.65504	-2.8061829	-0.13339986
727567415	ACC	9.664611	-2.7918258	-0.13339986
727567425	ACC	9.650253	-2.801397	-0.11425728
727567434	ACC	9.650253	-2.8061829	-0.09032906
727567444	ACC	9.683753	-2.777469	-0.061615184
727567453	ACC	9.736395	-2.801397	-0.028115666
727567463	ACC	9.798609	-2.8253253	-0.018544376
727567472	ACC	9.822537	-2.8253253	-0.037686955
727567482	ACC	9.817751	-2.8109684	-0.032901313
727567491	ACC	9.80818	-2.815754	-0.08075777
727567501	ACC	9.80818	-2.8061829	-0.11425728
727567510	ACC	9.817751	-2.8061829	-0.17168503
727567520	ACC	9.822537	-2.8109684	-0.23389842
727567529	ACC	9.817751	-2.7870402	-0.32004002
727567539	ACC	9.822537	-2.7918258	-0.39661035
727567548	ACC	9.817751	-2.7678976	-0.44925246
727567558	ACC	9.8321085	-2.7535408	-0.47318068
727567567	ACC	9.88475	-2.7678976	-0.52582276
727567577	ACC	9.923036	-2.7678976	-0.5306084
727567586	ACC	9.923036	-2.7535408	-0.5162515
727567596	ACC	9.937392	-2.7439694	-0.5066802
727567605	ACC	9.91825	-2.7535408	-0.5306084
727567615	ACC	9.875179	-2.7248268	-0.49232325
727567624	ACC	9.789038	-2.7296124	-0.4971089
727567634	ACC	9.712467	-2.7248268	-0.48275197
727567643	ACC	9.65504	-2.748755	-0.43968117
727567653	ACC	9.650253	-2.777469	-0.40618163
727567662	ACC	9.664611	-2.7918258	-0.37746778
727567672	ACC	9.688539	-2.7918258	-0.39661035
727567681	ACC	9.674182	-2.7966115	-0.401396
727567691	ACC	9.635897	-2.815754	-0.39661035
727567700	ACC	9.583255	-2.815754	-0.4444668
727567710	ACC	9.497113	-2.815754	-0.44925246
727567719	ACC	9.401401	-2.815754	-0.40618163
727567729	ACC	9.3200445	-2.8061829	-0.33918262
727567738	ACC	9.24826	-2.8492537	-0.27218357
727567748	ACC	9.195618	-2.8444679	-0.19561325
727567757	ACC	9.219545	-2.8827531	-0.12861422
727567767	ACC	9.281759	-2.89711	-0.11425728
727567776	ACC	9.3104725	-2.9018958	-0.09990034
727567786	ACC	9.29133	-2.8923244	-0.123828575
727567795	ACC	9.281759	-2.868396	-0.18125631
727567805	ACC	9.281759	-2.8492537	-0.20997019
727567814	ACC	9.296116	-2.8540392	-0.22432712
727567824	ACC	9.329616	-2.8348966	-0.23868406
727567833	ACC	9.444471	-2.830111	-0.21954148
727567843	ACC	9.516255	-2.8109684	-0.19082761
727567852	ACC	9.592826	-2.7870402	-0.18125631
727567862	ACC	9.611969	-2.7678976	-0.20039889
727567871	ACC	9.611969	-2.7248268	-0.23389842
727567881	ACC	9.58804	-2.7056842	-0.28175488
727567890	ACC	9.602397	-2.6913273	-0.3152544
727567900	ACC	9.626326	-2.6913273	-0.32961133
727567909	ACC	9.683753	-2.6913273	-0.26261228
727567919	ACC	9.779466	-2.720041	-0.22911277
727567928	ACC	9.84168	-2.7535408	-0.22432712
727567938	ACC	9.88475	-2.720041	-0.20997019
727567947	ACC	9.860822	-2.6865416	-0.21475583
727567957	ACC	9.8321085	-2.667399	-0.22432712
727567966	ACC	9.784252	-2.6434708	-0.21475583
727567976	ACC	9.722038	-2.6243281	-0.17168503
727567985	ACC	9.616755	-2.6051857	-0.11425728
727567995	ACC	9.525827	-2.614757	-0.08554341
727568004	ACC	9.425328	-2.653042	-0.047258247
727568014	ACC	9.339187	-2.720041	-0.028115666
727568023	ACC	9.281759	-2.777469	-0.0041874396
727568033	ACC	9.339187	-2.9066813	0.014955142
727568042	ACC	9.406186	-2.9449666	0.06759724
727568052	ACC	9.525827	-2.9066813	0.1585245
727568061	ACC	9.712467	-2.8253253	0.18245272
727568071	ACC	9.961321	-2.7008986	0.05802595
727568080	ACC	10.157532	-2.6051857	-0.16689938
727568090	ACC	10.238888	-2.504687	-0.40618163
727568099	ACC	10.195817	-2.437688	-0.57846487
727568109	ACC	10.1288185	-2.3994029	-0.6837491
727568118	ACC	10.076176	-2.4424736	-0.6837491
727568128	ACC	9.990034	-2.5142584	-0.57846487
727568137	ACC	9.937392	-2.6099713	-0.35353956
727568147	ACC	10.033105	-2.748755	-0.10468599
727568156	ACC	10.224531	-2.858825	0.096311115
727568166	ACC	10.4016	-2.89711	0.2015953
727568175	ACC	10.526027	-2.925824	0.21595225
727568185	ACC	10.5690975	-2.89711	0.034097724
727568194	ACC	10.506885	-2.8540392	-0.20518455
727568204	ACC	10.363315	-2.8396823	-0.401396
727568213	ACC	10.13839	-2.7918258	-0.4636094
727568223	ACC	9.923036	-2.830111	-0.4636094
727568232	ACC	9.755538	-2.9162526	-0.35353956
727568242	ACC	9.635897	-2.9736803	-0.19082761
727568251	ACC	9.573684	-3.045465	-0.0041874396
727568261	ACC	9.583255	-3.098107	0.13938192
727568270	ACC	9.616755	-3.098107	0.17288144
727568280	ACC	9.650253	-3.0837502	0.14895321
727568289	ACC	9.698111	-3.0646076	0.014955142
727568299	ACC	9.693324	-3.0119655	-0.16689938
727568308	ACC	9.626326	-2.9688947	-0.36789647
727568318	ACC	9.564112	-2.964109	-0.4779663
727568327	ACC	9.5353985	-2.9545379	-0.5353941
727568337	ACC	9.468399	-2.9593234	-0.5210371
727568346	ACC	9.458828	-3.0263224	-0.50189453
727568356	ACC	9.458828	-3.0693932	-0.45882374
727568365	ACC	9.468399	-3.0933216	-0.45882374
727568375	ACC	9.473185	-3.0598218	-0.47318068
727568384	ACC	9.506684	-3.0502508	-0.51146585
727568394	ACC	9.525827	-3.0311081	-0.55453664
727568403	ACC	9.554541	-2.992823	-0.62153566
727568413	ACC	9.516255	-2.992823	-0.6646065
727568422	ACC	9.449257	-2.9736803	-0.6646065
727568432	ACC	9.339187	-2.964109	-0.6693921
727568441	ACC	9.186047	-2.949752	-0.6837491
727568451	ACC	9.085547	-2.9545379	-0.631107
727568460	ACC	9.013762	-2.9688947	-0.5593223
727568470	ACC	8.999406	-2.964109	-0.46839502
727568479	ACC	9.0233345	-2.978466	-0.42053857
727568489	ACC	9.047262	-2.992823	-0.37746778
727568498	ACC	9.06162	-2.9353952	-0.40618163
727568508	ACC	8.999406	-2.9114668	-0.43968117
727568517	ACC	8.927621	-2.8875387	-0.5210371
727568527	ACC	8.831908	-2.8540392	-0.5449654
727568536	ACC	8.760123	-2.8109684	-0.5353941
727568546	ACC	8.745767	-2.8205397	-0.5066802
727568555	ACC	8.769695	-2.8061829	-0.49232325
727568565	ACC	8.717052	-2.7870402	-0.45882374
727568574	ACC	8.669196	-2.7583263	-0.43489552
727568584	ACC	8.583055	-2.748755	-0.45403808
727568593	ACC	8.554341	-2.7631118	-0.47318068
727568603	ACC	8.520842	-2.7343981	-0.48275197
727568612	ACC	8.535198	-2.7008986	-0.4636094
727568622	ACC	8.592627	-2.720041	-0.43968117
727568631	ACC	8.616554	-2.7152555	-0.4444668
727568641	ACC	8.688339	-2.6913273	-0.43968117
727568650	ACC	8.69791	-2.6626134	-0.48753762
727568660	ACC	8.69791	-2.6578279	-0.549751
727568669	ACC	8.688339	-2.6626134	-0.61675006
727568679	ACC	8.707481	-2.6721847	-0.6406783
727568688	ACC	8.721839	-2.6626134	-0.631107
727568698	ACC	8.760123	-2.667399	-0.5688936
727568707	ACC	8.836694	-2.629114	-0.5066802
727568717	ACC	8.879765	-2.614757	-0.4636094
727568726	ACC	8.91805	-2.5812573	-0.46839502
727568736	ACC	8.88455	-2.5477579	-0.47318068
727568745	ACC	8.874979	-2.5381866	-0.50189453
727568755	ACC	8.8701935	-2.5286152	-0.5066802
727568764	ACC	8.88455	-2.533401	-0.50189453
727568774	ACC	8.937193	-2.5238297	-0.48753762
727568783	ACC	9.008977	-2.5429723	-0.48753762
727568793	ACC	9.037691	-2.519044	-0.50189453
727568802	ACC	9.06162	-2.4999015	-0.5162515
727568812	ACC	9.071191	-2.5142584	-0.5210371
727568821	ACC	9.133404	-2.5477579	-0.55453664
727568831	ACC	9.171689	-2.5429723	-0.51146585
727568840	ACC	9.176475	-2.5860431	-0.42532423
727568850	ACC	9.209974	-2.5908287	-0.28175488
727568859	ACC	9.200403	-2.562115	-0.30089745
727568869	ACC	9.243474	-2.5860431	-0.31046873
727568878	ACC	9.3200445	-2.6051857	-0.28175488
727568888	ACC	9.363115	-2.5812573	-0.24825534
727568897	ACC	9.391829	-2.5525436	-0.25782663
727568907	ACC	9.439685	-2.5477579	-0.25782663
727568916	ACC	9.482756	-2.5429723	-0.27218357
727568926	ACC	9.449257	-2.519044	-0.3056831
727568935	ACC	9.449257	-2.5238297	-0.33918262
727568945	ACC	9.473185	-2.533401	-0.37268212
727568954	ACC	9.473185	-2.533401	-0.38703907
727568964	ACC	9.468399	-2.562115	-0.32482567
727568973	ACC	9.458828	-2.5764718	-0.27696922
727568983	ACC	9.468399	-2.6004	-0.2434697
727568992	ACC	9.487542	-2.6434708	-0.17168503
727569002	ACC	9.4636135	-2.6482565	-0.14297116
727569011	ACC	9.4636135	-2.653042	-0.119042926
727569021	ACC	9.497113	-2.6721847	-0.10468599
727569030	ACC	9.51147	-2.6769702	-0.12861422
727569040	ACC	9.47797	-2.6721847	-0.12861422
727569049	ACC	9.51147	-2.6865416	-0.15254244
727569059	ACC	9.559326	-2.7296124	-0.15254244
727569068	ACC	9.645468	-2.71047	-0.18125631
727569078	ACC	9.683753	-2.748755	-0.18125631
727569087	ACC	9.817751	-2.7678976	-0.18604197
727569096	ACC	9.942178	-2.7678976	-0.20039889
727569106	ACC	10.052248	-2.7391837	-0.23868406
727569115	ACC	10.076176	-2.7152555	-0.24825534
727569125	ACC	9.9756775	-2.6243281	-0.32961133
727569134	ACC	9.927821	-2.6243281	-0.49232325
727569144	ACC	10.114461	-2.6769702	-0.56410795
727569153	ACC	10.052248	-2.6243281	-0.48275197
727569163	ACC	10.057034	-2.5573292	-0.42053857
727569172	ACC	9.999606	-2.480759	-0.631107
727569182	ACC	9.994821	-2.4472594	-0.93738824
727569191	ACC	9.894321	-2.3754747	-1.0378869
727569201	ACC	9.942178	-2.4711876	-1.4015958
727569210	ACC	9.860822	-2.4855444	-1.3010973
727569220	ACC	9.717253	-2.480759	-0.90388876
727569229	ACC	9.659825	-2.5812573	-0.6023931
727569239	ACC	9.611969	-2.6913273	-0.3056831
727569248	ACC	9.602397	-2.748755	-0.0424726
727569258	ACC	9.549755	-2.748755	0.03888337
727569267	ACC	9.449257	-2.720041	-0.037686955
727569277	ACC	9.391829	-2.6913273	-0.21475583
727569286	ACC	9.339187	-2.6578279	-0.42532423
727569296	ACC	9.315259	-2.614757	-0.6023931
727569305	ACC	9.300901	-2.6004	-0.71246296
727569315	ACC	9.35833	-2.5956144	-0.7363912
727569324	ACC	9.425328	-2.6243281	-0.74117684
727569334	ACC	9.458828	-2.6721847	-0.71724856
727569343	ACC	9.439685	-2.681756	-0.6550352
727569353	ACC	9.415757	-2.6913273	-0.549751
727569362	ACC	9.391829	-2.71047	-0.4779663
727569372	ACC	9.391829	-2.7152555	-0.42532423
727569381	ACC	9.415757	-2.7152555	-0.3487539
727569391	ACC	9.410972	-2.7008986	-0.32482567
727569400	ACC	9.425328	-2.6578279	-0.3056831
727569410	ACC	9.420543	-2.667399	-0.26739794
727569419	ACC	9.391829	-2.6386852	-0.21475583
727569429	ACC	9.382257	-2.6578279	-0.18125631
727569438	ACC	9.353543	-2.6721847	-0.13339986
727569448	ACC	9.3104725	-2.681756	-0.10468599
727569457	ACC	9.305687	-2.7056842	-0.047258247
727569467	ACC	9.276974	-2.720041	-0.008973085
727569476	ACC	9.296116	-2.7583263	0.034097724
727569486	ACC	9.35833	-2.7631118	0.048454657
727569495	ACC	9.377472	-2.7439694	0.091525465
727569505	ACC	9.410972	-2.720041	0.07238288
727569514	ACC	9.468399	-2.7152555	0.03888337
727569524	ACC	9.521041	-2.6961129	-0.008973085
727569533	ACC	9.573684	-2.6913273	-0.07597212
727569543	ACC	9.611969	-2.6769702	-0.12861422
727569552	ACC	9.669396	-2.681756	-0.18604197
727569562	ACC	9.678967	-2.667399	-0.22432712
727569571	ACC	9.659825	-2.6865416	-0.26261228
727569581	ACC	9.664611	-2.6769702	-0.21954148
727569590	ACC	9.678967	-2.681756	-0.15254244
727569600	ACC	9.736395	-2.71047	-0.023330022
727569609	ACC	9.836894	-2.720041	0.091525465
727569619	ACC	9.932607	-2.720041	0.17766708
727569628	ACC	10.004392	-2.7343981	0.2111666
727569638	ACC	10.047462	-2.7343981	0.21595225
727569647	ACC	10.042677	-2.7535408	0.12023934
727569657	ACC	9.994821	-2.7391837	0.08673982
727569666	ACC	9.946963	-2.7535408	0.034097724
727569676	ACC	9.923036	-2.7583263	-0.028115666
727569685	ACC	9.88475	-2.7631118	-0.071186475
727569695	ACC	9.856036	-2.777469	-0.09990034
727569704	ACC	9.745967	-2.7918258	-0.1477568
727569714	ACC	9.616755	-2.8109684	-0.18125631
727569723	ACC	9.516255	-2.7726831	-0.20518455
727569733	ACC	9.430114	-2.7726831	-0.18125631
727569742	ACC	9.343972	-2.7631118	-0.18604197
727569752	ACC	9.281759	-2.7439694	-0.17647067
727569761	ACC	9.281759	-2.7296124	-0.16211374
727569771	ACC	9.372686	-2.748755	-0.1477568
727569780	ACC	9.473185	-2.801397	-0.17168503
727569790	ACC	9.573684	-2.8205397	-0.16211374
727569799	ACC	9.688539	-2.801397	-0.20039889
727569809	ACC	9.77468	-2.7678976	-0.2961118
727569818	ACC	9.84168	-2.748755	-0.37268212
727569828	ACC	9.865608	-2.7056842	-0.4636094
727569837	ACC	9.80818	-2.6961129	-0.5162515
727569847	ACC	9.722038	-2.6865416	-0.49232325
727569856	ACC	9.650253	-2.7296124	-0.4636094
727569866	ACC	9.592826	-2.7726831	-0.36789647
727569875	ACC	9.597611	-2.815754	-0.27218357
727569885	ACC	9.583255	-2.8253253	-0.21475583
727569894	ACC	9.640682	-2.8444679	-0.19082761
727569904	ACC	9.798609	-2.9018958	-0.26261228
727569913	ACC	9.870394	-2.8875387	-0.4109673
727569923	ACC	9.956535	-2.8540392	-0.48753762
727569932	ACC	10.004392	-2.8396823	-0.51146585
727569942	ACC	9.985249	-2.801397	-0.56410795
727569951	ACC	9.923036	-2.777469	-0.57846487
727569961	ACC	9.879965	-2.8061829	-0.5688936
727569970	ACC	9.836894	-2.8636105	-0.5066802
727569980	ACC	9.827323	-2.9353952	-0.42053857
727569989	ACC	9.846465	-3.0119655	-0.32482567
727569999	ACC	9.836894	-3.0693932	-0.20518455
727570008	ACC	9.846465	-3.074179	-0.17168503
727570018	ACC	9.889536	-3.0693932	-0.15732808
727570027	ACC	9.932607	-3.0550363	-0.20518455
727570037	ACC	9.870394	-3.0263224	-0.23868406
727570046	ACC	9.798609	-2.9976087	-0.28175488
727570056	ACC	9.683753	-2.9736803	-0.3056831
727570065	ACC	9.521041	-2.978466	-0.3152544
727570075	ACC	9.367901	-2.9593234	-0.27218357
727570084	ACC	9.238688	-2.9593234	-0.20518455
727570094	ACC	9.190832	-2.9976087	-0.16211374
727570103	ACC	9.219545	-3.0502508	-0.109471634
727570113	ACC	9.205189	-3.0311081	-0.08554341
727570122	ACC	9.233903	-2.992823	-0.05682954
727570132	ACC	9.272188	-2.964109	-0.11425728
727570141	ACC	9.315259	-2.925824	-0.19561325
727570151	ACC	9.315259	-2.8636105	-0.29132617
727570160	ACC	9.334401	-2.7918258	-0.4109673
727570170	ACC	9.276974	-2.7726831	-0.49232325
727570179	ACC	9.209974	-2.7439694	-0.56410795
727570189	ACC	9.114262	-2.720041	-0.60717875
727570198	ACC	8.999406	-2.7296124	-0.61675006
727570208	ACC	8.965906	-2.7296124	-0.60717875
727570217	ACC	8.956335	-2.7296124	-0.5832505
727570227	ACC	8.941978	-2.7391837	-0.5593223
727570236	ACC	8.913264	-2.7248268	-0.549751
727570246	ACC	8.941978	-2.7391837	-0.55453664
727570255	ACC	8.91805	-2.7248268	-0.5880362
727570265	ACC	8.88455	-2.6721847	-0.62153566
727570274	ACC	8.846265	-2.653042	-0.631107
727570284	ACC	8.817552	-2.6386852	-0.67417777
727570293	ACC	8.793623	-2.6243281	-0.6789634
727570303	ACC	8.760123	-2.6243281	-0.65982085
727570312	ACC	8.736196	-2.6338995	-0.60717875
727570322	ACC	8.740981	-2.653042	-0.57846487
727570331	ACC	8.750552	-2.6482565	-0.5066802
727570341	ACC	8.755338	-2.6434708	-0.4779663
727570350	ACC	8.750552	-2.6243281	-0.4636094
727570360	ACC	8.774481	-2.614757	-0.47318068
727570369	ACC	8.76491	-2.629114	-0.48275197
727570379	ACC	8.769695	-2.6243281	-0.47318068
727570388	ACC	8.7984085	-2.6004	-0.48275197
727570398	ACC	8.889337	-2.5956144	-0.48753762
727570407	ACC	8.941978	-2.6099713	-0.45882374
727570417	ACC	9.013762	-2.5908287	-0.45882374
727570426	ACC	9.052048	-2.5956144	-0.45403808
727570436	ACC	9.037691	-2.5764718	-0.4779663
727570445	ACC	9.0233345	-2.5908287	-0.5162515
727570455	ACC	9.004191	-2.5764718	-0.5353941
727570464	ACC	8.999406	-2.5860431	-0.5593223
727570474	ACC	9.0233345	-2.6099713	-0.5593223
727570483	ACC	9.02812	-2.6099713	-0.5401797
727570493	ACC	9.018549	-2.6338995	-0.5210371
727570502	ACC	9.018549	-2.6482565	-0.5066802
727570512	ACC	8.999406	-2.6434708	-0.50189453
727570521	ACC	9.013762	-2.6482565	-0.5210371
727570531	ACC	9.02812	-2.6386852	-0.5306084
727570540	ACC	9.099904	-2.667399	-0.5210371
727570550	ACC	9.142975	-2.6769702	-0.5210371
727570559	ACC	9.142975	-2.6721847	-0.51146585
727570569	ACC	9.114262	-2.6769702	-0.50189453
727570578	ACC	9.056833	-2.681756	-0.4636094
727570588	ACC	9.018549	-2.6913273	-0.40618163
727570597	ACC	9.0233345	-2.7008986	-0.37268212
727570607	ACC	9.0951185	-2.7391837	-0.32004002
727570616	ACC	9.1669035	-2.777469	-0.28175488
727570626	ACC	9.262616	-2.7966115	-0.3056831
727570635	ACC	9.305687	-2.815754	-0.3822534
727570645	ACC	9.3104725	-2.8061829	-0.43010986
727570654	ACC	9.339187	-2.815754	-0.48753762
727570664	ACC	9.348758	-2.7966115	-0.5066802
727570673	ACC	9.367901	-2.777469	-0.4971089
727570683	ACC	9.410972	-2.7726831	-0.48275197
727570692	ACC	9.434899	-2.7726831	-0.4636094
727570702	ACC	9.420543	-2.7918258	-0.4444668
727570711	ACC	9.382257	-2.8061829	-0.43010986
727570721	ACC	9.339187	-2.8205397	-0.37746778
727570730	ACC	9.334401	-2.858825	-0.33918262
727570740	ACC	9.343972	-2.8875387	-0.253041
727570749	ACC	9.377472	-2.8875387	-0.19082761
727570759	ACC	9.415757	-2.9353952	-0.123828575
727570768	ACC	9.439685	-2.9545379	-0.10468599
727570778	ACC	9.410972	-2.9545379	-0.10468599
727570787	ACC	9.363115	-2.9832516	-0.119042926
727570797	ACC	9.372686	-2.9976087	-0.16211374
727570806	ACC	9.420543	-2.992823	-0.18604197
727570816	ACC	9.516255	-2.9688947	-0.21954148
727570825	ACC	9.578469	-2.9736803	-0.28175488
727570835	ACC	9.626326	-2.9449666	-0.35832518
727570844	ACC	9.611969	-2.9114668	-0.43489552
727570854	ACC	9.62154	-2.9066813	-0.48275197
727570863	ACC	9.626326	-2.9210382	-0.5306084
727570873	ACC	9.635897	-2.8923244	-0.5306084
727570882	ACC	9.664611	-2.9162526	-0.5401797
727570892	ACC	9.659825	-2.89711	-0.4779663
727570901	ACC	9.631111	-2.9114668	-0.42053857
727570911	ACC	9.669396	-2.9401808	-0.37268212
727570920	ACC	9.645468	-2.9210382	-0.32482567
727570930	ACC	9.640682	-2.9114668	-0.25782663
727570939	ACC	9.616755	-2.9066813	-0.24825534
727570949	ACC	9.62154	-2.89711	-0.24825534
727570958	ACC	9.659825	-2.9114668	-0.23868406
727570968	ACC	9.712467	-2.9114668	-0.2434697
727570977	ACC	9.750752	-2.8875387	-0.23389842
727570987	ACC	9.798609	-2.8827531	-0.253041
727570996	ACC	9.812965	-2.8348966	-0.32482567
727571006	ACC	9.779466	-2.830111	-0.39661035
727571015	ACC	9.803394	-2.830111	-0.43968117
727571025	ACC	9.77468	-2.8109684	-0.44925246
727571034	ACC	9.789038	-2.7822545	-0.41575295
727571044	ACC	9.760324	-2.7726831	-0.3822534
727571053	ACC	9.760324	-2.801397	-0.32482567
727571063	ACC	9.741181	-2.7870402	-0.29132617
727571072	ACC	9.698111	-2.7870402	-0.21475583
727571082	ACC	9.688539	-2.7966115	-0.123828575
727571091	ACC	9.669396	-2.7870402	-0.066400826
727571101	ACC	9.640682	-2.7631118	-0.028115666
727571110	ACC	9.631111	-2.7631118	0.024526432
727571120	ACC	9.635897	-2.7678976	0.010169496
727571129	ACC	9.611969	-2.7296124	0.014955142
727571139	ACC	9.573684	-2.6961129	-0.008973085
727571148	ACC	9.54497	-2.667399	-0.08075777
727571158	ACC	9.51147	-2.6578279	-0.11425728
727571167	ACC	9.501899	-2.6195426	-0.14297116
727571177	ACC	9.482756	-2.6243281	-0.13339986
727571186	ACC	9.51147	-2.6386852	-0.119042926
727571196	ACC	9.5353985	-2.6578279	-0.11425728
727571205	ACC	9.554541	-2.6721847	-0.123828575
727571215	ACC	9.568898	-2.6434708	-0.13339986
727571224	ACC	9.626326	-2.653042	-0.1477568
727571234	ACC	9.62154	-2.629114	-0.16689938
727571243	ACC	9.631111	-2.6243281	-0.16689938
727571253	ACC	9.669396	-2.6338995	-0.16689938
727571262	ACC	9.669396	-2.6099713	-0.21475583
727571272	ACC	9.688539	-2.6386852	-0.19561325
727571281	ACC	9.760324	-2.6913273	-0.20997019
727571291	ACC	9.80818	-2.7391837	-0.22432712
727571300	ACC	9.846465	-2.7391837	-0.20997019
727571310	ACC	9.899107	-2.748755	-0.16211374
727571319	ACC	9.937392	-2.7678976	-0.15254244
727571329	ACC	9.932607	-2.748755	-0.14297116
727571338	ACC	9.879965	-2.7439694	-0.109471634
727571348	ACC	9.8321085	-2.7678976	-0.14297116
727571357	ACC	9.741181	-2.7870402	-0.12861422
727571367	ACC	9.631111	-2.8061829	-0.109471634
727571376	ACC	9.525827	-2.8396823	-0.05682954
727571386	ACC	9.420543	-2.8827531	0.010169496
727571395	ACC	9.353543	-2.9353952	0.029312078
727571405	ACC	9.391829	-2.9880373	0.024526432
727571414	ACC	9.487542	-3.0693932	5.9820566E-4
727571424	ACC	9.530613	-3.0598218	-0.05682954
727571433	ACC	9.650253	-3.045465	-0.15254244
727571443	ACC	9.722038	-3.0119655	-0.22911277
727571452	ACC	9.726824	-2.9688947	-0.3056831
727571462	ACC	9.736395	-2.9066813	-0.33439696
727571471	ACC	9.77468	-2.9066813	-0.3822534
727571481	ACC	9.9038925	-2.978466	-0.33439696
727571490	ACC	10.023534	-3.0311081	-0.2865405
727571500	ACC	10.10489	-3.0311081	-0.26261228
727571509	ACC	10.176675	-3.0693932	-0.26739794
727571519	ACC	10.176675	-3.0406795	-0.32482567
727571528	ACC	10.147961	-3.0358937	-0.40618163
727571538	ACC	10.076176	-3.016751	-0.48275197
727571547	ACC	9.956535	-3.016751	-0.5401797
727571557	ACC	9.803394	-3.0119655	-0.5401797
727571566	ACC	9.664611	-3.0502508	-0.51146585
727571576	ACC	9.573684	-3.0789645	-0.42053857
727571585	ACC	9.473185	-3.1172497	-0.29132617
727571595	ACC	9.420543	-3.1459637	-0.18125631
727571604	ACC	9.415757	-3.165106	-0.061615184
727571614	ACC	9.458828	-3.19382	0.010169496
727571623	ACC	9.516255	-3.1794631	0.019740786
727571633	ACC	9.568898	-3.1507492	-0.018544376
727571642	ACC	9.602397	-3.1603205	-0.0951147
727571652	ACC	9.564112	-3.141178	-0.16211374
727571661	ACC	9.549755	-3.19382	-0.21475583
727571671	ACC	9.47797	-3.2081769	-0.23389842
727571680	ACC	9.425328	-3.2703903	-0.22432712
727571690	ACC	9.35833	-3.2847474	-0.18125631
727571699	ACC	9.281759	-3.2943187	-0.14297116
727571709	ACC	9.195618	-3.2991042	-0.0951147
727571718	ACC	9.099904	-3.2703903	-0.0424726
727571728	ACC	8.970692	-3.2416766	-0.061615184
727571737	ACC	8.874979	-3.2177482	-0.07597212
727571747	ACC	8.855837	-3.2129626	-0.071186475
727571756	ACC	8.932407	-3.2656047	-0.066400826
727571766	ACC	8.999406	-3.275176	-0.071186475
727571775	ACC	9.008977	-3.2081769	-0.09032906
727571785	ACC	9.037691	-3.1698918	-0.15254244
727571794	ACC	8.956335	-3.141178	-0.26261228
727571804	ACC	8.865408	-3.0693932	-0.35353956
727571813	ACC	8.784052	-3.0311081	-0.40618163
727571823	ACC	8.693125	-2.9976087	-0.43010986
727571832	ACC	8.635697	-2.9832516	-0.36789647
727571842	ACC	8.673982	-3.0023942	-0.2865405
727571851	ACC	8.76491	-3.0598218	-0.26739794
727571861	ACC	8.831908	-3.0550363	-0.26739794
727571870	ACC	8.855837	-3.016751	-0.26739794
727571880	ACC	8.903693	-2.9880373	-0.3152544
727571889	ACC	8.937193	-2.9449666	-0.4109673
727571899	ACC	8.932407	-2.9114668	-0.50189453
727571908	ACC	8.865408	-2.8444679	-0.5593223
727571918	ACC	8.784052	-2.830111	-0.6119644
727571927	ACC	8.769695	-2.8779674	-0.6454639
727571937	ACC	8.76491	-2.9018958	-0.631107
727571946	ACC	8.803194	-2.9353952	-0.5880362
727571956	ACC	8.879765	-2.9688947	-0.5162515
727571965	ACC	8.941978	-2.9545379	-0.49232325
727571975	ACC	9.008977	-2.9162526	-0.48753762
727571984	ACC	9.06162	-2.868396	-0.51146585
727571994	ACC	9.071191	-2.830111	-0.56410795
727572003	ACC	9.075976	-2.7870402	-0.6358926
727572013	ACC	9.104691	-2.7822545	-0.68853474
727572022	ACC	9.138189	-2.777469	-0.6789634
727572032	ACC	9.152547	-2.801397	-0.6550352
727572041	ACC	9.176475	-2.801397	-0.62153566
727572051	ACC	9.152547	-2.7966115	-0.5688936
727572060	ACC	9.114262	-2.8061829	-0.55453664
727572070	ACC	9.037691	-2.830111	-0.5449654
727572079	ACC	9.0233345	-2.8205397	-0.5353941
727572089	ACC	9.0233345	-2.858825	-0.5210371
727572098	ACC	9.052048	-2.868396	-0.5353941
727572108	ACC	9.06162	-2.868396	-0.5401797
727572117	ACC	9.047262	-2.8636105	-0.50189453
727572127	ACC	9.0233345	-2.8779674	-0.50189453
727572136	ACC	9.004191	-2.89711	-0.50189453
727572146	ACC	9.047262	-2.925824	-0.4636094
727572155	ACC	9.052048	-2.9114668	-0.42532423
727572165	ACC	9.018549	-2.925824	-0.42532423
727572174	ACC	9.032906	-2.925824	-0.42053857
727572184	ACC	9.013762	-2.9593234	-0.43010986
727572193	ACC	9.018549	-2.9736803	-0.40618163
727572203	ACC	9.032906	-2.949752	-0.37746778
727572212	ACC	9.066405	-2.9832516	-0.33439696
727572222	ACC	9.114262	-2.978466	-0.3056831
727572231	ACC	9.176475	-2.9688947	-0.26739794
727572241	ACC	9.209974	-2.9832516	-0.25782663
727572250	ACC	9.209974	-2.949752	-0.28175488
727572260	ACC	9.272188	-2.9593234	-0.29132617
727572269	ACC	9.29133	-2.964109	-0.3152544
727572279	ACC	9.3200445	-3.0023942	-0.32004002
727572288	ACC	9.3200445	-2.978466	-0.3056831
727572298	ACC	9.32483	-2.992823	-0.2961118
727572307	ACC	9.348758	-2.9976087	-0.30089745
727572317	ACC	9.434899	-3.0263224	-0.2961118
727572326	ACC	9.492328	-3.0502508	-0.3056831
727572336	ACC	9.564112	-3.0406795	-0.32004002
727572345	ACC	9.626326	-3.0502508	-0.33439696
727572355	ACC	9.631111	-3.0215368	-0.38703907
727572364	ACC	9.645468	-3.0215368	-0.41575295
727572374	ACC	9.6071825	-3.0406795	-0.40618163
727572383	ACC	9.583255	-3.0215368	-0.4109673
727572393	ACC	9.540184	-3.0263224	-0.36311084
727572402	ACC	9.530613	-3.0598218	-0.31046873
727572412	ACC	9.5353985	-3.0789645	-0.25782663
727572421	ACC	9.5353985	-3.1028929	-0.20039889
727572431	ACC	9.516255	-3.1028929	-0.1477568
727572440	ACC	9.51147	-3.0933216	-0.1477568
727572450	ACC	9.4636135	-3.074179	-0.1477568
727572459	ACC	9.449257	-3.0598218	-0.15732808
727572469	ACC	9.387043	-3.0502508	-0.16211374
727572478	ACC	9.391829	-3.016751	-0.18604197
727572488	ACC	9.353543	-3.0215368	-0.19561325
727572497	ACC	9.343972	-3.016751	-0.18604197
727572507	ACC	9.348758	-3.045465	-0.18604197
727572516	ACC	9.363115	-3.0693932	-0.16211374
727572526	ACC	9.420543	-3.0598218	-0.15254244
727572535	ACC	9.454042	-3.0358937	-0.1381855
727572545	ACC	9.454042	-2.9880373	-0.14297116
727572554	ACC	9.439685	-2.9545379	-0.20039889
727572564	ACC	9.410972	-2.9210382	-0.2434697
727572573	ACC	9.420543	-2.9210382	-0.27218357
727572583	ACC	9.458828	-2.9306095	-0.31046873
727572592	ACC	9.501899	-2.9545379	-0.3152544
727572602	ACC	9.530613	-2.9545379	-0.3152544
727572611	ACC	9.521041	-2.9306095	-0.3056831
727572621	ACC	9.492328	-2.9401808	-0.2865405
727572630	ACC	9.473185	-2.89711	-0.2961118
727572640	ACC	9.4636135	-2.89711	-0.32482567
727572649	ACC	9.516255	-2.8492537	-0.31046873
727572659	ACC	9.521041	-2.801397	-0.2961118
727572668	ACC	9.530613	-2.7535408	-0.31046873
727572678	ACC	9.5353985	-2.748755	-0.33439696
727572687	ACC	9.51147	-2.7248268	-0.33439696
727572697	ACC	9.501899	-2.6961129	-0.3152544
727572706	ACC	9.492328	-2.7056842	-0.3056831
727572716	ACC	9.492328	-2.6961129	-0.2961118
727572725	ACC	9.444471	-2.6865416	-0.26261228
727572735	ACC	9.501899	-2.71047	-0.25782663
727572744	ACC	9.497113	-2.7248268	-0.24825534
727572754	ACC	9.51147	-2.7152555	-0.253041
727572763	ACC	9.573684	-2.6865416	-0.27218357
727572773	ACC	9.640682	-2.681756	-0.32004002
727572782	ACC	9.722038	-2.6721847	-0.35353956
727572792	ACC	9.77468	-2.6099713	-0.37746778
727572801	ACC	9.846465	-2.5956144	-0.4109673
727572811	ACC	9.879965	-2.5525436	-0.4444668
727572820	ACC	9.913465	-2.562115	-0.45882374
727572830	ACC	9.913465	-2.562115	-0.45882374
727572839	ACC	9.875179	-2.5812573	-0.41575295
727572849	ACC	9.870394	-2.6099713	-0.36311084
727572858	ACC	9.908679	-2.681756	-0.29132617
727572868	ACC	9.966106	-2.7152555	-0.26261228
727572877	ACC	10.004392	-2.7152555	-0.20039889
727572887	ACC	10.004392	-2.7248268	-0.19082761
727572896	ACC	9.9756775	-2.6961129	-0.253041
727572906	ACC	9.95175	-2.7008986	-0.32482567
727572915	ACC	9.875179	-2.6913273	-0.34396824
727572925	ACC	9.812965	-2.71047	-0.34396824
727572934	ACC	9.755538	-2.748755	-0.32482567
727572944	ACC	9.755538	-2.801397	-0.25782663
727572953	ACC	9.798609	-2.9162526	-0.19082761
727572963	ACC	9.793823	-2.949752	-0.17647067
727572972	ACC	9.77468	-2.949752	-0.16689938
727572982	ACC	9.736395	-2.964109	-0.20039889
727572991	ACC	9.698111	-2.9449666	-0.28175488
727573001	ACC	9.669396	-2.925824	-0.32961133
727573010	ACC	9.669396	-2.925824	-0.33439696
727573020	ACC	9.616755	-2.9210382	-0.29132617
727573029	ACC	9.564112	-2.9066813	-0.25782663
727573039	ACC	9.492328	-2.9545379	-0.18604197
727573048	ACC	9.454042	-3.00718	-0.119042926
727573058	ACC	9.497113	-3.074179	-0.047258247
727573067	ACC	9.597611	-3.0885358	-0.05682954
727573077	ACC	9.693324	-3.098107	-0.15254244
727573086	ACC	9.741181	-3.0263224	-0.26261228
727573096	ACC	9.750752	-2.949752	-0.39182472
727573105	ACC	9.731609	-2.89711	-0.48275197
727573115	ACC	9.722038	-2.8636105	-0.50189453
727573124	ACC	9.722038	-2.8492537	-0.41575295
727573134	ACC	9.688539	-2.8253253	-0.31046873
727573143	ACC	9.702896	-2.8779674	-0.1477568
727573153	ACC	9.669396	-2.9401808	-0.0041874396
727573162	ACC	9.635897	-2.9976087	0.14416756
727573172	ACC	9.626326	-3.0550363	0.2542374
727573181	ACC	9.583255	-3.0646076	0.33080772
727573191	ACC	9.549755	-3.0406795	0.37387854
727573200	ACC	9.506684	-3.0502508	0.31166515
727573210	ACC	9.434899	-3.016751	0.19680966
727573219	ACC	9.406186	-3.0023942	0.08673982
727573229	ACC	9.458828	-3.0263224	-0.008973085
727573238	ACC	9.554541	-3.0263224	-0.123828575
727573248	ACC	9.645468	-3.045465	-0.20518455
727573257	ACC	9.674182	-3.0023942	-0.26739794
727573267	ACC	9.688539	-2.9736803	-0.29132617
727573276	ACC	9.683753	-2.9449666	-0.32482567
727573286	ACC	9.645468	-2.868396	-0.42053857
727573295	ACC	9.568898	-2.8396823	-0.4636094
727573305	ACC	9.458828	-2.7966115	-0.51146585
727573314	ACC	9.353543	-2.7822545	-0.5832505
727573324	ACC	9.267402	-2.8061829	-0.57846487
727573333	ACC	9.171689	-2.8061829	-0.52582276
727573343	ACC	9.123833	-2.7918258	-0.46839502
727573352	ACC	9.0951185	-2.815754	-0.45403808
727573362	ACC	9.123833	-2.830111	-0.47318068
727573371	ACC	9.090333	-2.7966115	-0.4779663
727573381	ACC	9.052048	-2.7583263	-0.5306084
727573390	ACC	9.018549	-2.7391837	-0.59282184
727573400	ACC	9.018549	-2.720041	-0.6358926
727573409	ACC	8.956335	-2.6769702	-0.67417777
727573419	ACC	8.908479	-2.6769702	-0.69332033
727573428	ACC	8.894122	-2.6338995	-0.698106
727573438	ACC	8.846265	-2.6338995	-0.7220342
727573447	ACC	8.8701935	-2.6578279	-0.69332033
727573457	ACC	8.879765	-2.6721847	-0.6693921
727573466	ACC	8.913264	-2.6865416	-0.65982085
727573476	ACC	8.922835	-2.6578279	-0.6406783
727573485	ACC	8.913264	-2.653042	-0.631107
727573495	ACC	8.91805	-2.629114	-0.65982085
727573504	ACC	8.879765	-2.6338995	-0.6646065
727573514	ACC	8.841479	-2.6195426	-0.6789634
727573523	ACC	8.860622	-2.6386852	-0.6837491
727573533	ACC	8.860622	-2.6338995	-0.6646065
727573542	ACC	8.855837	-2.6626134	-0.62153566
727573552	ACC	8.894122	-2.6769702	-0.5736792
727573561	ACC	8.922835	-2.6913273	-0.52582276
727573571	ACC	8.927621	-2.6721847	-0.48753762
727573580	ACC	8.956335	-2.6721847	-0.46839502
727573590	ACC	9.013762	-2.6913273	-0.4779663
727573599	ACC	8.965906	-2.6721847	-0.45882374
727573609	ACC	8.927621	-2.653042	-0.44925246
727573618	ACC	8.91805	-2.653042	-0.45403808
727573628	ACC	8.956335	-2.681756	-0.44925246
727573637	ACC	8.965906	-2.667399	-0.44925246
727573647	ACC	8.95155	-2.6721847	-0.401396
727573656	ACC	8.965906	-2.681756	-0.39182472
727573666	ACC	8.989835	-2.6626134	-0.39661035
727573675	ACC	9.032906	-2.667399	-0.40618163
727573685	ACC	9.037691	-2.6482565	-0.43010986
727573694	ACC	9.032906	-2.6769702	-0.43968117
727573704	ACC	9.037691	-2.6769702	-0.44925246
727573713	ACC	9.080762	-2.6769702	-0.43968117
727573723	ACC	9.085547	-2.6913273	-0.42053857
727573732	ACC	9.099904	-2.6913273	-0.401396
727573742	ACC	9.0951185	-2.7008986	-0.37268212
727573751	ACC	9.119047	-2.6961129	-0.37746778
727573761	ACC	9.0951185	-2.6721847	-0.3822534
727573770	ACC	9.056833	-2.653042	-0.401396
727573780	ACC	9.052048	-2.653042	-0.41575295
727573789	ACC	9.119047	-2.6913273	-0.43010986
727573799	ACC	9.186047	-2.7008986	-0.4109673
727573808	ACC	9.162118	-2.6626134	-0.37268212
727573818	ACC	9.200403	-2.6769702	-0.34396824
727573827	ACC	9.243474	-2.681756	-0.3152544
727573837	ACC	9.315259	-2.6769702	-0.32482567
727573846	ACC	9.348758	-2.667399	-0.32961133
727573856	ACC	9.415757	-2.6913273	-0.37268212
727573865	ACC	9.51147	-2.7152555	-0.42053857
727573875	ACC	9.559326	-2.7391837	-0.4636094
727573884	ACC	9.549755	-2.7248268	-0.51146585
727573894	ACC	9.530613	-2.71047	-0.51146585
727573903	ACC	9.51147	-2.720041	-0.48753762
727573913	ACC	9.47797	-2.7056842	-0.46839502
727573922	ACC	9.487542	-2.7152555	-0.4109673
727573932	ACC	9.492328	-2.7152555	-0.38703907
727573941	ACC	9.530613	-2.7056842	-0.36789647
727573950	ACC	9.54497	-2.7248268	-0.36311084
727573960	ACC	9.549755	-2.6961129	-0.35832518
727573969	ACC	9.568898	-2.7056842	-0.4109673
727573979	ACC	9.54497	-2.7152555	-0.45882374
727573988	ACC	9.492328	-2.720041	-0.5210371
727573998	ACC	9.4636135	-2.7343981	-0.549751
727574007	ACC	9.482756	-2.7678976	-0.5688936
727574017	ACC	9.4636135	-2.8348966	-0.5688936
727574026	ACC	9.482756	-2.8636105	-0.5449654
727574036	ACC	9.506684	-2.8875387	-0.5162515
727574045	ACC	9.530613	-2.9018958	-0.48753762
727574055	ACC	9.530613	-2.868396	-0.45403808
727574064	ACC	9.549755	-2.858825	-0.45403808
727574074	ACC	9.540184	-2.8396823	-0.47318068
727574083	ACC	9.540184	-2.8205397	-0.47318068
727574093	ACC	9.530613	-2.815754	-0.48753762
727574102	ACC	9.525827	-2.8253253	-0.48275197
727574112	ACC	9.54497	-2.8205397	-0.45882374
727574121	ACC	9.564112	-2.8540392	-0.40618163
727574131	ACC	9.554541	-2.8779674	-0.36311084
727574140	ACC	9.573684	-2.8875387	-0.34396824
727574150	ACC	9.645468	-2.89711	-0.33439696
727574159	ACC	9.645468	-2.8827531	-0.3487539
727574169	ACC	9.650253	-2.868396	-0.34396824
727574178	ACC	9.659825	-2.8492537	-0.35832518
727574188	ACC	9.645468	-2.8444679	-0.401396
727574197	ACC	9.650253	-2.8540392	-0.43010986
727574207	ACC	9.626326	-2.8348966	-0.43010986
727574216	ACC	9.616755	-2.8444679	-0.43489552
727574226	ACC	9.6071825	-2.8492537	-0.44925246
727574235	ACC	9.578469	-2.8396823	-0.50189453
727574245	ACC	9.554541	-2.8396823	-0.5210371
727574254	ACC	9.564112	-2.8205397	-0.5449654
727574264	ACC	9.58804	-2.7918258	-0.5688936
727574273	ACC	9.568898	-2.777469	-0.5880362
727574283	ACC	9.540184	-2.7391837	-0.60717875
727574292	ACC	9.521041	-2.7343981	-0.60717875
727574302	ACC	9.487542	-2.7439694	-0.59282184
727574311	ACC	9.444471	-2.7296124	-0.51146585
727574321	ACC	9.430114	-2.7439694	-0.45403808
727574330	ACC	9.4636135	-2.7343981	-0.36789647
727574340	ACC	9.482756	-2.7678976	-0.32482567
727574349	ACC	9.482756	-2.7535408	-0.2865405
727574359	ACC	9.487542	-2.7391837	-0.2865405
727574368	ACC	9.482756	-2.71047	-0.35832518
727574378	ACC	9.487542	-2.7296124	-0.35353956
727574387	ACC	9.4636135	-2.71047	-0.3056831
727574397	ACC	9.473185	-2.681756	-0.253041
727574406	ACC	9.540184	-2.7391837	-0.23389842
727574416	ACC	9.592826	-2.7966115	-0.20997019
727574425	ACC	9.62154	-2.7822545	-0.21475583
727574435	ACC	9.645468	-2.801397	-0.22432712
727574444	ACC	9.669396	-2.7918258	-0.25782663
727574454	ACC	9.722038	-2.7726831	-0.28175488
727574463	ACC	9.755538	-2.7583263	-0.26261228
727574473	ACC	9.798609	-2.7631118	-0.28175488
727574482	ACC	9.803394	-2.7583263	-0.28175488
727574492	ACC	9.793823	-2.8109684	-0.2961118
727574501	ACC	9.793823	-2.8253253	-0.3056831
727574511	ACC	9.755538	-2.8731818	-0.3152544
727574520	ACC	9.726824	-2.9066813	-0.3152544
727574530	ACC	9.712467	-2.949752	-0.27696922
727574539	ACC	9.707682	-2.9688947	-0.2865405
727574549	ACC	9.688539	-2.949752	-0.26261228
727574558	ACC	9.640682	-2.9401808	-0.27218357
727574568	ACC	9.6071825	-2.9449666	-0.31046873
727574577	ACC	9.525827	-2.9353952	-0.33918262
727574587	ACC	9.530613	-2.9401808	-0.36311084
727574596	ACC	9.530613	-2.9736803	-0.3822534
727574606	ACC	9.54497	-3.0263224	-0.34396824
727574615	ACC	9.5353985	-3.0502508	-0.32004002
727574625	ACC	9.501899	-3.0646076	-0.30089745
727574634	ACC	9.482756	-3.098107	-0.32004002
727574644	ACC	9.434899	-3.1172497	-0.3056831
727574653	ACC	9.396614	-3.1076784	-0.3152544
727574663	ACC	9.348758	-3.1076784	-0.32004002
727574672	ACC	9.3200445	-3.112464	-0.30089745
727574682	ACC	9.276974	-3.0885358	-0.30089745
727574691	ACC	9.286545	-3.0933216	-0.27218357
727574701	ACC	9.387043	-3.098107	-0.26261228
727574710	ACC	9.458828	-3.1028929	-0.24825534
727574720	ACC	9.5353985	-3.0933216	-0.22911277
727574729	ACC	9.640682	-3.0933216	-0.26739794
727574739	ACC	9.678967	-3.0502508	-0.3152544
727574748	ACC	9.65504	-3.016751	-0.35353956
727574758	ACC	9.611969	-2.978466	-0.3822534
727574767	ACC	9.559326	-2.992823	-0.401396
727574777	ACC	9.47797	-2.9832516	-0.40618163
727574786	ACC	9.396614	-2.992823	-0.42053857
727574796	ACC	9.420543	-3.0406795	-0.40618163
727574805	ACC	9.454042	-3.0311081	-0.39182472
727574815	ACC	9.47797	-3.0215368	-0.3822534
727574824	ACC	9.473185	-3.016751	-0.37746778
727574834	ACC	9.473185	-2.992823	-0.401396
727574843	ACC	9.468399	-2.978466	-0.5066802
727574853	ACC	9.487542	-2.9880373	-0.5401797
727574862	ACC	9.554541	-3.0215368	-0.5353941
727574872	ACC	9.578469	-3.0215368	-0.5306084
727574881	ACC	9.611969	-3.0023942	-0.5210371
727574891	ACC	9.62154	-2.978466	-0.55453664
727574900	ACC	9.549755	-2.9401808	-0.5832505
727574910	ACC	9.439685	-2.8827531	-0.6406783
727574919	ACC	9.3200445	-2.9114668	-0.6263213
727574929	ACC	9.205189	-2.8923244	-0.57846487
727574938	ACC	9.109476	-2.8731818	-0.4971089
727574948	ACC	9.066405	-2.8875387	-0.36311084
727574957	ACC	9.004191	-2.8731818	-0.253041
727574967	ACC	8.91805	-2.8492537	-0.18125631
727574976	ACC	8.879765	-2.8540392	-0.14297116
727574986	ACC	8.860622	-2.8492537	-0.1381855
727574995	ACC	8.903693	-2.858825	-0.15732808
727575005	ACC	9.06162	-2.8923244	-0.20997019
727575014	ACC	9.195618	-2.9210382	-0.34396824
727575024	ACC	9.300901	-2.8492537	-0.45403808
727575033	ACC	9.387043	-2.8109684	-0.59282184
727575043	ACC	9.430114	-2.7583263	-0.7507481
727575052	ACC	9.420543	-2.7248268	-0.85124665
727575062	ACC	9.406186	-2.7056842	-0.927817
727575071	ACC	9.353543	-2.6913273	-0.98524475
727575081	ACC	9.29133	-2.6865416	-0.98524475
727575090	ACC	9.253045	-2.6721847	-0.927817
727575100	ACC	9.219545	-2.681756	-0.846461
727575109	ACC	9.233903	-2.71047	-0.76989067
727575119	ACC	9.233903	-2.7152555	-0.6837491
727575128	ACC	9.257831	-2.7439694	-0.6693921
727575138	ACC	9.238688	-2.7343981	-0.6789634
727575147	ACC	9.243474	-2.7535408	-0.6837491
727575157	ACC	9.286545	-2.7726831	-0.7268199
727575166	ACC	9.281759	-2.7583263	-0.75553375
727575176	ACC	9.276974	-2.7678976	-0.7603194
727575185	ACC	9.238688	-2.7726831	-0.7268199
727575195	ACC	9.24826	-2.7918258	-0.6693921
727575204	ACC	9.238688	-2.7870402	-0.6023931
727575214	ACC	9.233903	-2.8061829	-0.5306084
727575223	ACC	9.229117	-2.7966115	-0.47318068
727575233	ACC	9.186047	-2.8061829	-0.401396
727575242	ACC	9.138189	-2.7918258	-0.36311084
727575252	ACC	9.090333	-2.8253253	-0.33918262
727575261	ACC	9.066405	-2.8444679	-0.32961133
727575271	ACC	9.047262	-2.8492537	-0.32004002
727575280	ACC	9.0233345	-2.8636105	-0.30089745
727575290	ACC	8.975478	-2.8875387	-0.30089745
727575299	ACC	8.946764	-2.8875387	-0.31046873
727575309	ACC	8.922835	-2.9210382	-0.31046873
727575318	ACC	8.898908	-2.9114668	-0.3487539
727575328	ACC	8.879765	-2.9210382	-0.32961133
727575337	ACC	8.855837	-2.9353952	-0.32961133
727575347	ACC	8.8701935	-2.925824	-0.32961133
727575356	ACC	8.817552	-2.9306095	-0.33439696
727575366	ACC	8.817552	-2.9401808	-0.32961133
727575375	ACC	8.812766	-2.949752	-0.35832518
727575385	ACC	8.788837	-2.9593234	-0.3487539
727575394	ACC	8.803194	-2.949752	-0.33918262
727575404	ACC	8.803194	-2.964109	-0.36311084
727575413	ACC	8.889337	-2.9545379	-0.3487539
727575423	ACC	8.965906	-2.964109	-0.36311084
727575432	ACC	8.980264	-2.964109	-0.37268212
727575442	ACC	8.961121	-2.9545379	-0.37746778
727575451	ACC	8.956335	-2.9449666	-0.40618163
727575461	ACC	8.956335	-2.9401808	-0.40618163
727575470	ACC	8.970692	-2.9353952	-0.40618163
727575480	ACC	8.980264	-2.9353952	-0.3822534
727575489	ACC	9.018549	-2.9545379	-0.40618163
727575499	ACC	9.042477	-2.949752	-0.43489552
727575508	ACC	9.085547	-2.9306095	-0.42053857
727575518	ACC	9.090333	-2.9449666	-0.42532423
727575527	ACC	9.142975	-2.9593234	-0.42532423
727575537	ACC	9.186047	-2.9688947	-0.40618163
727575546	ACC	9.209974	-2.9545379	-0.39182472
727575556	ACC	9.238688	-2.9832516	-0.39661035
727575565	ACC	9.276974	-2.9880373	-0.401396
727575575	ACC	9.296116	-2.9593234	-0.39182472
727575584	ACC	9.334401	-2.964109	-0.41575295
727575594	ACC	9.406186	-2.9545379	-0.45882374
727575603	ACC	9.434899	-2.9401808	-0.48275197
727575613	ACC	9.444471	-2.9210382	-0.48753762
727575622	ACC	9.47797	-2.9114668	-0.50189453
727575632	ACC	9.521041	-2.9306095	-0.50189453
727575641	ACC	9.559326	-2.9066813	-0.48275197
727575651	ACC	9.592826	-2.9018958	-0.44925246
727575660	ACC	9.640682	-2.89711	-0.42532423
727575670	ACC	9.62154	-2.8779674	-0.43489552
727575679	ACC	9.640682	-2.8540392	-0.43489552
727575689	ACC	9.688539	-2.830111	-0.45403808
727575698	ACC	9.731609	-2.7966115	-0.45882374
727575708	ACC	9.760324	-2.801397	-0.4779663
727575717	ACC	9.789038	-2.8109684	-0.5210371
727575727	ACC	9.765109	-2.7918258	-0.5210371
727575736	ACC	9.80818	-2.777469	-0.45882374
727575746	ACC	9.865608	-2.7583263	-0.4444668
727575755	ACC	9.913465	-2.7439694	-0.43010986
727575765	ACC	9.961321	-2.7391837	-0.40618163
727575774	ACC	9.908679	-2.6961129	-0.41575295
727575784	ACC	9.755538	-2.6626134	-0.41575295
727575793	ACC	9.932607	-2.7056842	-0.47318068
727575803	ACC	9.990034	-2.7631118	-0.45403808
727575812	ACC	10.033105	-2.7535408	-0.46839502
727575822	ACC	9.956535	-2.7726831	-0.51146585
727575831	ACC	9.860822	-2.7726831	-0.5449654
727575841	ACC	9.812965	-2.7583263	-0.549751
727575850	ACC	9.769895	-2.7439694	-0.5306084
727575860	ACC	9.741181	-2.7296124	-0.5162515
727575869	ACC	9.659825	-2.7248268	-0.5162515
727575879	ACC	9.58804	-2.71047	-0.48275197
727575888	ACC	9.554541	-2.7343981	-0.48753762
727575898	ACC	9.51147	-2.7248268	-0.47318068
727575907	ACC	9.434899	-2.7248268	-0.4444668
727575917	ACC	9.387043	-2.7439694	-0.45403808
727575926	ACC	9.348758	-2.7726831	-0.4444668
727575936	ACC	9.300901	-2.7822545	-0.41575295
727575945	ACC	9.286545	-2.777469	-0.37268212
727575955	ACC	9.24826	-2.7918258	-0.37746778
727575964	ACC	9.253045	-2.7918258	-0.35832518
727575974	ACC	9.229117	-2.777469	-0.3487539
727575983	ACC	9.21476	-2.777469	-0.36789647
727575993	ACC	9.209974	-2.7535408	-0.36789647
727576002	ACC	9.224331	-2.7726831	-0.3487539
727576012	ACC	9.219545	-2.7631118	-0.31046873
727576021	ACC	9.238688	-2.7678976	-0.27696922
727576031	ACC	9.257831	-2.7726831	-0.253041
727576040	ACC	9.29133	-2.7631118	-0.21954148
727576050	ACC	9.334401	-2.777469	-0.20518455
727576059	ACC	9.401401	-2.7726831	-0.16689938
727576069	ACC	9.449257	-2.7870402	-0.15254244
727576078	ACC	9.525827	-2.7678976	-0.15732808
727576088	ACC	9.549755	-2.7678976	-0.119042926
727576097	ACC	9.592826	-2.7343981	-0.14297116
727576107	ACC	9.650253	-2.7343981	-0.17168503
727576116	ACC	9.683753	-2.7439694	-0.18125631
727576126	ACC	9.678967	-2.7583263	-0.18125631
727576135	ACC	9.674182	-2.7726831	-0.22432712
727576145	ACC	9.674182	-2.7726831	-0.20997019
727576154	ACC	9.683753	-2.7822545	-0.20518455
727576164	ACC	9.702896	-2.7918258	-0.18604197
727576173	ACC	9.669396	-2.7918258	-0.18604197
727576183	ACC	9.631111	-2.7870402	-0.19561325
727576192	ACC	9.583255	-2.7870402	-0.20518455
727576202	ACC	9.578469	-2.777469	-0.22911277
727576211	ACC	9.58804	-2.8205397	-0.25782663
727576221	ACC	9.578469	-2.8205397	-0.27696922
727576230	ACC	9.54497	-2.8109684	-0.29132617
727576240	ACC	9.473185	-2.801397	-0.32004002
727576249	ACC	9.449257	-2.8061829	-0.33918262
727576259	ACC	9.458828	-2.7966115	-0.33918262
727576268	ACC	9.473185	-2.8061829	-0.33439696
727576278	ACC	9.482756	-2.8253253	-0.32482567
727576287	ACC	9.521041	-2.8205397	-0.33918262
727576297	ACC	9.549755	-2.7918258	-0.35353956
727576306	ACC	9.626326	-2.7439694	-0.3822534
727576316	ACC	9.702896	-2.7008986	-0.41575295
727576325	ACC	9.717253	-2.6578279	-0.4444668
727576335	ACC	9.640682	-2.6051857	-0.48753762
727576344	ACC	9.62154	-2.5860431	-0.5162515
727576354	ACC	9.583255	-2.6004	-0.49232325
727576363	ACC	9.549755	-2.629114	-0.47318068
727576373	ACC	9.602397	-2.653042	-0.39182472
727576382	ACC	9.678967	-2.653042	-0.32482567
727576392	ACC	9.750752	-2.629114	-0.26739794
727576401	ACC	9.822537	-2.571686	-0.29132617
727576411	ACC	9.865608	-2.4903302	-0.35832518
727576420	ACC	9.927821	-2.4041886	-0.43489552
727576430	ACC	10.013963	-2.3132613	-0.47318068
727576439	ACC	10.143175	-2.140978	-0.5353941
727576449	ACC	10.24846	-2.11705	-0.62153566
727576458	ACC	10.320244	-2.1122642	-0.52582276
727576467	ACC	10.358529	-2.0835502	-0.41575295
727576477	ACC	10.425529	-2.1314068	-0.32482567
727576486	ACC	10.468599	-2.179263	-0.26739794
727576496	ACC	10.4016	-2.179263	-0.19561325
727576505	ACC	10.329815	-2.1505494	-0.16689938
727576515	ACC	10.253245	-2.0931215	-0.16689938
727576524	ACC	10.18146	-2.0644078	-0.17647067
727576534	ACC	10.100104	-2.035694	-0.19561325
727576543	ACC	10.018748	-1.9926231	-0.24825534
727576553	ACC	9.95175	-1.9543378	-0.29132617
727576562	ACC	9.822537	-1.9160527	-0.34396824
727576572	ACC	9.688539	-1.8394824	-0.3152544
727576581	ACC	9.602397	-1.7820547	-0.32004002
727576591	ACC	9.602397	-1.7102699	-0.26261228
727576600	ACC	9.611969	-1.6336997	-0.14297116
727576610	ACC	9.717253	-1.6624135	-0.0424726
727576619	ACC	9.865608	-1.7294126	0.091525465
727576629	ACC	10.013963	-1.7389839	0.17766708
727576638	ACC	10.133604	-1.6863418	0.25902304
727576648	ACC	10.353744	-1.6384853	0.3164508
727576657	ACC	10.588241	-1.5284154	0.19202402
727576667	ACC	10.794023	-1.4087744	0.034097724
727576676	ACC	10.923235	-1.2795619	-0.19561325
727576686	ACC	10.923235	-1.1599208	-0.45882374
727576695	ACC	10.899307	-1.0737791	-0.7268199
727576705	ACC	10.861022	-0.99720883	-0.8225328
727576714	ACC	10.96152	-0.93978107	-0.7363912
727576724	ACC	11.033305	-0.9302098	-0.43968117
727576733	ACC	10.975878	-0.8967103	-0.21475583
727576743	ACC	10.856236	-0.87278205	-0.061615184
727576752	ACC	10.755738	-0.8392825	0.11066805
727576762	ACC	10.880164	-0.7962117	0.28773692
727576771	ACC	11.133803	-0.77706915	0.49351966
727576781	ACC	11.430513	-0.7579266	0.89072824
727576790	ACC	11.535798	-0.6095716	1.0438689
727576800	ACC	11.459228	-0.4851448	1.1778669
727576809	ACC	11.2343025	-0.36550367	1.1204392
727576819	ACC	10.966306	-0.12622139	1.0199406
727576828	ACC	10.66481	-0.25064817	0.33559337
727576838	ACC	10.334601	-0.064008005	-0.8751749
727576847	ACC	9.970892	0.18005991	0.20638095
727576857	ACC	9.765109	0.3188436	1.230509
727576866	ACC	9.468399	0.3906283	1.8717855
727576876	ACC	9.597611	0.35234314	2.1780667
727576885	ACC	9.741181	0.33320054	2.4699912
727576895	ACC	10.004392	0.18484555	2.8624141
727576904	ACC	9.741181	0.3379862	3.283551
727576914	ACC	9.1669035	0.54376894	3.6664026
727576923	ACC	9.047262	0.59641105	3.7334015
727576933	ACC	8.760123	0.7304091	3.8339
727576942	ACC	8.606983	0.74476606	3.766901
727576952	ACC	8.4012	0.75912297	3.3984063
727576961	ACC	8.252846	0.77347994	3.388835
727576971	ACC	8.166703	0.9170493	3.388835
727576980	ACC	8.075776	0.9696914	3.5467613
727576990	ACC	7.984849	0.8979067	3.766901
727576999	ACC	7.7647095	0.82612205	4.049254
727577009	ACC	7.4536424	0.8021938	3.8339
727577018	ACC	7.24786	0.7926225	4.02054
727577028	ACC	7.5062847	0.66341007	5.293522
727577037	ACC	7.2382884	0.7543373	5.413163
727577047	ACC	7.070791	0.974477	4.929813
727577056	ACC	7.056434	1.1132607	4.4225345
727577066	ACC	7.1282187	1.1180464	3.9678981
727577075	ACC	7.2622166	1.1706885	3.8195431
727577085	ACC	7.2287173	1.189831	3.9056847
727577094	ACC	7.166504	1.0989038	4.2071805
727577104	ACC	6.946364	1.1228321	4.590032
727577113	ACC	6.869794	1.0749756	4.915456
727577123	ACC	6.687939	1.189831	5.006383
727577132	ACC	6.539584	1.2807583	5.1068816
727577142	ACC	6.4965134	1.3477573	4.8101716
727577151	ACC	6.35773	1.4913267	4.5948176
727577161	ACC	6.3960147	1.486541	4.714459
727577170	ACC	6.4199433	1.5822539	4.862814
727577180	ACC	6.4821568	1.4386846	5.7577295
727577189	ACC	6.5682983	1.5583258	6.0783677
727577199	ACC	6.65444	1.3142579	5.8486567
727577208	ACC	6.3385873	1.4530416	5.556732
727577218	ACC	5.9700923	1.6779668	5.4753766
727577227	ACC	5.8217373	1.7593229	5.5423756
727577237	ACC	5.788238	1.6971095	5.5423756
727577246	ACC	5.501099	1.7736797	6.31765
727577256	ACC	5.9318075	1.5631114	6.9589267
727577265	ACC	6.262017	0.7639086	6.9684978
727577275	ACC	5.788238	0.70648086	7.494919
727577284	ACC	5.6590257	1.2281163	8.073982
727577294	ACC	6.094519	1.3286148	8.121839
727577303	ACC	6.367301	1.3908281	7.8012
727577313	ACC	6.4343	1.4530416	7.408777
727577322	ACC	6.5252275	1.6827525	7.006783
727577332	ACC	6.5539412	1.7928224	6.7148585
727577341	ACC	6.4965134	1.7880367	6.719644
727577351	ACC	6.4343	1.783251	6.8632135
727577360	ACC	6.24766	1.6779668	7.049854
727577370	ACC	5.9174504	1.5726827	7.303493
727577379	ACC	5.5872407	1.5631114	7.6337023
727577389	ACC	5.400601	1.5343975	8.050054
727577398	ACC	5.343173	1.5487545	8.294122
727577408	ACC	5.2953167	1.5870396	8.370692
727577417	ACC	5.194818	1.5870396	8.327621
727577427	ACC	5.0847483	1.6109679	8.227122
727577436	ACC	4.941179	1.6301104	8.155337
727577446	ACC	4.898108	1.6444674	8.0404825
727577455	ACC	5.022535	1.6779668	7.882556
727577465	ACC	5.17089	1.6971095	7.734201
727577474	ACC	5.261817	1.7306089	7.6384883
727577484	ACC	5.237889	1.7928224	7.5092754
727577493	ACC	5.218746	1.7880367	7.5475607
727577503	ACC	5.218746	1.7593229	7.7437725
727577512	ACC	5.2426744	1.7258233	8.002197
727577522	ACC	5.304888	1.7210377	8.1840515
727577531	ACC	5.328816	1.7306089	8.198408
727577541	ACC	5.3479586	1.7545372	8.107481
727577550	ACC	5.304888	1.7736797	8.045268
727577560	ACC	5.35753	1.8454645	8.050054
727577569	ACC	5.515456	1.8885353	7.9543405
727577579	ACC	5.65424	1.8646071	7.9256268
727577588	ACC	5.625526	1.7114664	8.17448
727577598	ACC	5.477171	1.6013966	8.327621
727577607	ACC	5.3814583	1.5248263	7.98784
727577617	ACC	5.304888	1.7641085	7.7389865
727577626	ACC	5.4053864	1.8215362	7.624131
727577636	ACC	5.477171	1.783251	7.652845
727577645	ACC	5.4963136	1.7641085	7.9351983
727577655	ACC	5.491528	1.7162521	8.241479
727577664	ACC	5.4963136	1.7018951	8.456834
727577674	ACC	5.453243	1.6971095	8.432905
727577683	ACC	5.3910294	1.7784654	8.318049
