727633867	ACC	3.912265	1.8837496	8.858828
727633886	ACC	4.113262	1.9698912	8.619545
727633905	ACC	4.1036906	1.9986051	8.533403
727633924	ACC	3.8117664	1.8885353	8.753544
727633943	ACC	3.4241292	1.783251	9.078967
727633962	ACC	3.5724843	1.7688942	9.198608
727633981	ACC	3.802195	1.878964	9.02154
727634000	ACC	3.8261235	1.9363917	8.72483
727634019	ACC	3.7543387	1.9028922	8.729615
727634038	ACC	3.7208393	1.8550358	8.729615
727634057	ACC	3.7208393	1.8741783	8.720044
727634076	ACC	3.7208393	1.9028922	8.906684
727634095	ACC	3.682554	1.9172492	9.026325
727634114	ACC	3.7734814	1.931606	8.916255
727634133	ACC	3.830909	1.9555343	8.854042
727634152	ACC	3.9026937	1.9938195	8.7679
727634171	ACC	3.926622	1.9890338	8.739186
727634190	ACC	3.7686956	2.0033908	8.676973
727634209	ACC	3.629912	1.9698912	8.681759
727634228	ACC	3.65384	1.9651057	8.791828
727634247	ACC	3.8787656	2.012962	8.834899
727634266	ACC	3.9074793	2.027319	8.758329
727634285	ACC	3.76391	2.0177476	8.777472
727634304	ACC	3.6634114	1.9842482	8.863613
727634323	ACC	3.5820556	1.9172492	8.901898
727634342	ACC	3.6011982	1.9411774	8.935398
727634361	ACC	3.6346977	1.9986051	8.748757
727634380	ACC	3.6394832	2.0368903	8.667402
727634399	ACC	3.644269	2.0464616	8.720044
727634418	ACC	3.5676985	2.0847468	8.906684
727634437	ACC	3.5246277	1.8646071	8.638688
727634456	ACC	3.7974095	2.25703	8.495118
727634587	ACC	4.17069	1.96032	7.327421
727634597	ACC	4.534399	1.9028922	7.1359954
727634606	ACC	4.8454657	1.8454645	7.1024957
727634616	ACC	5.0177493	1.8215362	7.030711
727634625	ACC	5.113462	1.8646071	6.8919272
727634635	ACC	5.2283173	1.8837496	6.7722864
727634644	ACC	5.419743	1.931606	6.6765733
727634654	ACC	5.3383875	1.8454645	6.470791
727634663	ACC	5.06082	1.7688942	6.1645093
727634673	ACC	5.046463	1.9507487	5.8630137
727634682	ACC	5.276174	2.2187448	5.6907306
727634692	ACC	5.276174	2.405385	5.7194443
727634701	ACC	5.5968122	2.4340987	5.451448
727634711	ACC	5.6877394	2.5345974	5.13081
727634720	ACC	6.094519	2.7595227	5.0015974
727634729	ACC	6.381658	2.8695927	4.886742
727634739	ACC	6.530013	2.9605198	4.805386
727634748	ACC	6.812366	2.8695927	4.690531
727634758	ACC	7.109076	3.281158	4.369892
727634767	ACC	7.1569324	3.6496527	4.1401815
727634777	ACC	7.54457	3.673581	3.795615
727634786	ACC	7.1042905	3.7980077	3.293122
727634796	ACC	7.2095747	3.874578	3.0107691
727634805	ACC	7.1808605	3.9128633	2.6039891
727634815	ACC	7.257431	3.8841493	2.417349
727634824	ACC	7.1425757	3.8937206	2.2019951
727634834	ACC	7.1186476	3.8315072	2.0249262
727634843	ACC	6.984649	3.8650067	1.7904296
727634853	ACC	7.003792	3.9128633	1.6707884
727634862	ACC	7.219146	4.0612183	1.541576
727634872	ACC	7.759924	4.11386	1.2209377
727634881	ACC	8.58784	4.0420756	0.8572287
727634891	ACC	9.454042	3.9367914	0.5796613
727634900	ACC	10.152746	3.92722	0.7615158
727634910	ACC	10.516456	3.92722	1.1778669
727634919	ACC	10.626525	3.8602211	1.4410775
727634929	ACC	10.655239	3.7740796	1.5320047
727634938	ACC	10.683953	3.821936	1.4841483
727634948	ACC	10.679168	3.9750767	1.3692927
727634957	ACC	10.679168	4.1425743	0.9912268
727634967	ACC	10.741381	4.243073	0.33080772
727634976	ACC	10.746166	4.2574296	-0.3056831
727634986	ACC	10.602597	4.2574296	-0.56410795
727634995	ACC	10.4016	4.2335014	-0.5880362
727635005	ACC	10.372886	4.171288	-0.34396824
727635014	ACC	10.387243	4.0707893	0.05802595
727635024	ACC	10.358529	3.9942193	0.39780676
727635033	ACC	10.24846	3.9224346	0.52223355
727635043	ACC	10.090533	3.8697925	0.45044887
727635052	ACC	9.980463	3.821936	0.19202402
727635062	ACC	9.851251	3.6640096	-0.08554341
727635071	ACC	9.65504	3.4486556	-0.33918262
727635081	ACC	9.353543	3.214159	-0.45882374
727635090	ACC	8.975478	2.9557343	-0.5066802
727635100	ACC	8.702696	2.649453	-0.52582276
727635109	ACC	8.506484	2.3575284	-0.5736792
727635119	ACC	8.4347	2.0895324	-0.65024954
727635128	ACC	8.472985	1.8502501	-0.76989067
727635138	ACC	8.563912	1.6540387	-0.927817
727635147	ACC	8.606983	1.4386846	-1.0953146
727635157	ACC	8.578269	1.2137593	-1.2867404
727635166	ACC	8.544769	0.9553344	-1.4111671
727635176	ACC	8.472985	0.6681957	-1.4877375
727635185	ACC	8.382058	0.41455653	-1.4877375
727635195	ACC	8.248059	0.14177474	-1.4829519
727635204	ACC	8.166703	-0.10229317	-1.4685949
727635214	ACC	8.080562	-0.28893334	-1.3968102
727635223	ACC	8.085348	-0.42771706	-1.3393825
727635233	ACC	8.209774	-0.590429	-1.2771691
727635242	ACC	8.367701	-0.73399836	-1.1431711
727635252	ACC	8.444271	-0.8679964	-1.0522437
727635261	ACC	8.492127	-1.0737791	-1.0522437
727635271	ACC	8.3581295	-1.250848	-1.1335998
727635280	ACC	8.018349	-1.1455638	-1.0570294
727635290	ACC	7.9513497	-1.2412767	-0.69332033
727635299	ACC	8.032705	-1.5332011	-0.6550352
727635309	ACC	8.142776	-1.6528423	-0.71246296
727635318	ACC	8.29113	-1.7294126	-0.60717875
727635328	ACC	8.472985	-1.8490537	-0.50189453
727635337	ACC	8.62134	-1.9447666	-0.43010986
727635347	ACC	8.76491	-2.0117657	-0.36789647
727635356	ACC	8.922835	-2.0835502	-0.32482567
727635366	ACC	9.147761	-2.1649063	-0.3152544
727635375	ACC	9.367901	-2.2271197	-0.3152544
727635385	ACC	9.521041	-2.2319052	-0.36311084
727635394	ACC	9.640682	-2.2701905	-0.48275197
727635404	ACC	9.846465	-2.3371894	-0.5880362
727635413	ACC	10.057034	-2.3611178	-0.631107
727635423	ACC	10.191031	-2.3754747	-0.71246296
727635432	ACC	10.291531	-2.423331	-0.8033902
727635442	ACC	10.358529	-2.4616163	-0.98524475
727635451	ACC	10.4016	-2.5286152	-1.0139586
727635461	ACC	10.597812	-2.5908287	-1.0809577
727635470	ACC	10.813166	-2.653042	-1.0283155
727635480	ACC	10.975878	-2.6961129	-0.9708878
727635489	ACC	11.196017	-2.7008986	-0.927817
727635499	ACC	11.320444	-2.7343981	-0.91346
727635508	ACC	11.4018	-2.7296124	-0.90388876
727635518	ACC	11.473584	-2.7391837	-0.85124665
727635527	ACC	11.5932255	-2.7631118	-1.1001002
727635537	ACC	11.58844	-2.7822545	-0.76510507
727635546	ACC	11.765509	-2.7583263	-0.6693921
727635556	ACC	11.91865	-2.7631118	-0.6837491
727635565	ACC	11.980863	-2.7439694	-0.7507481
727635575	ACC	12.004791	-2.7008986	-0.86560357
727635584	ACC	12.052648	-2.6913273	-1.0235299
727635594	ACC	12.023933	-2.667399	-1.2771691
727635603	ACC	11.88515	-2.6195426	-1.5643078
727635613	ACC	11.827723	-2.5860431	-1.7557336
727635622	ACC	11.770294	-2.5908287	-1.8753748
727635632	ACC	11.641082	-2.571686	-1.9040886
727635641	ACC	11.4353	-2.5094728	-1.8562322
727635651	ACC	11.13859	-2.480759	-1.736591
727635660	ACC	10.899307	-2.519044	-1.6265212
727635670	ACC	10.669596	-2.533401	-1.5643078
727635679	ACC	10.535598	-2.5812573	-1.5403795
727635689	ACC	10.487741	-2.6195426	-1.5020944
727635698	ACC	10.392029	-2.6051857	-1.5499508
727635708	ACC	10.387243	-2.5956144	-1.655235
727635717	ACC	10.411171	-2.614757	-1.7270198
727635727	ACC	10.411171	-2.5764718	-1.7605193
727635736	ACC	10.339387	-2.466402	-1.7940187
727635746	ACC	10.358529	-2.4281168	-1.8227327
727635755	ACC	10.420743	-2.437688	-1.8610178
727635765	ACC	10.4016	-2.41376	-1.7700906
727635774	ACC	10.396814	-2.370689	-1.6935202
727635784	ACC	10.47817	-2.437688	-1.6935202
727635793	ACC	10.602597	-2.5094728	-1.6743777
727635803	ACC	10.655239	-2.614757	-1.6887345
727635812	ACC	10.51167	-2.6769702	-1.6456637
727635822	ACC	10.301102	-2.653042	-1.4638093
727635831	ACC	10.152746	-2.6386852	-1.3058829
727635841	ACC	10.033105	-2.6099713	-1.1479566
727635850	ACC	9.994821	-2.571686	-0.9661021
727635860	ACC	10.033105	-2.504687	-0.8225328
727635869	ACC	10.047462	-2.4281168	-0.76989067
727635879	ACC	9.999606	-2.3276181	-0.7363912
727635888	ACC	9.927821	-2.3467607	-0.74117684
727635898	ACC	9.779466	-2.4329023	-0.76989067
727635907	ACC	9.578469	-2.5094728	-0.7938189
727635917	ACC	9.353543	-2.629114	-0.75553375
727635926	ACC	9.190832	-2.7391837	-0.68853474
727635936	ACC	9.109476	-2.8827531	-0.5832505
727635945	ACC	9.128618	-3.0358937	-0.56410795
727635955	ACC	9.186047	-3.0646076	-0.4109673
727635964	ACC	9.363115	-3.165106	-0.15254244
727635974	ACC	9.626326	-3.2368908	-0.27218357
727635983	ACC	9.84168	-3.3661032	-0.45882374
727635993	ACC	9.961321	-3.4331024	-0.5401797
727636002	ACC	10.042677	-3.4857445	-0.6646065
727636012	ACC	9.9038925	-3.4761732	-0.8560323
727636021	ACC	9.674182	-3.3852458	-0.927817
727636031	ACC	9.473185	-3.2991042	-0.8560323
727636040	ACC	9.315259	-3.260819	-0.7268199
727636050	ACC	9.272188	-3.2656047	-0.5736792
727636059	ACC	9.253045	-3.260819	-0.3487539
727636069	ACC	9.348758	-3.3469608	-0.12861422
727636078	ACC	9.645468	-3.5527434	0.048454657
727636088	ACC	9.851251	-3.6245282	0.12023934
727636097	ACC	9.980463	-3.638885	0.1680958
727636107	ACC	10.090533	-3.5958142	0.18245272
727636116	ACC	10.133604	-3.571886	0.12981063
727636126	ACC	10.133604	-3.6005998	5.9820566E-4
727636135	ACC	10.066605	-3.5958142	-0.109471634
727636145	ACC	9.879965	-3.5623147	-0.123828575
727636154	ACC	9.640682	-3.5431721	-0.061615184
727636164	ACC	9.482756	-3.519244	0.034097724
727636173	ACC	9.391829	-3.5383866	0.17288144
727636183	ACC	9.348758	-3.5958142	0.28295127
727636192	ACC	9.334401	-3.6293137	0.4121637
727636202	ACC	9.32483	-3.705884	0.50787663
727636211	ACC	9.35833	-3.7537405	0.53180486
727636221	ACC	9.391829	-3.7393837	0.57487565
727636230	ACC	9.473185	-3.638885	0.49351966
727636240	ACC	9.631111	-3.6053855	0.33080772
727636249	ACC	9.875179	-3.6867416	0.20638095
727636259	ACC	10.052248	-3.7633119	-0.008973085
727636268	ACC	10.042677	-3.734598	-0.19561325
727636278	ACC	9.894321	-3.5479577	-0.5736792
727636287	ACC	9.856036	-3.3613176	-1.0283155
727636297	ACC	9.961321	-3.1507492	-1.4350954
727636306	ACC	10.109675	-3.00718	-1.7653049
727636316	ACC	10.329815	-2.9353952	-2.076372
727636325	ACC	10.578669	-2.9880373	-2.2725832
727636335	ACC	10.779666	-3.0646076	-2.440081
727636344	ACC	10.827522	-3.112464	-2.5262225
727636354	ACC	10.73181	-3.1507492	-2.5357938
727636363	ACC	10.597812	-3.1459637	-2.4735804
727636373	ACC	10.482956	-3.2416766	-2.39701
727636382	ACC	10.387243	-3.3517463	-2.3682961
727636392	ACC	10.320244	-3.4666018	-2.2342982
727636401	ACC	10.281959	-3.610171	-1.9184456
727636411	ACC	10.195817	-3.6867416	-1.655235
727636420	ACC	10.10489	-3.758526	-1.4590236
727636430	ACC	10.047462	-3.8446677	-1.3250256
727636439	ACC	9.990034	-3.8590248	-1.2819548
727636449	ACC	9.91825	-3.8398821	-1.3106686
727636458	ACC	9.870394	-3.8015969	-1.4255241
727636468	ACC	9.769895	-3.7537405	-1.521237
727636477	ACC	9.645468	-3.6819558	-1.5738791
727636487	ACC	9.51147	-3.5814574	-1.588236
727636496	ACC	9.35833	-3.49053	-1.5834504
727636506	ACC	9.267402	-3.4187453	-1.5547365
727636515	ACC	9.195618	-3.3804603	-1.4590236
727636525	ACC	9.128618	-3.313461	-1.3920245
727636534	ACC	9.004191	-3.2081769	-1.3537394
727636544	ACC	8.865408	-3.0933216	-1.238884
727636553	ACC	8.721839	-3.0215368	-1.1192428
727636563	ACC	8.563912	-2.949752	-1.0570294
727636572	ACC	8.367701	-2.89711	-0.98524475
727636582	ACC	8.176275	-2.868396	-0.8895318
727636591	ACC	7.9704924	-2.868396	-0.7746763
727636601	ACC	7.812566	-2.858825	-0.6693921
727636610	ACC	7.6402826	-2.8205397	-0.55453664
727636620	ACC	7.5493555	-2.7966115	-0.45882374
727636629	ACC	7.5637126	-2.8396823	-0.36789647
727636639	ACC	7.54457	-2.8253253	-0.35353956
727636648	ACC	7.5493555	-2.801397	-0.32961133
727636658	ACC	7.635497	-2.8253253	-0.32961133
727636667	ACC	7.769495	-2.8492537	-0.40618163
727636677	ACC	7.84128	-2.8492537	-0.5066802
727636686	ACC	7.9130645	-2.8253253	-0.5688936
727636696	ACC	7.9513497	-2.7726831	-0.6693921
727636705	ACC	7.984849	-2.7343981	-0.85124665
727636715	ACC	8.085348	-2.7535408	-1.076172
727636724	ACC	8.185846	-2.7631118	-1.2963116
727636734	ACC	8.262417	-2.7296124	-1.372882
727636743	ACC	8.343773	-2.71047	-1.4015958
727636753	ACC	8.391629	-2.6961129	-1.4733806
727636762	ACC	8.444271	-2.7391837	-1.4877375
727636772	ACC	8.453842	-2.7535408	-1.4877375
727636781	ACC	8.458628	-2.7631118	-1.4638093
727636791	ACC	8.492127	-2.7918258	-1.4063815
727636800	ACC	8.535198	-2.8061829	-1.3537394
727636810	ACC	8.611769	-2.8205397	-1.3106686
727636819	ACC	8.688339	-2.8540392	-1.2484552
727636829	ACC	8.745767	-2.8253253	-1.2149557
727636838	ACC	8.678768	-2.8253253	-1.1527423
727636848	ACC	8.640483	-2.8396823	-1.1240284
727636857	ACC	8.58784	-2.858825	-1.1240284
727636867	ACC	8.559127	-2.8779674	-1.0474582
727636876	ACC	8.58784	-2.9066813	-0.98524475
727636886	ACC	8.678768	-2.9545379	-0.9708878
727636895	ACC	8.755338	-2.9545379	-0.93260264
727636905	ACC	8.860622	-3.0023942	-0.9421739
727636914	ACC	8.989835	-3.0358937	-0.99960166
727636924	ACC	9.042477	-3.0550363	-1.1144571
727636933	ACC	9.152547	-3.0358937	-1.1527423
727636943	ACC	9.3200445	-3.016751	-1.2580265
727636952	ACC	9.377472	-2.964109	-1.3824533
727636962	ACC	9.454042	-2.9066813	-1.4542379
727636971	ACC	9.521041	-2.9066813	-1.5499508
727636981	ACC	9.568898	-2.9114668	-1.6073786
727636990	ACC	9.592826	-2.8923244	-1.669592
727637000	ACC	9.597611	-2.8731818	-1.655235
727637009	ACC	9.702896	-2.8444679	-1.6217356
727637019	ACC	9.77468	-2.8253253	-1.588236
727637028	ACC	9.879965	-2.7822545	-1.5643078
727637038	ACC	9.966106	-2.7631118	-1.5260227
727637047	ACC	9.970892	-2.7152555	-1.4781662
727637056	ACC	10.004392	-2.71047	-1.4638093
727637066	ACC	10.090533	-2.6865416	-1.4925231
727637075	ACC	10.157532	-2.6865416	-1.535594
727637085	ACC	10.157532	-2.6769702	-1.5643078
727637094	ACC	10.143175	-2.6961129	-1.5930216
727637104	ACC	10.152746	-2.7439694	-1.6217356
727637113	ACC	10.10489	-2.7391837	-1.6217356
727637123	ACC	10.095319	-2.7726831	-1.5834504
727637132	ACC	10.191031	-2.8492537	-1.5547365
727637142	ACC	10.210175	-2.8540392	-1.4877375
727637151	ACC	10.195817	-2.8492537	-1.4255241
727637161	ACC	10.258031	-2.89711	-1.3776677
727637170	ACC	10.372886	-2.8923244	-1.2963116
727637180	ACC	10.463814	-2.858825	-1.2149557
727637189	ACC	10.535598	-2.7918258	-1.1479566
727637199	ACC	10.631311	-2.777469	-1.1479566
727637208	ACC	10.597812	-2.7535408	-1.1958131
727637218	ACC	10.497313	-2.7248268	-1.1958131
727637227	ACC	10.3441725	-2.7343981	-1.1527423
727637237	ACC	10.152746	-2.7248268	-1.0570294
727637246	ACC	9.985249	-2.7391837	-0.9517452
727637256	ACC	9.84168	-2.748755	-0.8129615
727637265	ACC	9.836894	-2.7535408	-0.6646065
727637275	ACC	9.84168	-2.7439694	-0.5832505
727637284	ACC	9.803394	-2.6865416	-0.4779663
727637294	ACC	9.750752	-2.653042	-0.38703907
727637303	ACC	9.669396	-2.6099713	-0.43489552
727637313	ACC	9.554541	-2.614757	-0.55453664
727637322	ACC	9.382257	-2.5812573	-0.65982085
727637332	ACC	9.267402	-2.6004	-0.779462
727637341	ACC	9.190832	-2.5764718	-0.8847462
727637351	ACC	9.138189	-2.5429723	-0.9661021
727637360	ACC	9.195618	-2.5429723	-1.0283155
727637370	ACC	9.276974	-2.5477579	-1.0713863
727637379	ACC	9.334401	-2.571686	-1.1431711
727637389	ACC	9.410972	-2.571686	-1.1527423
727637398	ACC	9.468399	-2.5764718	-1.1192428
727637408	ACC	9.554541	-2.5908287	-1.1144571
727637417	ACC	9.58804	-2.5525436	-1.0522437
727637427	ACC	9.650253	-2.4951158	-0.97567344
727637436	ACC	9.726824	-2.4616163	-0.9421739
727637446	ACC	9.84168	-2.4568307	-0.8991031
727637455	ACC	9.961321	-2.466402	-0.846461
727637465	ACC	10.037891	-2.5094728	-0.83688974
727637474	ACC	10.033105	-2.5525436	-0.8225328
727637484	ACC	10.090533	-2.6434708	-0.93738824
727637493	ACC	10.080962	-2.6386852	-0.85124665
727637503	ACC	10.191031	-2.629114	-0.779462
727637512	ACC	10.291531	-2.6338995	-0.779462
727637522	ACC	10.406385	-2.6961129	-0.7746763
727637531	ACC	10.459028	-2.6961129	-0.75553375
727637541	ACC	10.473385	-2.6721847	-0.779462
727637550	ACC	10.444671	-2.6386852	-0.7890333
727637560	ACC	10.363315	-2.5812573	-0.78424764
727637569	ACC	10.224531	-2.5286152	-0.8033902
727637579	ACC	9.994821	-2.4568307	-0.84167534
727637588	ACC	9.77468	-2.4041886	-0.8703892
727637598	ACC	9.5353985	-2.3754747	-0.846461
727637607	ACC	9.396614	-2.4041886	-0.75553375
727637617	ACC	9.454042	-2.5238297	-0.69332033
727637626	ACC	9.669396	-2.7152555	-0.59760743
727637636	ACC	9.789038	-2.748755	-0.5736792
727637645	ACC	9.875179	-2.7918258	-0.6789634
727637655	ACC	9.95175	-2.8396823	-0.84167534
727637664	ACC	9.961321	-2.8779674	-1.0331012
727637674	ACC	9.899107	-2.9018958	-1.1766706
727637683	ACC	9.765109	-2.9545379	-1.2484552
727637693	ACC	9.611969	-2.978466	-1.2436695
727637702	ACC	9.396614	-3.0311081	-1.2197413
727637712	ACC	9.238688	-3.074179	-1.0953146
727637721	ACC	9.133404	-3.1555347	-0.86560357
727637731	ACC	9.190832	-3.1890345	-0.62153566
727637740	ACC	9.257831	-3.19382	-0.3822534
727637750	ACC	9.353543	-3.141178	-0.2434697
727637759	ACC	9.47797	-3.0933216	-0.2434697
727637769	ACC	9.602397	-3.0598218	-0.4109673
727637778	ACC	9.712467	-2.992823	-0.5880362
727637788	ACC	9.769895	-2.9880373	-0.7507481
727637797	ACC	9.812965	-2.9832516	-0.8751749
727637807	ACC	9.8321085	-2.9880373	-0.9086744
727637816	ACC	9.827323	-3.0119655	-0.93260264
727637826	ACC	9.836894	-3.0358937	-0.93738824
727637835	ACC	9.827323	-3.0311081	-0.9182457
727637845	ACC	9.8321085	-3.0215368	-0.87996054
727637854	ACC	9.84168	-2.978466	-0.82731843
727637864	ACC	9.875179	-2.9114668	-0.8321041
727637873	ACC	9.946963	-2.8779674	-0.8560323
727637883	ACC	10.023534	-2.8875387	-0.8703892
727637892	ACC	10.033105	-2.868396	-0.86081797
727637902	ACC	10.052248	-2.8923244	-0.85124665
727637911	ACC	10.052248	-2.9545379	-0.8321041
727637921	ACC	10.061819	-3.00718	-0.846461
727637930	ACC	10.009177	-3.0646076	-0.8751749
727637940	ACC	9.932607	-3.126821	-0.8895318
727637949	ACC	9.875179	-3.2273195	-0.9613165
727637959	ACC	9.77468	-3.2991042	-0.99960166
727637968	ACC	9.659825	-3.3182468	-0.98524475
727637978	ACC	9.497113	-3.3373895	-0.927817
727637987	ACC	9.410972	-3.370889	-0.92303133
727637997	ACC	9.343972	-3.3613176	-0.8991031
727638006	ACC	9.29133	-3.3469608	-0.86081797
727638016	ACC	9.32483	-3.2703903	-0.8751749
727638025	ACC	9.449257	-3.222534	-0.9182457
727638035	ACC	9.47797	-3.1698918	-0.99960166
727638044	ACC	9.391829	-3.074179	-1.1048858
727638054	ACC	9.262616	-2.9736803	-1.1910275
727638063	ACC	9.123833	-2.9353952	-1.2963116
727638073	ACC	9.008977	-2.8875387	-1.3202399
727638082	ACC	8.927621	-2.858825	-1.2963116
727638092	ACC	8.889337	-2.858825	-1.2771691
727638101	ACC	8.889337	-2.9162526	-1.2436695
727638111	ACC	8.841479	-2.9449666	-1.1958131
727638120	ACC	8.750552	-2.9880373	-1.1001002
727638130	ACC	8.664411	-3.016751	-1.0666007
727638139	ACC	8.62134	-3.0406795	-1.076172
727638149	ACC	8.573483	-3.0502508	-1.0522437
727638158	ACC	8.563912	-3.0119655	-1.0666007
727638168	ACC	8.530413	-2.9736803	-1.0857433
727638177	ACC	8.563912	-2.949752	-1.1527423
727638187	ACC	8.58784	-2.9162526	-1.2197413
727638196	ACC	8.568698	-2.8540392	-1.2628121
727638206	ACC	8.535198	-2.8061829	-1.3537394
727638215	ACC	8.530413	-2.8061829	-1.4303098
727638225	ACC	8.573483	-2.8205397	-1.4877375
727638234	ACC	8.549556	-2.8109684	-1.5499508
727638244	ACC	8.520842	-2.8348966	-1.5643078
727638253	ACC	8.492127	-2.8492537	-1.521237
727638263	ACC	8.425129	-2.8492537	-1.4638093
727638272	ACC	8.391629	-2.8540392	-1.3824533
727638282	ACC	8.372486	-2.8540392	-1.3058829
727638291	ACC	8.353344	-2.815754	-1.1766706
727638301	ACC	8.32463	-2.7726831	-1.1048858
727638310	ACC	8.32463	-2.7296124	-1.0857433
727638320	ACC	8.3581295	-2.7056842	-1.0378869
727638329	ACC	8.458628	-2.6721847	-1.0474582
727638339	ACC	8.592627	-2.6865416	-1.076172
727638348	ACC	8.755338	-2.6721847	-1.1383854
727638358	ACC	8.91805	-2.7008986	-1.1670992
727638367	ACC	9.02812	-2.7391837	-1.238884
727638377	ACC	9.128618	-2.8061829	-1.3393825
727638386	ACC	9.21476	-2.8636105	-1.3202399
727638396	ACC	9.272188	-2.8779674	-1.2771691
727638405	ACC	9.296116	-2.8923244	-1.2436695
727638415	ACC	9.329616	-2.8923244	-1.2053844
727638424	ACC	9.372686	-2.8875387	-1.1766706
727638434	ACC	9.430114	-2.858825	-1.1718849
727638443	ACC	9.454042	-2.830111	-1.1623136
727638453	ACC	9.492328	-2.8109684	-1.1335998
727638462	ACC	9.47797	-2.7822545	-1.1192428
727638472	ACC	9.410972	-2.7343981	-1.1192428
727638481	ACC	9.329616	-2.7391837	-1.0570294
727638491	ACC	9.262616	-2.7391837	-1.0331012
727638500	ACC	9.171689	-2.7631118	-0.994816
727638510	ACC	9.128618	-2.7918258	-0.90388876
727638519	ACC	9.138189	-2.8109684	-0.80817586
727638529	ACC	9.209974	-2.8205397	-0.7507481
727638538	ACC	9.281759	-2.7966115	-0.69332033
727638548	ACC	9.343972	-2.7439694	-0.69332033
727638557	ACC	9.410972	-2.6913273	-0.74596244
727638567	ACC	9.410972	-2.5956144	-0.8033902
727638576	ACC	9.410972	-2.533401	-0.8895318
727638586	ACC	9.377472	-2.5094728	-0.9421739
727638595	ACC	9.315259	-2.4903302	-1.0043873
727638605	ACC	9.224331	-2.4999015	-1.0474582
727638614	ACC	9.200403	-2.562115	-1.0283155
727638624	ACC	9.209974	-2.6482565	-0.994816
727638633	ACC	9.219545	-2.7343981	-1.0091729
727638643	ACC	9.29133	-2.8253253	-1.0091729
727638652	ACC	9.391829	-2.8779674	-0.99960166
727638662	ACC	9.501899	-2.9018958	-1.0666007
727638671	ACC	9.573684	-2.9018958	-1.1240284
727638681	ACC	9.583255	-2.868396	-1.2340983
727638690	ACC	9.5353985	-2.8061829	-1.3393825
727638700	ACC	9.444471	-2.7678976	-1.4494523
727638709	ACC	9.377472	-2.7583263	-1.4685949
727638719	ACC	9.32483	-2.7966115	-1.521237
727638728	ACC	9.300901	-2.8205397	-1.521237
727638738	ACC	9.281759	-2.8827531	-1.4829519
727638747	ACC	9.281759	-2.9688947	-1.4542379
727638757	ACC	9.253045	-3.045465	-1.439881
727638766	ACC	9.24826	-3.0885358	-1.4446666
727638776	ACC	9.315259	-3.141178	-1.4063815
727638785	ACC	9.425328	-3.1890345	-1.3202399
727638795	ACC	9.492328	-3.1842487	-1.2532408
727638804	ACC	9.568898	-3.1746774	-1.2053844
727638814	ACC	9.611969	-3.165106	-1.1862419
727638823	ACC	9.611969	-3.141178	-1.1910275
727638833	ACC	9.6071825	-3.126821	-1.21017
727638842	ACC	9.592826	-3.112464	-1.2053844
727638852	ACC	9.611969	-3.1076784	-1.1431711
727638861	ACC	9.616755	-3.1028929	-1.0666007
727638871	ACC	9.650253	-3.074179	-1.0043873
727638880	ACC	9.678967	-3.0502508	-0.91346
727638890	ACC	9.693324	-3.0263224	-0.7890333
727638899	ACC	9.674182	-2.9880373	-0.70289165
727638909	ACC	9.6071825	-2.9545379	-0.6406783
727638918	ACC	9.516255	-2.949752	-0.5066802
727638928	ACC	9.482756	-2.9401808	-0.43968117
727638937	ACC	9.473185	-2.9353952	-0.37268212
727638947	ACC	9.521041	-2.964109	-0.27218357
727638956	ACC	9.578469	-2.964109	-0.24825534
727638966	ACC	9.611969	-2.964109	-0.22432712
727638975	ACC	9.635897	-2.9114668	-0.23389842
727638985	ACC	9.674182	-2.868396	-0.32961133
727638994	ACC	9.688539	-2.8540392	-0.43489552
727639004	ACC	9.702896	-2.8396823	-0.5210371
727639013	ACC	9.707682	-2.8205397	-0.5832505
727639023	ACC	9.760324	-2.7966115	-0.65982085
727639032	ACC	9.865608	-2.7870402	-0.7220342
727639042	ACC	9.927821	-2.7439694	-0.7507481
727639051	ACC	9.999606	-2.6482565	-0.8177471
727639061	ACC	10.037891	-2.5860431	-0.92303133
727639070	ACC	10.042677	-2.5142584	-1.0331012
727639080	ACC	10.033105	-2.466402	-1.1192428
727639089	ACC	10.013963	-2.41376	-1.1814562
727639099	ACC	10.042677	-2.3946173	-1.238884
727639108	ACC	10.1288185	-2.4185455	-1.2484552
727639118	ACC	10.210175	-2.4329023	-1.2053844
727639127	ACC	10.229317	-2.4855444	-1.1718849
727639137	ACC	10.267602	-2.4903302	-1.1048858
727639146	ACC	10.277173	-2.504687	-1.0570294
727639156	ACC	10.291531	-2.5429723	-1.0426725
727639165	ACC	10.253245	-2.571686	-0.99960166
727639175	ACC	10.205389	-2.5764718	-0.95653087
727639184	ACC	10.21496	-2.6769702	-0.9182457
727639194	ACC	10.277173	-2.7870402	-0.8847462
727639203	ACC	10.339387	-2.8348966	-0.86081797
727639213	ACC	10.348958	-2.858825	-0.8560323
727639222	ACC	10.425529	-2.8779674	-0.86560357
727639232	ACC	10.463814	-2.858825	-0.9182457
727639241	ACC	10.463814	-2.7822545	-1.0091729
727639251	ACC	10.4016	-2.720041	-1.1001002
727639260	ACC	10.277173	-2.6482565	-1.1862419
727639270	ACC	10.1288185	-2.614757	-1.2867404
727639279	ACC	9.88475	-2.5956144	-1.3393825
727639289	ACC	9.683753	-2.614757	-1.2723835
727639298	ACC	9.47797	-2.667399	-1.1048858
727639308	ACC	9.281759	-2.7678976	-0.87996054
727639317	ACC	9.119047	-2.8540392	-0.6550352
727639327	ACC	8.99462	-2.9114668	-0.45882374
727639336	ACC	8.913264	-3.00718	-0.32482567
727639346	ACC	8.985049	-3.126821	-0.21475583
727639355	ACC	9.052048	-3.2177482	-0.10468599
727639365	ACC	9.119047	-3.2081769	-0.08075777
727639374	ACC	9.238688	-3.2033913	-0.16211374
727639384	ACC	9.396614	-3.2273195	-0.3822534
727639393	ACC	9.51147	-3.2273195	-0.59760743
727639403	ACC	9.65504	-3.251248	-0.71724856
727639412	ACC	9.84168	-3.2368908	-0.7938189
727639422	ACC	10.004392	-3.19382	-0.86560357
727639431	ACC	10.152746	-3.1220353	-0.9517452
727639441	ACC	10.2723875	-3.0598218	-1.090529
727639450	ACC	10.339387	-3.0263224	-1.2867404
727639460	ACC	10.301102	-2.9832516	-1.4781662
727639469	ACC	10.229317	-2.9736803	-1.5786648
727639479	ACC	10.191031	-3.074179	-1.5834504
727639488	ACC	10.133604	-3.1603205	-1.4973087
727639498	ACC	10.076176	-3.2321053	-1.3776677
727639507	ACC	10.028319	-3.2799616	-1.2293127
727639517	ACC	9.994821	-3.3613176	-1.0713863
727639526	ACC	9.942178	-3.4570305	-0.97567344
727639536	ACC	9.875179	-3.4809587	-0.9182457
727639545	ACC	9.77468	-3.5383866	-0.86560357
727639555	ACC	9.645468	-3.5958142	-0.8847462
727639564	ACC	9.549755	-3.6723845	-0.9182457
727639574	ACC	9.468399	-3.7106698	-0.9182457
727639583	ACC	9.444471	-3.7633119	-0.90388876
727639593	ACC	9.468399	-3.8063827	-0.8751749
727639602	ACC	9.458828	-3.78724	-0.86560357
727639612	ACC	9.430114	-3.7728832	-0.91346
727639621	ACC	9.401401	-3.7441692	-1.0091729
727639631	ACC	9.29133	-3.6484563	-1.0953146
727639640	ACC	9.099904	-3.5958142	-1.1814562
727639650	ACC	8.932407	-3.5431721	-1.2340983
727639659	ACC	8.812766	-3.4809587	-1.2484552
727639669	ACC	8.702696	-3.4522448	-1.2149557
727639678	ACC	8.645268	-3.4426737	-1.1048858
727639688	ACC	8.544769	-3.4187453	-0.99960166
727639697	ACC	8.439486	-3.4283166	-0.9182457
727639707	ACC	8.310273	-3.4043884	-0.85124665
727639716	ACC	8.17149	-3.3756745	-0.7938189
727639726	ACC	8.075776	-3.342175	-0.7268199
727639735	ACC	7.9944205	-3.3230324	-0.698106
727639745	ACC	7.908279	-3.3038898	-0.6646065
727639754	ACC	7.8173513	-3.313461	-0.6646065
727639764	ACC	7.7551384	-3.3182468	-0.65024954
727639773	ACC	7.716853	-3.3278182	-0.6550352
727639783	ACC	7.688139	-3.3613176	-0.7076773
727639792	ACC	7.6546397	-3.3326037	-0.7603194
727639802	ACC	7.649854	-3.3038898	-0.8225328
727639811	ACC	7.7407813	-3.2847474	-0.9517452
727639821	ACC	7.865208	-3.246462	-1.1001002
727639830	ACC	8.02792	-3.1890345	-1.2340983
727639840	ACC	8.243274	-3.2129626	-1.3633107
727639849	ACC	8.343773	-3.1316066	-1.4303098
727639859	ACC	8.405986	-3.1076784	-1.4973087
727639868	ACC	8.453842	-3.0789645	-1.5690935
727639878	ACC	8.535198	-3.0789645	-1.6313069
727639887	ACC	8.635697	-3.0837502	-1.6504494
727639897	ACC	8.707481	-3.098107	-1.6648064
727639906	ACC	8.793623	-3.074179	-1.6791633
727639916	ACC	8.841479	-3.045465	-1.7078772
727639925	ACC	8.865408	-3.0263224	-1.683949
727639935	ACC	8.903693	-3.0215368	-1.6217356
727639944	ACC	8.879765	-3.0119655	-1.5738791
727639954	ACC	8.879765	-3.0263224	-1.4829519
727639963	ACC	8.879765	-3.0598218	-1.3441681
727639973	ACC	8.841479	-3.0646076	-1.2293127
727639982	ACC	8.855837	-3.0837502	-1.1096715
727639992	ACC	8.88455	-3.112464	-0.99960166
727640001	ACC	8.937193	-3.1459637	-0.927817
727640011	ACC	8.99462	-3.1986058	-0.9086744
727640020	ACC	8.999406	-3.246462	-0.90388876
727640030	ACC	9.085547	-3.313461	-0.95653087
727640039	ACC	9.109476	-3.3517463	-1.0235299
727640049	ACC	9.128618	-3.3852458	-1.0474582
727640058	ACC	9.200403	-3.4283166	-1.1048858
727640068	ACC	9.296116	-3.4570305	-1.1479566
727640077	ACC	9.396614	-3.4426737	-1.1718849
727640087	ACC	9.468399	-3.399603	-1.1623136
727640096	ACC	9.506684	-3.3852458	-1.1910275
727640106	ACC	9.564112	-3.3373895	-1.2053844
727640115	ACC	9.631111	-3.342175	-1.238884
727640125	ACC	9.722038	-3.3326037	-1.238884
727640134	ACC	9.784252	-3.260819	-1.2340983
727640144	ACC	9.860822	-3.2368908	-1.2197413
727640153	ACC	9.942178	-3.2656047	-1.1766706
727640163	ACC	10.018748	-3.260819	-1.1910275
727640172	ACC	10.066605	-3.3182468	-1.1431711
727640182	ACC	10.147961	-3.4139597	-1.0713863
727640191	ACC	10.191031	-3.4522448	-1.0235299
727640201	ACC	10.238888	-3.4474592	-0.95653087
727640210	ACC	10.277173	-3.370889	-0.8991031
727640220	ACC	10.277173	-3.246462	-0.8560323
727640229	ACC	10.320244	-3.074179	-0.84167534
727640239	ACC	10.2723875	-2.8779674	-0.85124665
727640248	ACC	10.195817	-2.720041	-0.9086744
727640258	ACC	10.133604	-2.5908287	-0.97567344
727640267	ACC	9.990034	-2.480759	-1.0426725
727640277	ACC	9.798609	-2.437688	-1.0666007
727640286	ACC	9.549755	-2.423331	-1.1001002
727640296	ACC	9.343972	-2.4759731	-1.076172
727640305	ACC	9.190832	-2.5573292	-1.0187442
727640315	ACC	9.128618	-2.6626134	-0.9182457
727640324	ACC	9.152547	-2.7822545	-0.82731843
727640334	ACC	9.209974	-2.9066813	-0.78424764
727640343	ACC	9.286545	-2.978466	-0.7316055
727640353	ACC	9.372686	-3.0311081	-0.7363912
727640362	ACC	9.468399	-3.00718	-0.8225328
727640372	ACC	9.549755	-2.9449666	-0.97567344
727640381	ACC	9.62154	-2.8731818	-1.1527423
727640391	ACC	9.683753	-2.830111	-1.3489537
727640400	ACC	9.793823	-2.8253253	-1.535594
727640410	ACC	9.923036	-2.8253253	-1.6313069
727640419	ACC	10.009177	-2.8061829	-1.655235
727640429	ACC	10.033105	-2.7870402	-1.6791633
727640438	ACC	10.028319	-2.7583263	-1.6743777
727640448	ACC	9.985249	-2.7391837	-1.6169499
727640457	ACC	9.88475	-2.6961129	-1.535594
727640467	ACC	9.750752	-2.6961129	-1.4063815
727640476	ACC	9.626326	-2.7296124	-1.2340983
727640486	ACC	9.482756	-2.7439694	-1.0522437
727640495	ACC	9.391829	-2.7391837	-0.8895318
727640505	ACC	9.329616	-2.777469	-0.7938189
727640514	ACC	9.286545	-2.801397	-0.7220342
727640524	ACC	9.224331	-2.7678976	-0.6358926
727640533	ACC	9.238688	-2.7248268	-0.6119644
727640543	ACC	9.1669035	-2.6578279	-0.65982085
727640552	ACC	9.128618	-2.6195426	-0.7076773
727640562	ACC	9.042477	-2.5908287	-0.76989067
727640571	ACC	8.985049	-2.6051857	-0.8129615
727640581	ACC	8.932407	-2.5908287	-0.779462
727640590	ACC	8.932407	-2.5812573	-0.71246296
727640600	ACC	8.965906	-2.5908287	-0.6693921
727640609	ACC	9.018549	-2.6195426	-0.59282184
727640619	ACC	9.123833	-2.6434708	-0.4971089
727640628	ACC	9.286545	-2.5860431	-0.46839502
727640638	ACC	9.468399	-2.5238297	-0.4779663
727640647	ACC	9.669396	-2.4711876	-0.5688936
727640657	ACC	9.851251	-2.423331	-0.75553375
727640666	ACC	10.018748	-2.3898315	-0.9182457
727640676	ACC	10.119247	-2.370689	-1.0331012
727640685	ACC	10.124033	-2.3228326	-1.1288141
727640695	ACC	10.080962	-2.318047	-1.2053844
727640704	ACC	10.037891	-2.332404	-1.238884
727640714	ACC	9.985249	-2.2989044	-1.2580265
727640723	ACC	10.013963	-2.30369	-1.3106686
727640733	ACC	10.076176	-2.289333	-1.3298112
727640742	ACC	10.133604	-2.2845473	-1.387239
727640752	ACC	10.253245	-2.2845473	-1.4494523
727640761	ACC	10.3441725	-2.265405	-1.5308083
727640771	ACC	10.420743	-2.2606192	-1.6456637
727640780	ACC	10.482956	-2.3084757	-1.7653049
727640790	ACC	10.420743	-2.3611178	-1.8562322
727640799	ACC	10.286744	-2.423331	-1.8658035
727640809	ACC	10.095319	-2.4999015	-1.8370895
727640818	ACC	9.889536	-2.5573292	-1.6456637
727640828	ACC	9.731609	-2.5812573	-1.3537394
727640837	ACC	9.65504	-2.6004	-1.0522437
727640847	ACC	9.669396	-2.5764718	-0.8177471
727640856	ACC	9.755538	-2.5381866	-0.65024954
727640866	ACC	9.84168	-2.5094728	-0.5832505
727640875	ACC	9.932607	-2.4568307	-0.5736792
727640885	ACC	9.9756775	-2.3898315	-0.69332033
727640894	ACC	9.980463	-2.370689	-0.85124665
727640904	ACC	9.942178	-2.3754747	-0.99003035
727640913	ACC	9.894321	-2.4089742	-1.076172
727640922	ACC	9.822537	-2.4568307	-1.1001002
727640932	ACC	9.836894	-2.533401	-1.0474582
727640941	ACC	9.846465	-2.5956144	-0.9708878
727640951	ACC	9.908679	-2.6865416	-0.90388876
727640960	ACC	10.037891	-2.8348966	-0.8847462
727640970	ACC	10.143175	-2.9114668	-0.9086744
727640979	ACC	10.258031	-2.9545379	-0.9708878
727640989	ACC	10.3441725	-2.9353952	-1.0857433
727640998	ACC	10.387243	-2.9353952	-1.2484552
727641008	ACC	10.459028	-2.949752	-1.4303098
727641017	ACC	10.392029	-2.9066813	-1.5643078
727641027	ACC	10.2723875	-2.8923244	-1.6456637
727641036	ACC	10.176675	-2.8731818	-1.7126628
727641046	ACC	10.10489	-2.8636105	-1.7844474
727641055	ACC	10.085748	-2.9066813	-1.7318054
727641065	ACC	10.119247	-2.9353952	-1.6169499
727641074	ACC	10.095319	-3.0023942	-1.5547365
727641084	ACC	10.076176	-3.0550363	-1.4303098
727641093	ACC	9.994821	-3.1220353	-1.3393825
727641103	ACC	9.856036	-3.1507492	-1.2963116
727641112	ACC	9.693324	-3.1698918	-1.2293127
727641122	ACC	9.516255	-3.1890345	-1.224527
727641131	ACC	9.353543	-3.2273195	-1.224527
727641141	ACC	9.21476	-3.2703903	-1.1814562
727641150	ACC	9.147761	-3.3469608	-1.1527423
727641160	ACC	9.128618	-3.4139597	-1.1862419
727641169	ACC	9.123833	-3.4522448	-1.1670992
727641179	ACC	9.066405	-3.4570305	-1.1623136
727641188	ACC	8.999406	-3.4761732	-1.1958131
727641198	ACC	8.937193	-3.5336008	-1.2675978
727641207	ACC	8.817552	-3.586243	-1.3058829
727641217	ACC	8.688339	-3.6197424	-1.3154542
727641226	ACC	8.554341	-3.6867416	-1.2915261
727641236	ACC	8.386844	-3.7250266	-1.2436695
727641245	ACC	8.2049885	-3.7106698	-1.1383854
727641255	ACC	8.099705	-3.6771703	-1.0522437
727641264	ACC	8.037491	-3.6197424	-0.99960166
727641274	ACC	8.023134	-3.557529	-0.98524475
727641283	ACC	8.042277	-3.4522448	-1.0713863
727641293	ACC	8.047063	-3.3565319	-1.1383854
727641302	ACC	8.051848	-3.2656047	-1.2053844
727641312	ACC	8.003992	-3.19382	-1.3058829
727641321	ACC	7.9226356	-3.1316066	-1.3537394
727641331	ACC	7.8317084	-3.098107	-1.3250256
727641340	ACC	7.7216387	-3.098107	-1.3298112
727641350	ACC	7.6594253	-3.1363924	-1.2915261
727641359	ACC	7.6163545	-3.1890345	-1.2149557
727641369	ACC	7.554141	-3.1986058	-1.1192428
727641378	ACC	7.515856	-3.2129626	-1.0426725
727641388	ACC	7.54457	-3.2033913	-0.97567344
727641397	ACC	7.7407813	-3.2033913	-0.97567344
727641407	ACC	7.9513497	-3.1698918	-1.0187442
727641416	ACC	8.128419	-3.1172497	-1.1575279
727641426	ACC	8.267202	-3.098107	-1.3680964
727641435	ACC	8.343773	-3.0646076	-1.5308083
727641445	ACC	8.405986	-3.0933216	-1.602593
727641454	ACC	8.496913	-3.0789645	-1.6217356
727641464	ACC	8.535198	-3.074179	-1.6600207
727641473	ACC	8.69791	-3.112464	-1.6648064
727641483	ACC	8.827123	-3.112464	-1.6743777
727641492	ACC	8.941978	-3.0789645	-1.683949
727641502	ACC	9.032906	-3.0311081	-1.6791633
727641511	ACC	9.128618	-3.0119655	-1.7222341
727641521	ACC	9.162118	-3.0023942	-1.683949
727641530	ACC	9.152547	-3.0215368	-1.6073786
727641540	ACC	9.109476	-3.074179	-1.4973087
727641549	ACC	9.0233345	-3.1316066	-1.358525
727641559	ACC	9.008977	-3.2081769	-1.224527
727641568	ACC	9.004191	-3.275176	-1.1001002
727641578	ACC	9.018549	-3.3326037	-0.9804591
727641587	ACC	9.06162	-3.4139597	-0.87996054
727641597	ACC	9.104691	-3.4283166	-0.79860455
727641606	ACC	9.200403	-3.4426737	-0.7220342
727641616	ACC	9.296116	-3.4761732	-0.6693921
727641625	ACC	9.363115	-3.4474592	-0.69332033
727641635	ACC	9.425328	-3.4666018	-0.70289165
727641644	ACC	9.521041	-3.4857445	-0.7220342
727641654	ACC	9.525827	-3.4761732	-0.8033902
727641663	ACC	9.6071825	-3.5288153	-0.8129615
727641673	ACC	9.765109	-3.5910287	-0.8225328
727641682	ACC	9.946963	-3.610171	-0.8560323
727641692	ACC	10.109675	-3.6245282	-0.9708878
727641701	ACC	10.315458	-3.6149569	-1.1001002
727641711	ACC	10.492527	-3.5766716	-1.2963116
727641720	ACC	10.616954	-3.519244	-1.4733806
727641730	ACC	10.683953	-3.423531	-1.5930216
727641739	ACC	10.674382	-3.3661032	-1.655235
727641749	ACC	10.693524	-3.313461	-1.6600207
727641758	ACC	10.7126665	-3.2943187	-1.5978073
727641768	ACC	10.69831	-3.289533	-1.4638093
727641777	ACC	10.669596	-3.2656047	-1.3106686
727641787	ACC	10.660025	-3.2560334	-1.1670992
727641796	ACC	10.73181	-3.2560334	-1.1096715
727641806	ACC	10.77488	-3.2703903	-1.0570294
727641815	ACC	10.80838	-3.2560334	-0.9708878
727641825	ACC	10.77488	-3.2560334	-0.86560357
727641834	ACC	10.73181	-3.2033913	-0.779462
727641844	ACC	10.674382	-3.19382	-0.6837491
727641853	ACC	10.549955	-3.141178	-0.5593223
727641863	ACC	10.291531	-3.0263224	-0.39661035
727641872	ACC	9.95175	-2.8779674	-0.39661035
727641882	ACC	9.602397	-2.7535408	-0.5066802
727641891	ACC	9.281759	-2.6482565	-0.698106
727641901	ACC	9.037691	-2.5908287	-0.9086744
727641910	ACC	8.865408	-2.6004	-1.0570294
727641920	ACC	8.717052	-2.6099713	-1.1001002
727641929	ACC	8.616554	-2.667399	-1.0139586
727641939	ACC	8.535198	-2.7631118	-0.89431745
727641948	ACC	8.539984	-2.7726831	-0.8321041
727641958	ACC	8.602198	-2.7822545	-0.8177471
727641967	ACC	8.745767	-2.7870402	-0.8751749
727641977	ACC	8.99462	-2.7822545	-0.9804591
727641986	ACC	9.262616	-2.7296124	-1.0713863
727641996	ACC	9.525827	-2.6578279	-1.1910275
727642005	ACC	9.726824	-2.5525436	-1.2771691
727642015	ACC	9.817751	-2.4568307	-1.358525
727642024	ACC	9.908679	-2.3898315	-1.439881
727642034	ACC	9.942178	-2.3467607	-1.4542379
727642043	ACC	9.9756775	-2.289333	-1.4111671
727642053	ACC	9.966106	-2.236691	-1.3393825
727642062	ACC	9.9756775	-2.2127628	-1.238884
727642072	ACC	10.037891	-2.1984057	-1.1479566
727642081	ACC	10.085748	-2.1361923	-1.0426725
727642091	ACC	10.147961	-2.0835502	-0.994816
727642100	ACC	10.229317	-2.0261226	-0.9613165
727642110	ACC	10.21496	-1.9878374	-0.9086744
727642119	ACC	10.210175	-1.9974087	-0.86081797
727642129	ACC	10.152746	-2.0739791	-0.8177471
727642138	ACC	10.028319	-2.1122642	-0.698106
727642148	ACC	9.961321	-2.2031915	-0.5401797
727642157	ACC	9.985249	-2.3467607	-0.38703907
727642167	ACC	10.037891	-2.4903302	-0.21954148
727642176	ACC	10.162318	-2.6434708	-0.066400826
727642186	ACC	10.258031	-2.7343981	0.014955142
727642195	ACC	10.377672	-2.8348966	0.014955142
727642205	ACC	10.482956	-2.8827531	-0.05682954
727642214	ACC	10.526027	-2.8779674	-0.20997019
727642224	ACC	10.449456	-2.858825	-0.45882374
727642233	ACC	10.3441725	-2.7822545	-0.7220342
727642243	ACC	10.305887	-2.8348966	-0.8751749
727642252	ACC	10.468599	-2.9545379	-0.9708878
727642262	ACC	10.607383	-2.9593234	-1.0522437
727642271	ACC	10.7126665	-2.9114668	-1.061815
727642281	ACC	10.7844515	-2.89711	-1.1575279
727642290	ACC	10.760524	-2.8827531	-1.3920245
727642300	ACC	10.626525	-2.8923244	-1.6073786
727642309	ACC	10.430314	-2.9018958	-1.7174485
727642319	ACC	10.229317	-2.949752	-1.7461623
727642328	ACC	10.143175	-3.098107	-1.6360924
727642338	ACC	10.147961	-3.3182468	-1.3968102
727642347	ACC	10.219746	-3.4426737	-1.1383854
727642357	ACC	10.339387	-3.5048869	-0.9661021
727642366	ACC	10.411171	-3.5383866	-0.90388876
727642376	ACC	10.4159565	-3.4809587	-0.9804591
727642385	ACC	10.358529	-3.4522448	-1.1575279
727642395	ACC	10.315458	-3.3804603	-1.3345969
727642404	ACC	10.200603	-3.2991042	-1.5164514
727642414	ACC	10.10489	-3.2368908	-1.6456637
727642423	ACC	10.037891	-3.2177482	-1.7078772
727642433	ACC	9.937392	-3.246462	-1.750948
727642442	ACC	9.846465	-3.2560334	-1.7078772
727642452	ACC	9.765109	-3.2799616	-1.6217356
727642461	ACC	9.678967	-3.2560334	-1.5260227
727642471	ACC	9.640682	-3.2321053	-1.4781662
727642480	ACC	9.659825	-3.1890345	-1.4207385
727642490	ACC	9.698111	-3.1507492	-1.4207385
727642499	ACC	9.745967	-3.0933216	-1.4446666
727642509	ACC	9.750752	-3.0550363	-1.4829519
727642518	ACC	9.760324	-3.0023942	-1.5308083
727642528	ACC	9.688539	-2.964109	-1.5260227
727642537	ACC	9.597611	-2.9162526	-1.5020944
727642547	ACC	9.497113	-2.8492537	-1.4638093
727642556	ACC	9.363115	-2.777469	-1.4159528
727642566	ACC	9.29133	-2.7296124	-1.3633107
727642575	ACC	9.276974	-2.7152555	-1.3058829
727642585	ACC	9.209974	-2.629114	-1.224527
727642594	ACC	9.119047	-2.5764718	-1.1670992
727642604	ACC	9.056833	-2.5286152	-1.1001002
727642613	ACC	9.013762	-2.466402	-1.1001002
727642623	ACC	8.975478	-2.423331	-1.0522437
727642632	ACC	8.937193	-2.4089742	-0.99960166
727642642	ACC	8.879765	-2.3946173	-1.0283155
727642651	ACC	8.855837	-2.437688	-1.0283155
727642661	ACC	8.740981	-2.4424736	-1.0378869
727642670	ACC	8.659625	-2.437688	-1.0474582
727642680	ACC	8.626125	-2.4281168	-1.0809577
727642689	ACC	8.678768	-2.437688	-1.1144571
727642699	ACC	8.745767	-2.3946173	-1.1479566
727642708	ACC	8.76491	-2.3228326	-1.1862419
727642718	ACC	8.7984085	-2.2175484	-1.238884
727642727	ACC	8.822337	-2.1314068	-1.2675978
727642737	ACC	8.822337	-2.0452652	-1.3250256
727642746	ACC	8.841479	-1.9878374	-1.3680964
727642756	ACC	8.855837	-1.9878374	-1.372882
727642765	ACC	8.846265	-2.00698	-1.3633107
727642775	ACC	8.831908	-2.0261226	-1.372882
727642784	ACC	8.831908	-2.0835502	-1.358525
727642794	ACC	8.827123	-2.126621	-1.3393825
727642803	ACC	8.807981	-2.1744776	-1.3393825
727642813	ACC	8.812766	-2.1936202	-1.3441681
727642822	ACC	8.831908	-2.2271197	-1.3058829
727642832	ACC	8.874979	-2.2127628	-1.3154542
727642841	ACC	8.95155	-2.2031915	-1.3010973
727642851	ACC	8.989835	-2.1505494	-1.2723835
727642860	ACC	8.965906	-2.0931215	-1.2436695
727642870	ACC	8.937193	-2.021337	-1.2436695
727642879	ACC	8.879765	-1.9543378	-1.2484552
727642889	ACC	8.817552	-1.8921245	-1.238884
727642898	ACC	8.817552	-1.8251255	-1.2436695
727642908	ACC	8.822337	-1.7389839	-1.2580265
727642917	ACC	8.807981	-1.6767704	-1.2580265
727642927	ACC	8.73141	-1.6336997	-1.2915261
727642936	ACC	8.645268	-1.5810575	-1.3154542
727642946	ACC	8.530413	-1.5714862	-1.372882
727642955	ACC	8.4347	-1.5667006	-1.387239
727642965	ACC	8.367701	-1.5810575	-1.372882
727642974	ACC	8.382058	-1.6002002	-1.3824533
727642984	ACC	8.4012	-1.628914	-1.3537394
727642993	ACC	8.425129	-1.6671991	-1.3489537
727643003	ACC	8.420342	-1.7054844	-1.3633107
727643012	ACC	8.425129	-1.7150556	-1.4063815
727643022	ACC	8.520842	-1.7102699	-1.4446666
727643031	ACC	8.669196	-1.7294126	-1.5020944
727643041	ACC	8.774481	-1.7102699	-1.5930216
727643050	ACC	8.898908	-1.6815561	-1.6456637
727643060	ACC	9.008977	-1.6528423	-1.683949
727643069	ACC	9.114262	-1.6576279	-1.7844474
727643079	ACC	9.200403	-1.7150556	-1.8945173
727643088	ACC	9.363115	-1.7485552	-1.9280169
727643098	ACC	9.521041	-1.8538394	-1.9854445
727643107	ACC	9.597611	-1.8634106	-2.0093727
727643117	ACC	9.640682	-1.8681962	-1.9806589
727643126	ACC	9.650253	-1.9351953	-1.9806589
727643136	ACC	9.597611	-2.0021944	-1.9758734
727643145	ACC	9.501899	-2.059622	-1.8514465
727643155	ACC	9.410972	-2.1314068	-1.6600207
727643164	ACC	9.377472	-2.2223341	-1.4925231
727643174	ACC	9.396614	-2.2941186	-1.2963116
727643183	ACC	9.47797	-2.3515465	-1.1240284
727643193	ACC	9.525827	-2.437688	-1.0713863
727643202	ACC	9.530613	-2.504687	-1.0283155
727643212	ACC	9.51147	-2.5573292	-1.0091729
727643221	ACC	9.468399	-2.6004	-0.9804591
727643231	ACC	9.406186	-2.6386852	-0.93738824
727643240	ACC	9.329616	-2.7439694	-0.87996054
727643250	ACC	9.315259	-2.8348966	-0.8129615
727643259	ACC	9.348758	-2.9306095	-0.7268199
727643269	ACC	9.387043	-2.992823	-0.6454639
727643278	ACC	9.473185	-3.0406795	-0.5593223
727643288	ACC	9.583255	-3.0837502	-0.5162515
727643297	ACC	9.626326	-3.0789645	-0.50189453
727643307	ACC	9.631111	-3.0311081	-0.5353941
727643316	ACC	9.597611	-2.9976087	-0.61675006
727643325	ACC	9.564112	-3.00718	-0.7268199
727643335	ACC	9.549755	-3.0406795	-0.8177471
727643344	ACC	9.573684	-3.0885358	-0.86081797
727643354	ACC	9.65504	-3.1986058	-0.8751749
727643363	ACC	9.726824	-3.260819	-0.90388876
727643373	ACC	9.741181	-3.2560334	-0.91346
727643382	ACC	9.784252	-3.2177482	-0.89431745
727643392	ACC	9.779466	-3.1698918	-0.91346
727643401	ACC	9.836894	-3.074179	-0.9517452
727643411	ACC	9.879965	-2.992823	-0.97567344
727643420	ACC	9.856036	-2.8492537	-0.95653087
727643430	ACC	9.750752	-2.71047	-0.9517452
727643439	ACC	9.631111	-2.6386852	-0.9421739
727643449	ACC	9.487542	-2.6338995	-0.9182457
727643458	ACC	9.420543	-2.6769702	-0.93260264
727643468	ACC	9.401401	-2.7726831	-0.8703892
727643477	ACC	9.348758	-2.8205397	-0.74117684
727643487	ACC	9.391829	-2.9210382	-0.631107
727643496	ACC	9.434899	-3.0023942	-0.5736792
727643506	ACC	9.487542	-3.0837502	-0.549751
727643515	ACC	9.54497	-3.1220353	-0.5353941
727643525	ACC	9.578469	-3.0885358	-0.5593223
727643534	ACC	9.674182	-3.0550363	-0.631107
727643544	ACC	9.846465	-3.0406795	-0.7507481
727643553	ACC	10.023534	-3.0023942	-0.90388876
727643563	ACC	10.176675	-2.9066813	-1.0570294
727643572	ACC	10.210175	-2.7918258	-1.1910275
727643582	ACC	10.219746	-2.7296124	-1.3489537
727643591	ACC	10.24846	-2.6721847	-1.4590236
727643601	ACC	10.224531	-2.6386852	-1.5308083
727643610	ACC	10.195817	-2.6004	-1.5451652
727643620	ACC	10.229317	-2.5812573	-1.4781662
727643629	ACC	10.210175	-2.5573292	-1.3393825
727643639	ACC	10.234102	-2.5764718	-1.2005987
727643648	ACC	10.210175	-2.533401	-1.0713863
727643658	ACC	10.133604	-2.4903302	-0.95653087
727643667	ACC	10.07139	-2.4472594	-0.89431745
727643677	ACC	9.999606	-2.452045	-0.8751749
727643686	ACC	9.942178	-2.466402	-0.78424764
727643696	ACC	9.894321	-2.480759	-0.6837491
727643705	ACC	9.88475	-2.5094728	-0.55453664
727643715	ACC	9.942178	-2.519044	-0.43489552
727643724	ACC	9.970892	-2.562115	-0.36311084
727643734	ACC	10.009177	-2.5381866	-0.25782663
727643743	ACC	10.028319	-2.5094728	-0.24825534
727643753	ACC	10.076176	-2.4616163	-0.26739794
727643762	ACC	10.061819	-2.3802602	-0.27696922
727643772	ACC	10.076176	-2.2989044	-0.32004002
727643781	ACC	10.061819	-2.2558336	-0.42053857
727643791	ACC	10.009177	-2.1888344	-0.4779663
727643800	ACC	9.946963	-2.155335	-0.48275197
727643810	ACC	9.894321	-2.1649063	-0.48753762
727643819	ACC	9.875179	-2.207977	-0.5066802
727643829	ACC	9.860822	-2.2031915	-0.48275197
727643838	ACC	9.875179	-2.2462623	-0.43489552
727643848	ACC	9.91825	-2.2510478	-0.43968117
727643857	ACC	9.942178	-2.289333	-0.51146585
727643867	ACC	9.980463	-2.318047	-0.5832505
727643876	ACC	10.167104	-2.4472594	-0.6454639
727643886	ACC	10.444671	-2.5860431	-0.74596244
727643895	ACC	10.616954	-2.6338995	-0.779462
727643905	ACC	10.803595	-2.6578279	-0.80817586
727643914	ACC	10.918449	-2.6721847	-0.93738824
727643924	ACC	10.904093	-2.6386852	-1.1096715
727643933	ACC	10.798809	-2.6099713	-1.2340983
727643943	ACC	10.602597	-2.5573292	-1.2723835
727643952	ACC	10.420743	-2.4951158	-1.2628121
727643962	ACC	10.267602	-2.480759	-1.1575279
727643971	ACC	10.109675	-2.504687	-0.97567344
727643981	ACC	10.004392	-2.5142584	-0.6646065
727643990	ACC	9.994821	-2.5908287	-0.37268212
727644000	ACC	9.999606	-2.681756	-0.15732808
727644009	ACC	10.114461	-2.8205397	-0.023330022
727644019	ACC	10.13839	-2.8779674	0.04366901
727644028	ACC	10.157532	-2.89711	-0.018544376
727644038	ACC	10.210175	-2.9114668	-0.19082761
727644047	ACC	10.147961	-2.9162526	-0.42053857
727644057	ACC	10.047462	-2.9353952	-0.6023931
727644066	ACC	9.927821	-2.9688947	-0.7268199
727644076	ACC	9.851251	-3.0119655	-0.7363912
727644085	ACC	9.889536	-3.1076784	-0.68853474
727644095	ACC	10.07139	-3.246462	-0.6263213
727644104	ACC	10.21496	-3.2991042	-0.59760743
727644114	ACC	10.238888	-3.2560334	-0.65024954
727644123	ACC	10.291531	-3.2368908	-0.76989067
727644133	ACC	10.315458	-3.2273195	-0.97567344
727644142	ACC	10.210175	-3.165106	-1.1575279
727644152	ACC	10.037891	-3.0646076	-1.2628121
727644161	ACC	9.870394	-3.0119655	-1.3010973
727644171	ACC	9.707682	-2.9832516	-1.2771691
727644180	ACC	9.525827	-3.016751	-1.224527
727644190	ACC	9.449257	-3.0885358	-1.0809577
727644199	ACC	9.377472	-3.1698918	-0.846461
727644209	ACC	9.3200445	-3.2273195	-0.60717875
727644218	ACC	9.281759	-3.2943187	-0.43968117
727644228	ACC	9.272188	-3.3373895	-0.37746778
727644237	ACC	9.257831	-3.3326037	-0.35832518
727644247	ACC	9.272188	-3.370889	-0.4444668
727644256	ACC	9.257831	-3.3756745	-0.5880362
727644266	ACC	9.18126	-3.399603	-0.78424764
727644275	ACC	9.133404	-3.3613176	-0.9613165
727644285	ACC	9.123833	-3.3373895	-1.1048858
727644294	ACC	9.119047	-3.313461	-1.2149557
727644304	ACC	9.085547	-3.2177482	-1.2915261
727644313	ACC	9.0951185	-3.1316066	-1.3202399
727644323	ACC	9.209974	-3.0502508	-1.3298112
727644332	ACC	9.396614	-2.8875387	-1.3106686
727644342	ACC	9.602397	-2.7343981	-1.3393825
727644351	ACC	9.8321085	-2.5908287	-1.3968102
727644361	ACC	9.999606	-2.5477579	-1.4973087
727644370	ACC	10.047462	-2.4616163	-1.5738791
727644380	ACC	10.033105	-2.4089742	-1.5834504
727644389	ACC	10.013963	-2.3515465	-1.5690935
727644399	ACC	9.985249	-2.3371894	-1.5308083
727644408	ACC	9.95175	-2.3419752	-1.4446666
727644418	ACC	9.851251	-2.3611178	-1.3441681
727644427	ACC	9.745967	-2.356332	-1.2867404
727644437	ACC	9.635897	-2.3754747	-1.1670992
727644446	ACC	9.506684	-2.3467607	-1.0953146
727644456	ACC	9.353543	-2.332404	-1.0043873
727644465	ACC	9.219545	-2.2941186	-0.9182457
727644475	ACC	9.099904	-2.2606192	-0.846461
727644484	ACC	8.99462	-2.2606192	-0.7746763
727644494	ACC	8.932407	-2.2510478	-0.68853474
727644503	ACC	8.879765	-2.236691	-0.62153566
727644513	ACC	8.846265	-2.2414765	-0.61675006
727644522	ACC	8.740981	-2.207977	-0.59760743
727644532	ACC	8.6548395	-2.1649063	-0.6023931
727644541	ACC	8.530413	-2.1122642	-0.6454639
727644551	ACC	8.429914	-2.0787647	-0.6789634
727644560	ACC	8.405986	-2.035694	-0.7603194
727644570	ACC	8.396415	-2.0452652	-0.779462
727644579	ACC	8.4012	-2.0548365	-0.846461
727644589	ACC	8.367701	-2.0021944	-0.91346
727644598	ACC	8.334201	-1.9160527	-0.9708878
727644608	ACC	8.353344	-1.8490537	-0.9804591
727644617	ACC	8.544769	-1.6959131	-1.0091729
727644627	ACC	8.894122	-1.494916	-1.1335998
727644636	ACC	9.305687	-1.3369896	-1.1958131
727644646	ACC	9.856036	-1.1551352	-1.1383854
727644655	ACC	10.291531	-1.0211371	-1.0474582
727644665	ACC	10.454242	-0.8392825	-0.9517452
727644674	ACC	10.660025	-0.69092757	-0.8225328
727644684	ACC	10.803595	-0.5377869	-0.62153566
727644693	ACC	10.985449	-0.34157544	-0.3822534
727644703	ACC	11.191232	-0.064008005	-0.20997019
727644712	ACC	11.569298	0.16570297	-0.22432712
727644722	ACC	11.947364	0.5102694	-0.32004002
727644731	ACC	12.349358	0.8979067	-0.6358926
727644741	ACC	12.799209	1.1754742	-0.927817
727644750	ACC	13.186846	1.4721842	-1.076172
727644760	ACC	13.354343	1.6779668	-0.99003035
727644769	ACC	13.301702	1.8071793	-0.9613165
727644779	ACC	12.947563	1.9986051	-0.92303133
727644788	ACC	12.397214	2.1517458	-1.0235299
727644798	ACC	12.090933	2.4005992	-0.59760743
727644807	ACC	12.090933	2.3814569	-0.028115666
727644817	ACC	12.110075	2.108675	-1.2484552
727644826	ACC	11.282159	2.2809582	-0.13339986
727644836	ACC	11.133803	2.137389	1.5367904
727644845	ACC	10.760524	2.079961	2.594418
727644855	ACC	10.549955	2.3288147	3.1974092
727644864	ACC	10.406385	2.3814569	4.049254
727644874	ACC	10.2723875	2.295315	4.7096734
727644883	ACC	9.9038925	2.2474587	4.929813
727644893	ACC	9.372686	2.2522442	4.886742
727644902	ACC	8.812766	2.1996021	5.0590253
727644912	ACC	8.367701	2.1517458	4.767101
727644921	ACC	7.9369926	2.0368903	5.0973105
727644931	ACC	7.405786	2.0033908	5.738587
727644940	ACC	7.1808605	2.0321047	5.2887363
727644950	ACC	6.908079	1.878964	5.389235
727644959	ACC	6.5108705	1.8215362	5.9347982
727644969	ACC	6.161518	1.9986051	6.489933
727644978	ACC	6.084948	2.0225334	7.073782
727644988	ACC	6.0323057	1.797608	7.346564
727644997	ACC	5.8217373	1.7497516	7.4662046
727645007	ACC	5.5393844	1.7018951	7.758129
727645016	ACC	5.2283173	1.6588243	7.7533436
727645026	ACC	5.06082	1.6157535	7.6289167
727645035	ACC	4.9028935	1.5774683	7.437491
727645045	ACC	4.773681	1.5439688	7.0929246
727645054	ACC	4.7784667	1.4482559	6.8536425
727645064	ACC	4.7976093	1.4051851	6.5282183
727645073	ACC	4.7114677	1.2664014	6.6239314
727645083	ACC	4.4434714	1.2759727	6.7052875
727645092	ACC	4.24726	1.3046865	6.8249283
727645102	ACC	4.1084766	1.3046865	7.274779
727645111	ACC	4.0941195	1.5296118	7.2412796
727645121	ACC	4.2041893	1.500898	6.9158554
727645130	ACC	4.2855453	1.4338989	6.8727846
727645140	ACC	4.1754756	1.3573287	7.0019975
727645149	ACC	3.897908	1.2951152	7.279565
727645159	ACC	3.5820556	1.2089736	7.6289167
727645168	ACC	3.3954153	1.0941181	7.9351983
727645178	ACC	4.022335	1.1515459	7.9016986
727645187	ACC	3.7974095	1.2951152	7.872985
727645197	ACC	4.1180477	1.2664014	7.7629147
727645206	ACC	4.3908296	1.2376875	7.719844
727645216	ACC	4.2759743	1.3477573	7.7820573
727645225	ACC	4.046263	1.4099708	7.8490562
727645235	ACC	3.8835511	1.4003994	7.9016986
727645244	ACC	3.778267	1.2903296	8.126624
727645254	ACC	3.615555	1.2424731	8.313264
727645263	ACC	3.2757742	1.1659029	8.408977
727645273	ACC	2.9742785	1.204188	8.418549
727645282	ACC	2.6919255	1.1802598	8.485547
727645292	ACC	2.5962126	1.2568301	8.404191
727645301	ACC	2.6009982	1.3477573	8.351549
727645311	ACC	2.6488547	1.3669	8.370692
727645320	ACC	2.629712	1.3908281	8.447262
727645330	ACC	2.644069	1.3621143	8.375478
727645339	ACC	2.6201408	1.4243277	8.322835
727645349	ACC	2.7206392	1.5343975	8.246265
727645358	ACC	2.9359934	1.5774683	8.1840515
727645368	ACC	3.1848469	1.6971095	8.050054
727645377	ACC	3.3667014	1.8454645	7.9160557
727645387	ACC	3.35713	1.945963	7.882556
727645396	ACC	3.1609187	2.0416758	7.8921275
727645406	ACC	2.993421	2.0416758	8.054839
727645415	ACC	2.87378	1.9890338	8.332407
727645425	ACC	2.7349963	1.9794625	8.624331
727645434	ACC	2.5914268	1.9028922	8.834899
727645444	ACC	2.3856442	2.0512471	9.725029
727645453	ACC	2.4335005	1.6875381	9.820743
727645463	ACC	2.5004997	1.1228321	8.5525465
727645472	ACC	2.1702902	1.7401803	8.107481
727645482	ACC	2.4239295	2.25703	8.026125
727645491	ACC	3.2039895	2.2139592	7.973483
727645501	ACC	3.8117664	2.3288147	8.121839
727645510	ACC	4.046263	2.5058835	8.447262
727645520	ACC	3.9696927	2.6015964	8.648259
